5.78741e-09 5.95396e-15 4.29514e-06
5.8738e-08 3.33166e-13 8.58285e-06
5.86595e-07 1.45059e-11 3.56977e-05
4.6076e-06 3.38009e-10 8.97843e-05
5.86875e-06 4.61297e-10 0.000114002
2.3369e-05 3.31505e-09 0.000192532
7.39119e-05 1.62978e-08 0.000292274
0.000147358 4.17301e-08 0.000330144
0.000152693 4.34471e-08 0.000292479
0.000165528 4.67976e-08 0.000304172
0.000294481 1.01986e-07 0.000463041
0.000466785 1.89679e-07 0.00054542
0.000739961 3.52227e-07 0.00041641
0.000792747 3.70702e-07 0.000446592
0.000859333 4.13069e-07 0.00055442
0.000931697 4.48502e-07 0.00055104
0.00117285 6.10601e-07 0.000697128
0.00147667 8.31244e-07 0.000750516
0.0017323 1.02935e-06 0.000535855
0.00185963 1.08409e-06 0.000525282
0.00294795 2.00733e-06 0.000908255
0.00467391 3.71532e-06 0.00105104
0.00633042 5.56999e-06 0.00091467
0.0070765 6.16755e-06 0.00093479
0.00933155 8.92099e-06 0.00127133
0.0117504 1.21316e-05 0.00137956
0.0154948 1.7543e-05 0.00122736
0.0177925 2.00421e-05 0.00125466
0.0234638 2.89812e-05 0.00164107
0.0295474 3.94039e-05 0.00177172
0.0354913 5.03041e-05 0.00128079
0.0389653 5.38549e-05 0.00125817
0.0549487 8.51279e-05 0.00191362
0.0590129 9.27925e-05 0.00199187
0.0713035 0.000119369 0.00114686
0.0787306 0.000125461 0.00110854
0.10265 0.000178607 0.00176378
0.112568 0.000193736 0.00180901
0.132297 0.000240204 0.00240921
0.146764 0.000275794 0.00181491
0.15911 0.000293738 0.00177613
0.191354 0.000375514 0.00260957
0.227502 0.000472769 0.000973271
0.245257 0.000484229 0.000805937
0.256566 0.000495831 0.00103354
0.268397 0.000508152 0.00104919
0.280773 0.000521236 0.00106507
0.293719 0.00053513 0.0010812
0.307263 0.000549885 0.00109757
0.321432 0.000565555 0.00111419
0.336253 0.000582195 0.00113106
0.351758 0.000599866 0.00114818
0.367978 0.000618631 0.00116556
0.384946 0.000638559 0.00118321
0.402697 0.000659722 0.00120112
0.421266 0.000682195 0.00121931
0.440691 0.000706061 0.00123777
0.461012 0.000731406 0.00125651
0.48227 0.00075832 0.00127553
0.504508 0.000786902 0.00129484
0.527771 0.000817254 0.00131445
0.552107 0.000849487 0.00133435
0.577566 0.000883717 0.00135455
0.604198 0.000920067 0.00137506
0.632059 0.000958668 0.00139588
0.661204 0.000999662 0.00141701
0.691693 0.00104319 0.00143847
0.723588 0.00108942 0.00146024
0.756953 0.00113852 0.00148235
0.791857 0.00119065 0.00150479
0.828371 0.00124602 0.00152758
0.866568 0.00130481 0.00155071
0.906527 0.00136725 0.00157418
0.948328 0.00143355 0.00159802
0.992057 0.00150396 0.00162221
1.0378 0.00157874 0.00164677
1.08566 0.00165815 0.0016717
1.13572 0.00174247 0.00169701
1.18809 0.00183202 0.00172271
1.24287 0.00192712 0.00174879
1.30018 0.00202811 0.00177526
1.36014 0.00213535 0.00180214
1.42285 0.00224924 0.00182943
1.48846 0.00237018 0.00185712
1.5571 0.00249862 0.00188524
1.6289 0.00263501 0.00191378
1.70401 0.00277985 0.00194276
1.78258 0.00293367 0.00197217
1.86478 0.00309701 0.00200203
1.95077 0.00327047 0.00203234
2.04072 0.00345468 0.00206311
2.13482 0.0036503 0.00209435
2.23326 0.00385804 0.00212606
2.33624 0.00407865 0.00215824
2.44396 0.00431292 0.00219092
2.55666 0.00456171 0.00222409
2.67455 0.00482591 0.00225776
2.79788 0.00510648 0.00229195
2.92689 0.00540443 0.00232665
3.06185 0.00572083 0.00236187
3.20304 0.00605684 0.00239763
3.35074 0.00641366 0.00243393
3.50524 0.00679259 0.00247078
3.66688 0.00719499 0.00250819
3.83596 0.00762232 0.00254616
4.01284 0.00807613 0.00258471
4.19788 0.00855804 0.00262385
4.39145 0.00906982 0.00266357
4.59395 0.00961329 0.0027039
4.80578 0.0101904 0.00274483
5.02738 0.0108033 0.00278639
5.2592 0.0114542 0.00282858
5.50171 0.0121454 0.0028714
5.7554 0.0128794 0.00291488
6.02079 0.0136589 0.00295901
6.29841 0.0144866 0.00300381
6.58884 0.0153657 0.00304928
6.89266 0.0162992 0.00309545
7.21049 0.0172905 0.00314232
7.54298 0.0183433 0.00318989
7.8908 0.0194612 0.00323819
8.25465 0.0206484 0.00328721
8.63529 0.0219092 0.00333698
9.03347 0.0232481 0.0033875
9.45002 0.0246699 0.00343879
9.88577 0.0261798 0.00349085
10.3416 0.0277832 0.00354371
10.8185 0.029486 0.00359736
11.3173 0.0312942 0.00365182
11.8392 0.0332145 0.00370711
12.3851 0.0352537 0.00376324
12.9562 0.0374193 0.00382021
13.5536 0.039719 0.00387805
14.1786 0.0421611 0.00393677
14.8324 0.0447546 0.00399637
15.5164 0.0475087 0.00405687
16.2318 0.0504335 0.00411829
16.9803 0.0535394 0.00418065
17.7633 0.0568378 0.00424394
18.5824 0.0603405 0.0043082
19.4392 0.0640601 0.00437342
20.3356 0.0680102 0.00443964
21.2733 0.072205 0.00450685
22.2543 0.0766597 0.00457509
23.2804 0.0813904 0.00464435
24.3539 0.0864141 0.00471467
25.4769 0.091749 0.00478605
26.6517 0.0974144 0.00485851
27.8806 0.103431 0.00493207
29.1662 0.10982 0.00500674
30.5111 0.116605 0.00508254
31.9181 0.12381 0.00515949
33.3898 0.131462 0.00523761
34.9295 0.139587 0.00531691
36.5401 0.148216 0.0053974
38.225 0.15738 0.00547912
39.9877 0.167111 0.00556208
41.8315 0.177445 0.00564629
43.7605 0.188419 0.00573177
45.7783 0.200073 0.00581855
47.8892 0.212449 0.00590664
50.0974 0.225592 0.00599607
52.4075 0.239549 0.00608685
54.8241 0.254371 0.00617901
57.3521 0.27011 0.00627256
59.9967 0.286825 0.00636752
62.7632 0.304575 0.00646393
65.6573 0.323425 0.00656179
68.6849 0.343443 0.00666114
71.852 0.364701 0.00676199
75.1652 0.387275 0.00686552
75.1652 0.387275 0.00686451
75.6528 0.390639 0.00693302
76.1436 0.394059 0.00700199
76.6376 0.397535 0.00707144
77.1348 0.401068 0.00714136
77.6352 0.404659 0.00721176
78.1388 0.408309 0.00728265
78.6457 0.412019 0.00735402
79.1559 0.415789 0.00742588
79.6694 0.419621 0.00749823
80.1863 0.423515 0.00757108
80.7065 0.427473 0.00764443
81.23 0.431495 0.00771828
81.757 0.435582 0.00779264
82.2874 0.439735 0.00786751
82.8212 0.443955 0.0079429
83.3585 0.448243 0.0080188
83.8993 0.4526 0.00809523
84.4436 0.457027 0.00817218
84.9914 0.461525 0.00824966
85.5428 0.466095 0.00832767
86.0977 0.470738 0.00840623
86.6563 0.475455 0.00848532
87.2184 0.480248 0.00856496
87.7842 0.485117 0.00864514
88.3537 0.490063 0.00872588
88.9269 0.495088 0.00880718
89.5038 0.500192 0.00888903
90.0845 0.505378 0.00897145
90.6689 0.510645 0.00905444
91.2571 0.515995 0.00913801
91.8491 0.52143 0.00922215
92.4449 0.526951 0.00930687
93.0447 0.532558 0.00939218
93.6483 0.538253 0.00947807
94.2558 0.544037 0.00956456
94.8673 0.549912 0.00965165
95.4827 0.555879 0.00973935
96.1021 0.56194 0.00982765
96.7256 0.568094 0.00991656
97.3531 0.574345 0.0100061
97.9847 0.580693 0.0100962
98.6203 0.58714 0.010187
99.2601 0.593686 0.0102784
99.904 0.600335 0.0103704
100.552 0.607086 0.0104631
101.204 0.613941 0.0105564
101.861 0.620903 0.0106504
102.522 0.627972 0.010745
103.187 0.63515 0.0108403
103.856 0.642439 0.0109362
104.53 0.64984 0.0110328
105.208 0.657355 0.0111301
105.891 0.664985 0.0112281
106.578 0.672732 0.0113267
107.269 0.680597 0.011426
107.965 0.688583 0.0115261
108.665 0.696692 0.0116268
109.37 0.704924 0.0117282
110.08 0.713281 0.0118303
110.794 0.721766 0.0119331
111.513 0.730381 0.0120367
112.236 0.739126 0.012141
112.964 0.748004 0.012246
113.697 0.757017 0.0123517
114.435 0.766167 0.0124582
115.177 0.775456 0.0125654
115.924 0.784885 0.0126734
116.676 0.794457 0.0127821
117.433 0.804173 0.0128916
118.195 0.814036 0.0130018
118.962 0.824048 0.0131129
119.734 0.834211 0.0132247
120.51 0.844527 0.0133373
121.292 0.854999 0.0134506
122.079 0.865627 0.0135648
122.871 0.876416 0.0136798
123.668 0.887366 0.0137956
124.47 0.898481 0.0139122
125.278 0.909762 0.0140296
126.091 0.921212 0.0141478
126.909 0.932834 0.0142669
127.732 0.944629 0.0143868
128.561 0.956601 0.0145075
129.395 0.968751 0.0146291
130.234 0.981082 0.0147516
131.079 0.993598 0.0148749
131.929 1.0063 0.0149991
132.785 1.01919 0.0151242
133.646 1.03227 0.0152501
134.513 1.04555 0.0153769
135.386 1.05902 0.0155047
136.264 1.0727 0.0156333
137.148 1.08658 0.0157628
138.038 1.10066 0.0158933
138.934 1.11495 0.0160247
139.835 1.12945 0.016157
140.742 1.14417 0.0162902
141.655 1.1591 0.0164244
142.574 1.17426 0.0165595
143.499 1.18964 0.0166956
144.43 1.20525 0.0168327
145.367 1.22108 0.0169707
146.31 1.23715 0.0171097
147.259 1.25346 0.0172497
148.215 1.27 0.0173907
149.176 1.28679 0.0175327
150.144 1.30383 0.0176757
151.118 1.32112 0.0178197
152.098 1.33866 0.0179647
153.085 1.35646 0.0181108
154.078 1.37452 0.0182579
155.078 1.39284 0.018406
156.084 1.41143 0.0185552
157.096 1.4303 0.0187055
158.115 1.44944 0.0188568
159.141 1.46886 0.0190092
160.173 1.48856 0.0191627
161.213 1.50855 0.0193173
162.258 1.52884 0.019473
163.311 1.54942 0.0196298
164.37 1.5703 0.0197878
165.437 1.59148 0.0199468
166.51 1.61298 0.020107
167.59 1.63479 0.0202683
168.678 1.65691 0.0204308
169.772 1.67936 0.0205945
170.873 1.70213 0.0207593
171.982 1.72523 0.0209253
173.097 1.74867 0.0210925
174.22 1.77245 0.0212609
175.351 1.79658 0.0214305
176.488 1.82105 0.0216013
177.633 1.84588 0.0217733
178.785 1.87108 0.0219466
179.945 1.89663 0.0221211
181.113 1.92256 0.0222969
182.288 1.94886 0.0224739
183.47 1.97554 0.0226522
184.66 2.00261 0.0228318
185.858 2.03007 0.0230126
187.064 2.05793 0.0231948
188.278 2.08619 0.0233783
189.499 2.11485 0.0235631
190.728 2.14393 0.0237492
191.966 2.17344 0.0239367
193.211 2.20336 0.0241255
194.464 2.23372 0.0243157
195.726 2.26452 0.0245073
196.996 2.29576 0.0247002
198.274 2.32745 0.0248945
199.56 2.3596 0.0250903
200.855 2.39221 0.0252874
202.158 2.42529 0.025486
203.469 2.45884 0.025686
204.789 2.49288 0.0258875
206.118 2.52741 0.0260904
207.455 2.56243 0.0262947
208.801 2.59796 0.0265006
210.155 2.63399 0.0267079
211.519 2.67055 0.0269168
212.891 2.70763 0.0271271
214.272 2.74524 0.027339
215.662 2.78339 0.0275524
217.061 2.82209 0.0277674
218.469 2.86134 0.0279839
219.886 2.90116 0.028202
221.313 2.94154 0.0284217
222.749 2.98251 0.0286429
224.194 3.02406 0.0288658
225.648 3.06621 0.0290903
227.112 3.10896 0.0293164
228.585 3.15232 0.0295442
230.068 3.1963 0.0297736
231.561 3.24091 0.0300047
233.063 3.28616 0.0302375
234.575 3.33205 0.0304719
236.097 3.3786 0.0307081
237.628 3.42582 0.030946
239.17 3.47371 0.0311856
240.722 3.52229 0.031427
242.283 3.57155 0.0316701
243.855 3.62152 0.031915
245.437 3.67221 0.0321617
247.029 3.72361 0.0324101
248.632 3.77575 0.0326604
250.245 3.82864 0.0329125
251.868 3.88228 0.0331665
253.502 3.93668 0.0334223
255.147 3.99185 0.0336799
256.802 4.04782 0.0339395
258.468 4.10458 0.0342009
260.145 4.16214 0.0344643
261.832 4.22053 0.0347295
263.531 4.27975 0.0349968
265.24 4.33981 0.0352659
266.961 4.40073 0.035537
268.693 4.46251 0.0358101
270.436 4.52517 0.0360852
272.191 4.58872 0.0363624
273.956 4.65318 0.0366415
275.734 4.71855 0.0369227
277.522 4.78485 0.0372059
279.323 4.85209 0.0374912
281.135 4.92029 0.0377786
282.959 4.98945 0.0380681
284.794 5.0596 0.0383597
286.642 5.13074 0.0386534
288.501 5.20289 0.0389493
290.373 5.27607 0.0392474
292.257 5.35029 0.0395476
294.153 5.42555 0.0398501
296.061 5.50189 0.0401547
297.982 5.57931 0.0404616
299.915 5.65782 0.0407707
301.86 5.73745 0.0410821
303.819 5.81821 0.0413957
305.79 5.90011 0.0417117
307.773 5.98317 0.0420299
309.77 6.06741 0.0423505
311.78 6.15284 0.0426735
313.802 6.23948 0.0429988
315.838 6.32735 0.0433264
317.887 6.41646 0.0436565
319.949 6.50684 0.043989
322.025 6.59849 0.0443239
324.114 6.69144 0.0446613
326.217 6.7857 0.0450011
328.333 6.8813 0.0453434
330.463 6.97825 0.0456882
332.607 7.07657 0.0460355
334.764 7.17628 0.0463854
336.936 7.2774 0.0467378
339.122 7.37995 0.0470928
341.322 7.48395 0.0474504
343.536 7.58941 0.0478106
345.765 7.69637 0.0481734
348.008 7.80484 0.0485389
350.266 7.91484 0.048907
352.538 8.02639 0.0492779
354.825 8.13952 0.0496514
357.127 8.25424 0.0500276
359.444 8.37058 0.0504066
361.776 8.48857 0.0507883
364.123 8.60822 0.0511728
366.485 8.72956 0.0515601
368.862 8.85261 0.0519503
371.255 8.97739 0.0523432
373.664 9.10393 0.052739
376.088 9.23226 0.0531377
378.528 9.3624 0.0535393
380.983 9.49437 0.0539437
383.455 9.6282 0.0543512
385.942 9.76391 0.0547615
388.446 9.90154 0.0551749
390.966 10.0411 0.0555912
393.502 10.1826 0.0560105
396.055 10.3262 0.0564329
398.625 10.4717 0.0568583
401.211 10.6193 0.0572867
403.813 10.769 0.0577183
406.433 10.9207 0.0581529
409.07 11.0746 0.0585907
411.724 11.2307 0.0590317
414.395 11.389 0.0594758
417.083 11.5495 0.0599231
419.789 11.7122 0.0603735
422.512 11.8772 0.0608273
425.253 12.0446 0.0612842
428.012 12.2143 0.0617445
430.788 12.3864 0.062208
433.583 12.5609 0.0626748
436.396 12.7378 0.0631449
439.227 12.9173 0.0636184
442.076 13.0992 0.0640953
444.944 13.2837 0.0645755
447.831 13.4708 0.0650591
450.736 13.6606 0.0655462
453.66 13.8529 0.0660367
456.603 14.048 0.0665306
459.565 14.2458 0.0670281
462.547 14.4464 0.067529
465.547 14.6498 0.0680335
468.567 14.856 0.0685415
471.607 15.0652 0.069053
474.667 15.2772 0.0695682
477.746 15.4922 0.0700869
480.845 15.7103 0.0706092
483.965 15.9314 0.0711352
487.104 16.1555 0.0716648
490.264 16.3828 0.0721981
493.445 16.6133 0.0727351
496.646 16.847 0.0732758
499.868 17.084 0.0738202
503.111 17.3243 0.0743684
506.375 17.5679 0.0749203
509.66 17.8149 0.075476
512.966 18.0654 0.0760355
516.294 18.3194 0.0765988
519.643 18.5769 0.0771659
523.014 18.838 0.0777369
526.407 19.1027 0.0783117
529.822 19.3711 0.0788904
533.26 19.6433 0.079473
536.719 19.9192 0.0800595
540.201 20.199 0.0806499
543.705 20.4827 0.0812443
547.233 20.7703 0.0818426
550.783 21.0619 0.0824448
554.356 21.3576 0.0830511
557.952 21.6574 0.0836613
561.572 21.9613 0.0842756
565.215 22.2695 0.0848938
568.882 22.5819 0.0855161
572.572 22.8986 0.0861424
576.287 23.2198 0.0867728
580.025 23.5454 0.0874072
583.788 23.8755 0.0880458
587.575 24.2101 0.0886884
591.387 24.5494 0.089335
595.224 24.8934 0.0899858
599.085 25.2422 0.0906407
602.971 25.5957 0.0912997
606.883 25.9541 0.0919629
610.82 26.3175 0.0926301
614.783 26.6859 0.0933015
618.771 27.0594 0.0939771
622.785 27.438 0.0946568
626.826 27.8218 0.0953406
630.892 28.2109 0.0960286
634.985 28.6053 0.0967207
639.104 29.0052 0.097417
643.25 29.4105 0.0981174
647.423 29.8215 0.098822
651.623 30.238 0.0995307
655.851 30.6603 0.100244
660.105 31.0883 0.100961
664.388 31.5222 0.101682
668.698 31.962 0.102407
673.036 32.4078 0.103137
677.402 32.8598 0.10387
681.797 33.3178 0.104608
686.22 33.7822 0.10535
690.671 34.2528 0.106096
695.152 34.7299 0.106846
699.662 35.2134 0.1076
704.201 35.7035 0.108358
708.769 36.2003 0.10912
713.367 36.7038 0.109886
717.995 37.2141 0.110656
722.653 37.7313 0.11143
727.341 38.2556 0.112209
732.06 38.7869 0.112991
736.809 39.3253 0.113777
741.589 39.8711 0.114567
746.4 40.4242 0.11536
751.242 40.9847 0.116158
756.115 41.5527 0.11696
761.021 42.1284 0.117765
765.958 42.7118 0.118574
770.927 43.303 0.119386
775.928 43.9022 0.120203
780.962 44.5093 0.121023
786.028 45.1245 0.121846
791.127 45.748 0.122673
796.26 46.3797 0.123504
801.425 47.0198 0.124338
806.624 47.6685 0.125176
811.857 48.3257 0.126017
817.124 48.9916 0.126861
822.425 49.6663 0.127708
827.76 50.35 0.128559
833.13 51.0426 0.129412
838.535 51.7444 0.130269
843.975 52.4554 0.131129
849.45 53.1757 0.131992
854.961 53.9054 0.132857
860.507 54.6447 0.133726
866.09 55.3937 0.134597
871.708 56.1524 0.13547
877.363 56.921 0.136347
883.055 57.6995 0.137225
888.784 58.4882 0.138106
894.55 59.287 0.13899
900.353 60.0962 0.139875
906.194 60.9158 0.140763
912.073 61.7459 0.141652
917.99 62.5867 0.142544
923.945 63.4382 0.143437
929.939 64.3007 0.144332
935.972 65.1741 0.145228
942.044 66.0586 0.146126
948.155 66.9544 0.147025
954.306 67.8616 0.147926
960.497 68.7801 0.148827
966.728 69.7103 0.149729
973 70.6522 0.150632
979.312 71.6058 0.151536
985.665 72.5714 0.15244
992.059 73.5491 0.153344
998.495 74.5389 0.154249
1004.97 75.541 0.155154
1011.49 76.5555 0.156058
1018.05 77.5825 0.156962
1024.66 78.6221 0.157866
1031.31 79.6745 0.158769
1038 80.7398 0.159671
1044.73 81.818 0.160572
1051.51 82.9093 0.161472
1058.33 84.0139 0.16237
1065.2 85.1317 0.163267
1072.11 86.2631 0.164162
1079.06 87.4079 0.165055
1086.06 88.5665 0.165945
1093.11 89.7388 0.166833
1100.2 90.925 0.167718
1107.34 92.1252 0.168601
1114.52 93.3396 0.16948
1121.75 94.5681 0.170355
1129.03 95.811 0.171227
1136.35 97.0683 0.172095
1143.72 98.3402 0.172959
1151.14 99.6266 0.173818
1158.61 100.928 0.174672
1166.13 102.244 0.175521
1173.69 103.575 0.176365
1181.31 104.921 0.177203
1188.97 106.282 0.178036
1196.68 107.659 0.178861
1204.45 109.05 0.179681
1212.26 110.458 0.180493
1220.12 111.88 0.181298
1228.04 113.318 0.182096
1236.01 114.772 0.182886
1244.02 116.242 0.183667
1252.09 117.727 0.18444
1260.22 119.228 0.185204
1268.39 120.746 0.185958
1276.62 122.279 0.186703
1284.9 123.828 0.187438
1293.24 125.394 0.188162
1301.63 126.975 0.188875
1310.07 128.573 0.189577
1318.57 130.187 0.190267
1327.13 131.818 0.190945
1335.74 133.464 0.191611
1344.4 135.128 0.192264
1353.12 136.807 0.192903
1361.9 138.503 0.193528
1370.74 140.216 0.194139
1379.63 141.945 0.194736
1388.58 143.691 0.195317
1397.59 145.453 0.195882
1406.65 147.231 0.196431
1415.78 149.026 0.196964
1424.96 150.837 0.19748
1434.21 152.665 0.197977
1443.51 154.509 0.198457
1452.88 156.37 0.198918
1462.3 158.247 0.19936
1471.79 160.14 0.199783
1481.34 162.05 0.200185
1490.95 163.975 0.200567
1500.62 165.917 0.200927
1510.35 167.875 0.201266
1520.15 169.848 0.201582
1530.01 171.838 0.201876
1539.94 173.843 0.202146
1549.93 175.863 0.202392
1559.98 177.9 0.202614
1570.1 179.951 0.20281
1580.29 182.018 0.202981
1590.54 184.099 0.203126
1600.86 186.196 0.203244
1611.25 188.307 0.203335
1621.7 190.433 0.203398
1632.22 192.573 0.203433
1642.81 194.727 0.203438
1653.47 196.895 0.203414
1664.19 199.077 0.20336
1674.99 201.272 0.203275
1685.85 203.48 0.203159
1696.79 205.701 0.203011
1707.8 207.935 0.202831
1718.88 210.181 0.202617
1730.03 212.439 0.20237
1741.25 214.709 0.202089
1752.55 216.99 0.201774
1763.92 219.282 0.201423
1775.36 221.584 0.201036
1786.88 223.897 0.200613
1798.47 226.22 0.200154
1810.14 228.553 0.199657
1821.88 230.894 0.199122
1833.7 233.244 0.198549
1845.6 235.602 0.197937
1857.57 237.968 0.197286
1869.62 240.342 0.196595
1881.75 242.722 0.195864
1893.96 245.108 0.195092
1906.24 247.5 0.194279
1918.61 249.897 0.193425
1931.06 252.299 0.192529
1943.58 254.705 0.19159
1956.19 257.115 0.190609
1968.88 259.527 0.189584
1981.66 261.942 0.188516
1994.51 264.358 0.187405
2007.45 266.776 0.18625
2020.47 269.193 0.18505
2033.58 271.611 0.183806
2046.77 274.027 0.182517
2060.05 276.442 0.181183
2073.42 278.854 0.179804
2086.87 281.263 0.17838
2100.41 283.668 0.176911
2114.03 286.068 0.175396
2127.75 288.463 0.173836
2141.55 290.851 0.17223
2155.44 293.233 0.170578
2169.43 295.606 0.168881
2183.5 297.971 0.167138
2197.66 300.325 0.165351
2211.92 302.67 0.163517
2226.27 305.003 0.161639
2240.71 307.323 0.159716
2255.25 309.631 0.157748
2269.88 311.924 0.155736
2284.61 314.202 0.153679
2299.43 316.464 0.151579
2314.34 318.709 0.149436
2329.36 320.937 0.14725
2344.47 323.145 0.145021
2359.68 325.333 0.14275
2374.99 327.501 0.140438
2390.39 329.647 0.138086
2405.9 331.769 0.135693
2421.51 333.868 0.133261
2437.22 335.942 0.13079
2453.03 337.99 0.128281
2468.94 340.011 0.125734
2484.96 342.005 0.123152
2501.08 343.969 0.120534
2517.31 345.903 0.117882
2533.64 347.806 0.115197
2550.07 349.677 0.112479
2566.62 351.515 0.109729
2583.27 353.319 0.10695
2600.03 355.088 0.104141
2616.89 356.821 0.101305
2633.87 358.516 0.0984422
2650.96 360.174 0.095554
2668.15 361.792 0.0926418
2685.46 363.37 0.089707
2702.89 364.907 0.086751
2720.42 366.402 0.0837753
2738.07 367.854 0.0807813
2755.83 369.262 0.0777704
2773.71 370.626 0.0747444
2791.7 371.943 0.0717047
2809.81 373.214 0.0686529
2828.04 374.438 0.0655907
2846.39 375.613 0.0625197
2864.85 376.739 0.0594417
2883.44 377.815 0.0563582
2902.15 378.841 0.0532711
2920.97 379.814 0.050182
2939.92 380.736 0.0470928
2958.99 381.605 0.0440052
2978.19 382.42 0.0409209
2997.51 383.181 0.0378418
3016.96 383.887 0.0347697
3036.53 384.537 0.0317063
3056.23 385.132 0.0286535
3076.05 385.67 0.0256129
3096.01 386.151 0.0225865
3116.1 386.574 0.0195761
3136.31 386.94 0.0165832
3156.66 387.247 0.0136098
3177.14 387.495 0.0106576
3197.75 387.685 0.00772825
3218.49 387.815 0.00482345
3239.37 387.886 0.00194487
3260.39 387.906 0
3281.54 387.906 0
3302.83 387.906 0
3324.25 387.906 0
3345.82 387.906 0
3367.52 387.906 0
3389.37 387.906 0
3411.36 387.906 0
3433.49 387.906 0
3455.76 387.906 0
3478.18 387.906 0
3500.75 387.906 0
3523.46 387.906 0
3546.31 387.906 0
3569.32 387.906 0
3592.48 387.906 0
3615.78 387.906 0
3639.24 387.906 0
3662.85 387.906 0
3686.61 387.906 0
3710.53 387.906 0
3734.6 387.906 0
3758.82 387.906 0
3783.21 387.906 0
3807.75 387.906 0
3832.45 387.906 0
3857.32 387.906 0
3882.34 387.906 0
3907.53 387.906 0
3932.88 387.906 0
3958.39 387.906 0
3984.07 387.906 0
4009.92 387.906 0
4035.93 387.906 0
4062.11 387.906 0
4088.47 387.906 0
4114.99 387.906 0
4141.68 387.906 0
4168.55 387.906 0
4195.6 387.906 0
4222.81 387.906 0
4250.21 387.906 0
4277.78 387.906 0
4305.53 387.906 0
4333.46 387.906 0
4361.58 387.906 0
4389.87 387.906 0
4418.35 387.906 0
4447.01 387.906 0
4475.86 387.906 0
4504.9 387.906 0
4534.12 387.906 0
4563.54 387.906 0
4593.14 387.906 0
4622.94 387.906 0
4652.93 387.906 0
4683.12 387.906 0
4713.5 387.906 0
4744.08 387.906 0
4774.85 387.906 0
4805.83 387.906 0
4837.01 387.906 0
4868.39 387.906 0
4899.97 387.906 0
4931.76 387.906 0
4963.75 387.906 0
4995.95 387.906 0
5028.36 387.906 0
5060.98 387.906 0
5093.82 387.942 0.00218927
5126.86 388.349 0.0224322
5160.12 389.496 0.0465266
5193.6 391.529 0.0749358
5227.29 394.611 0.108058
5261.2 398.922 0.146165
5295.33 404.647 0.189333
5329.68 411.977 0.237373
5364.26 421.09 0.289773
5399.06 432.147 0.345679
5434.09 445.274 0.403917
5469.34 460.556 0.463075
5504.82 478.026 0.521631
5540.53 497.662 0.578107
5576.48 519.396 0.631211
5612.65 543.112 0.679951
5649.06 568.667 0.723687
5685.71 595.892 0.762132
5722.6 624.616 0.795309
5759.72 654.664 0.823475
5797.09 685.874 0.847052
5834.69 718.096 0.866546
5872.55 751.198 0.882496
5910.64 785.065 0.895431
5948.99 819.6 0.905841
5987.58 854.72 0.914165
6026.42 890.358 0.920785
6065.52 926.459 0.926023
6104.87 962.978 0.930151
6144.47 999.88 0.933393
6184.33 1037.14 0.93593
6224.45 1074.73 0.93791
6264.83 1112.63 0.939451
6305.48 1150.84 0.940647
6346.38 1189.33 0.941574
6387.55 1228.11 0.94229
6428.99 1267.17 0.942842
6470.7 1306.5 0.943267
6512.68 1346.11 0.943594
6554.93 1385.98 0.943844
6597.45 1426.12 0.944036
6640.25 1466.53 0.944182
6683.33 1507.2 0.944293
6726.69 1548.15 0.944378
6770.32 1589.36 0.944442
6814.25 1630.84 0.944491
6858.45 1672.59 0.944528
6902.95 1714.62 0.944556
6947.73 1756.92 0.944577
6992.8 1799.49 0.944592
7038.16 1842.35 0.944604
7083.82 1885.48 0.944613
7129.78 1928.89 0.94462
7176.03 1972.58 0.944625
7222.59 2016.55 0.944628
7269.44 2060.81 0.944631
7316.6 2105.36 0.944633
7364.07 2150.2 0.944635
7411.84 2195.33 0.944636
7459.92 2240.75 0.944636
7508.32 2286.47 0.944637
7557.03 2332.48 0.944638
7606.05 2378.79 0.944638
7655.39 2425.4 0.944638
7705.06 2472.31 0.944638
7755.04 2519.53 0.944638
7805.35 2567.06 0.944638
7855.99 2614.89 0.944639
7906.95 2663.03 0.944639
7958.25 2711.49 0.944639
8009.88 2760.26 0.944639
8061.84 2809.34 0.944639
8114.14 2858.75 0.944639
8166.78 2908.47 0.944639
8219.76 2958.52 0.944639
8273.08 3008.89 0.944639
8326.76 3059.59 0.944639
8380.77 3110.62 0.944639
8435.14 3161.98 0.944639
8489.86 3213.67 0.944639
8544.94 3265.7 0.944639
8600.38 3318.07 0.944639
8656.17 3370.77 0.944639
8712.32 3423.82 0.944639
8768.84 3477.21 0.944639
8825.73 3530.95 0.944639
8882.99 3585.03 0.944639
8940.61 3639.47 0.944639
8998.61 3694.26 0.944639
9056.99 3749.4 0.944639
9115.75 3804.91 0.944639
9174.89 3860.77 0.944639
9234.41 3917 0.944639
9294.31 3973.59 0.944639
9354.61 4030.54 0.944639
9415.29 4087.87 0.944639
9476.38 4145.57 0.944639
9537.85 4203.64 0.944639
9599.73 4262.09 0.944639
9662 4320.92 0.944639
9724.68 4380.13 0.944639
9787.77 4439.73 0.944639
9851.27 4499.71 0.944639
9915.18 4560.08 0.944639
9979.5 4620.84 0.944639
10044.2 4682 0.944639
10109.4 4743.55 0.944639
10175 4805.5 0.944639
10241 4867.86 0.944639
10307.4 4930.62 0.944639
10374.3 4993.78 0.944639
10441.6 5057.36 0.944639
10509.3 5121.35 0.944639
10577.5 5185.75 0.944639
10646.1 5250.57 0.944639
10715.2 5315.81 0.944639
10784.7 5381.48 0.944639
10854.7 5447.57 0.944639
10925.1 5514.09 0.944639
10996 5581.04 0.944639
11067.3 5648.43 0.944639
11139.1 5716.25 0.944639
11211.4 5784.51 0.944639
11284.1 5853.22 0.944639
11357.3 5922.37 0.944639
11431 5991.97 0.944639
11505.1 6062.02 0.944639
11579.8 6132.53 0.944639
11654.9 6203.49 0.944639
11730.5 6274.91 0.944639
11806.6 6346.8 0.944639
11883.2 6419.15 0.944639
11960.3 6491.98 0.944639
12037.9 6565.27 0.944639
12116 6639.04 0.944639
12194.6 6713.29 0.944639
12273.7 6788.02 0.944639
12353.3 6863.24 0.944639
12433.5 6938.94 0.944639
12514.1 7015.14 0.944639
12595.3 7091.82 0.944639
12677 7169.01 0.944639
12759.2 7246.7 0.944639
12842 7324.89 0.944639
12925.3 7403.59 0.944639
13009.2 7482.8 0.944639
13093.6 7562.52 0.944639
13178.5 7642.76 0.944639
13264 7723.52 0.944639
13350.1 7804.81 0.944639
13436.7 7886.62 0.944639
13523.8 7968.96 0.944639
13611.6 8051.84 0.944639
13699.9 8135.25 0.944639
13788.8 8219.21 0.944639
13878.2 8303.71 0.944639
13968.2 8388.76 0.944639
14058.9 8474.36 0.944639
14150.1 8560.51 0.944639
14241.9 8647.23 0.944639
14334.2 8734.5 0.944639
14427.2 8822.35 0.944639
14520.8 8910.76 0.944639
14615 8999.75 0.944639
14709.8 9089.31 0.944639
14805.3 9179.46 0.944639
14901.3 9270.19 0.944639
14998 9361.5 0.944639
15095.3 9453.41 0.944639
15193.2 9545.92 0.944639
15291.8 9639.03 0.944639
15391 9732.74 0.944639
15490.8 9827.06 0.944639
15591.3 9921.99 0.944639
15692.5 10017.5 0.944639
15794.3 10113.7 0.944639
15896.7 10210.5 0.944639
15999.9 10307.9 0.944639
16103.7 10406 0.944639
16208.1 10504.6 0.944639
16313.3 10604 0.944639
16419.1 10703.9 0.944639
16525.6 10804.6 0.944639
16632.8 10905.8 0.944639
16740.7 11007.8 0.944639
16849.3 11110.4 0.944639
16958.7 11213.6 0.944639
17068.7 11317.5 0.944639
17179.4 11422.1 0.944639
17290.8 11527.4 0.944639
17403 11633.4 0.944639
17515.9 11740 0.944639
17629.6 11847.4 0.944639
17743.9 11955.4 0.944639
17859 12064.1 0.944639
17974.9 12173.6 0.944639
18091.5 12283.7 0.944639
18208.9 12394.6 0.944639
18327 12506.2 0.944639
18445.9 12618.5 0.944639
18565.5 12731.6 0.944639
18686 12845.3 0.944639
18807.2 12959.8 0.944639
18929.2 13075.1 0.944639
19052 13191.1 0.944639
19175.6 13307.9 0.944639
19300 13425.4 0.944639
19425.2 13543.6 0.944639
19551.2 13662.7 0.944639
19678.1 13782.5 0.944639
19805.7 13903.1 0.944639
19934.2 14024.5 0.944639
20063.5 14146.6 0.944639
20193.7 14269.6 0.944639
20324.7 14393.3 0.944639
20456.6 14517.9 0.944639
20589.3 14643.2 0.944639
20722.8 14769.4 0.944639
20857.3 14896.4 0.944639
20992.6 15024.2 0.944639
21128.8 15152.9 0.944639
21265.8 15282.4 0.944639
21403.8 15412.7 0.944639
21542.7 15543.8 0.944639
21682.4 15675.9 0.944639
21823.1 15808.7 0.944639
21964.6 15942.5 0.944639
22107.1 16077.1 0.944639
22250.6 16212.6 0.944639
22394.9 16348.9 0.944639
22540.2 16486.2 0.944639
22686.4 16624.3 0.944639
22833.6 16763.3 0.944639
22981.7 16903.2 0.944639
23130.8 17044.1 0.944639
23280.9 17185.8 0.944639
23431.9 17328.5 0.944639
23583.9 17472.1 0.944639
23736.9 17616.6 0.944639
23890.9 17762.1 0.944639
24045.9 17908.5 0.944639
24201.9 18055.8 0.944639
24358.9 18204.2 0.944639
24516.9 18353.4 0.944639
24676 18503.7 0.944639
24836 18654.9 0.944639
24997.2 18807.1 0.944639
25159.3 18960.3 0.944639
25322.5 19114.5 0.944639
25486.8 19269.7 0.944639
25652.2 19425.8 0.944639
25818.6 19583 0.944639
25986.1 19741.3 0.944639
26154.7 19900.5 0.944639
26324.3 20060.8 0.944639
26495.1 20222.1 0.944639
26667 20384.5 0.944639
26840 20547.9 0.944639
27014.1 20712.4 0.944639
27189.4 20877.9 0.944639
27365.7 21044.6 0.944639
27543.3 21212.3 0.944639
27722 21381 0.944639
27901.8 21550.9 0.944639
28082.8 21721.9 0.944639
28265 21894 0.944639
28448.4 22067.2 0.944639
28632.9 22241.6 0.944639
28818.7 22417 0.944639
29005.6 22593.6 0.944639
29193.8 22771.4 0.944639
29383.2 22950.3 0.944639
29573.8 23130.4 0.944639
29765.7 23311.6 0.944639
29958.8 23494 0.944639
30153.1 23677.6 0.944639
30348.7 23862.4 0.944639
30545.6 24048.4 0.944639
30743.8 24235.6 0.944639
30943.2 24424 0.944639
31143.9 24613.6 0.944639
31346 24804.5 0.944639
31549.3 24996.5 0.944639
31754 25189.9 0.944639
31960 25384.5 0.944639
32167.3 25580.3 0.944639
32376 25777.5 0.944639
32586.1 25975.9 0.944639
32797.5 26175.6 0.944639
33010.2 26376.6 0.944639
33224.4 26578.9 0.944639
33439.9 26782.5 0.944639
33656.9 26987.4 0.944639
33875.2 27193.6 0.944639
34095 27401.2 0.944639
34316.1 27610.2 0.944639
34538.8 27820.5 0.944639
34762.8 28032.1 0.944639
34988.3 28245.2 0.944639
35215.3 28459.6 0.944639
35443.8 28675.4 0.944639
35673.7 28892.6 0.944639
35905.1 29111.2 0.944639
36138.1 29331.2 0.944639
36372.5 29552.7 0.944639
36608.5 29775.6 0.944639
36846 29999.9 0.944639
37085 30225.7 0.944639
37325.6 30453 0.944639
37567.7 30681.8 0.944639
37811.4 30912 0.944639
38056.7 31143.7 0.944639
38303.6 31376.9 0.944639
38552.1 31611.6 0.944639
38802.2 31847.9 0.944639
39053.9 32085.7 0.944639
39307.3 32325 0.944639
39562.3 32565.9 0.944639
39819 32808.3 0.944639
40077.3 33052.4 0.944639
40337.3 33298 0.944639
40599 33545.2 0.944639
40862.3 33794 0.944639
41127.4 34044.4 0.944639
41394.2 34296.4 0.944639
41662.8 34550.1 0.944639
41933.1 34805.4 0.944639
42205.1 35062.4 0.944639
42478.9 35321 0.944639
42754.5 35581.3 0.944639
43031.8 35843.3 0.944639
43311 36107.1 0.944639
43592 36372.5 0.944639
43874.8 36639.6 0.944639
44159.4 36908.5 0.944639
44445.9 37179.1 0.944639
44734.2 37451.5 0.944639
45024.4 37725.6 0.944639
45316.5 38001.5 0.944639
45610.5 38279.2 0.944639
45906.4 38558.8 0.944639
46204.2 38840.1 0.944639
46503.9 39123.2 0.944639
46805.6 39408.2 0.944639
47109.3 39695 0.944639
47414.9 39983.7 0.944639
47722.5 40274.3 0.944639
48032.1 40566.8 0.944639
48343.7 40861.1 0.944639
48657.3 41157.4 0.944639
48972.9 41455.6 0.944639
49290.7 41755.7 0.944639
49610.4 42057.7 0.944639
49932.3 42361.8 0.944639
50256.2 42667.8 0.944639
50582.2 42975.7 0.944639
50910.4 43285.7 0.944639
51240.6 43597.7 0.944639
51573.1 43911.7 0.944639
51907.6 44227.8 0.944639
52244.4 44545.9 0.944639
52583.3 44866 0.944639
52924.4 45188.3 0.944639
53267.8 45512.6 0.944639
53613.3 45839 0.944639
53961.1 46167.6 0.944639
54311.2 46498.3 0.944639
54663.5 46831.1 0.944639
55018.2 47166.1 0.944639
55375.1 47503.3 0.944639
55734.3 47842.6 0.944639
56095.9 48184.2 0.944639
