5.78741e-09 5.95396e-15 4.29514e-06
5.8738e-08 3.33166e-13 8.58285e-06
5.86595e-07 1.45059e-11 3.56977e-05
4.6076e-06 3.38009e-10 8.97843e-05
5.86875e-06 4.61297e-10 0.000114002
2.3369e-05 3.31505e-09 0.000192532
7.39119e-05 1.62978e-08 0.000292274
0.000147358 4.17301e-08 0.000330144
0.000152693 4.34471e-08 0.000292479
0.000165528 4.67976e-08 0.000304172
0.000294481 1.01986e-07 0.000463041
0.000466785 1.89679e-07 0.00054542
0.000739961 3.52227e-07 0.00041641
0.000792747 3.70702e-07 0.000446592
0.000859333 4.13069e-07 0.00055442
0.000931697 4.48502e-07 0.00055104
0.00117285 6.10601e-07 0.000697128
0.00147667 8.31244e-07 0.000750516
0.0017323 1.02935e-06 0.000535855
0.00185963 1.08409e-06 0.000525282
0.00294795 2.00733e-06 0.000908255
0.00467391 3.71532e-06 0.00105104
0.00633042 5.56999e-06 0.00091467
0.0070765 6.16755e-06 0.00093479
0.00933155 8.92099e-06 0.00127133
0.0117504 1.21316e-05 0.00137956
0.0154948 1.7543e-05 0.00122736
0.0177925 2.00421e-05 0.00125466
0.0234638 2.89812e-05 0.00164107
0.0295474 3.94039e-05 0.00177172
0.0354913 5.03041e-05 0.00128079
0.0389653 5.38549e-05 0.00125817
0.0549487 8.51279e-05 0.00191362
0.0590129 9.27925e-05 0.00199187
0.0713035 0.000119369 0.00114686
0.0787306 0.000125461 0.00110854
0.10265 0.000178607 0.00176378
0.112568 0.000193736 0.00180901
0.132297 0.000240204 0.00240921
0.146764 0.000275794 0.00181491
0.15911 0.000293738 0.00177613
0.191354 0.000375514 0.00260957
0.227502 0.000472769 0.000973271
0.245257 0.000484229 0.000805937
0.256566 0.000495831 0.00103354
0.268397 0.000508152 0.00104919
0.280773 0.000521236 0.00106507
0.293719 0.00053513 0.0010812
0.307263 0.000549885 0.00109757
0.321432 0.000565555 0.00111419
0.336253 0.000582195 0.00113106
0.351758 0.000599866 0.00114818
0.367978 0.000618631 0.00116556
0.384946 0.000638559 0.00118321
0.402697 0.000659722 0.00120112
0.421266 0.000682195 0.00121931
0.440691 0.000706061 0.00123777
0.461012 0.000731406 0.00125651
0.48227 0.00075832 0.00127553
0.504508 0.000786902 0.00129484
0.527771 0.000817254 0.00131445
0.552107 0.000849487 0.00133435
0.577566 0.000883717 0.00135455
0.604198 0.000920067 0.00137506
0.632059 0.000958668 0.00139588
0.661204 0.000999662 0.00141701
0.691693 0.00104319 0.00143847
0.723588 0.00108942 0.00146024
0.756953 0.00113852 0.00148235
0.791857 0.00119065 0.00150479
0.828371 0.00124602 0.00152758
0.866568 0.00130481 0.00155071
0.906527 0.00136725 0.00157418
0.948328 0.00143355 0.00159802
0.992057 0.00150396 0.00162221
1.0378 0.00157874 0.00164677
1.08566 0.00165815 0.0016717
1.13572 0.00174247 0.00169701
1.18809 0.00183202 0.00172271
1.24287 0.00192712 0.00174879
1.30018 0.00202811 0.00177526
1.36014 0.00213535 0.00180214
1.42285 0.00224924 0.00182943
1.48846 0.00237018 0.00185712
1.5571 0.00249862 0.00188524
1.6289 0.00263501 0.00191378
1.70401 0.00277985 0.00194276
1.78258 0.00293367 0.00197217
1.86478 0.00309701 0.00200203
1.95077 0.00327047 0.00203234
2.04072 0.00345468 0.00206311
2.13482 0.0036503 0.00209435
2.23326 0.00385804 0.00212606
2.33624 0.00407865 0.00215824
2.44396 0.00431292 0.00219092
2.55666 0.00456171 0.00222409
2.67455 0.00482591 0.00225776
2.79788 0.00510648 0.00229195
2.92689 0.00540443 0.00232665
3.06185 0.00572083 0.00236187
3.20304 0.00605684 0.00239763
3.35074 0.00641366 0.00243393
3.50524 0.00679259 0.00247078
3.66688 0.00719499 0.00250819
3.83596 0.00762232 0.00254616
4.01284 0.00807613 0.00258471
4.19788 0.00855804 0.00262385
4.39145 0.00906982 0.00266357
4.59395 0.00961329 0.0027039
4.80578 0.0101904 0.00274483
5.02738 0.0108033 0.00278639
5.2592 0.0114542 0.00282858
5.50171 0.0121454 0.0028714
5.7554 0.0128794 0.00291488
6.02079 0.0136589 0.00295901
6.29841 0.0144866 0.00300381
6.58884 0.0153657 0.00304928
6.89266 0.0162992 0.00309545
7.21049 0.0172905 0.00314232
7.54298 0.0183433 0.00318989
7.8908 0.0194612 0.00323819
8.25465 0.0206484 0.00328721
8.63529 0.0219092 0.00333698
9.03347 0.0232481 0.0033875
9.45002 0.0246699 0.00343879
9.88577 0.0261798 0.00349085
10.3416 0.0277832 0.00354371
10.8185 0.029486 0.00359736
11.3173 0.0312942 0.00365182
11.8392 0.0332145 0.00370711
12.3851 0.0352537 0.00376324
12.9562 0.0374193 0.00382021
13.5536 0.039719 0.00387805
14.1786 0.0421611 0.00393677
14.8324 0.0447546 0.00399637
15.5164 0.0475087 0.00405687
16.2318 0.0504335 0.00411829
16.9803 0.0535394 0.00418065
17.7633 0.0568378 0.00424394
18.5824 0.0603405 0.0043082
19.4392 0.0640601 0.00437342
20.3356 0.0680102 0.00443964
21.2733 0.072205 0.00450685
22.2543 0.0766597 0.00457509
23.2804 0.0813904 0.00464435
24.3539 0.0864141 0.00471467
25.4769 0.091749 0.00478605
26.6517 0.0974144 0.00485851
27.8806 0.103431 0.00493207
29.1662 0.10982 0.00500674
30.5111 0.116605 0.00508254
31.9181 0.12381 0.00515949
33.3898 0.131462 0.00523761
34.9295 0.139587 0.00531691
36.5401 0.148216 0.0053974
38.225 0.15738 0.00547912
39.9877 0.167111 0.00556208
41.8315 0.177445 0.00564629
43.7605 0.188419 0.00573177
45.7783 0.200073 0.00581855
47.8892 0.212449 0.00590664
50.0974 0.225592 0.00599607
52.4075 0.239549 0.00608685
54.8241 0.254371 0.00617901
57.3521 0.27011 0.00627256
59.9967 0.286825 0.00636752
62.7632 0.304575 0.00646393
65.6573 0.323425 0.00656179
68.6849 0.343443 0.00666114
71.852 0.364701 0.00676199
75.1652 0.387275 0.00686552
75.1652 0.387275 0.00686451
75.6528 0.390676 0.0070846
76.1436 0.394208 0.00730597
76.6376 0.397872 0.00752862
77.1348 0.40167 0.00775257
77.6352 0.405606 0.00797781
78.1388 0.409681 0.00820436
78.6457 0.413898 0.00843222
79.1559 0.418258 0.0086614
79.6694 0.422765 0.0088919
80.1863 0.427421 0.00912372
80.7065 0.432228 0.00935689
81.23 0.437188 0.00959139
81.757 0.442305 0.00982725
82.2874 0.44758 0.0100645
82.8212 0.453016 0.010303
83.3585 0.458616 0.010543
83.8993 0.464383 0.0107843
84.4436 0.470319 0.011027
84.9914 0.476426 0.011271
85.5428 0.482708 0.0115165
86.0977 0.489168 0.0117634
86.6563 0.495808 0.0120116
87.2184 0.50263 0.0122613
87.7842 0.509639 0.0125124
88.3537 0.516837 0.0127649
88.9269 0.524226 0.0130189
89.5038 0.53181 0.0132743
90.0845 0.539593 0.0135311
90.6689 0.547576 0.0137894
91.2571 0.555763 0.0140491
91.8491 0.564158 0.0143103
92.4449 0.572763 0.014573
93.0447 0.581582 0.0148371
93.6483 0.590618 0.0151028
94.2558 0.599875 0.0153699
94.8673 0.609355 0.0156385
95.4827 0.619063 0.0159086
96.1021 0.629001 0.0161802
96.7256 0.639174 0.0164533
97.3531 0.649584 0.0167279
97.9847 0.660236 0.0170041
98.6203 0.671133 0.0172818
99.2601 0.682279 0.017561
99.904 0.693677 0.0178417
100.552 0.705332 0.018124
101.204 0.717248 0.0184079
101.861 0.729427 0.0186933
102.522 0.741875 0.0189803
103.187 0.754594 0.0192689
103.856 0.76759 0.019559
104.53 0.780866 0.0198508
105.208 0.794427 0.0201441
105.891 0.808277 0.020439
106.578 0.822419 0.0207355
107.269 0.836859 0.0210336
107.965 0.8516 0.0213334
108.665 0.866648 0.0216347
109.37 0.882006 0.0219377
110.08 0.897679 0.0222423
110.794 0.913673 0.0225486
111.513 0.92999 0.0228565
112.236 0.946637 0.023166
112.964 0.963618 0.0234772
113.697 0.980938 0.0237901
114.435 0.998601 0.0241046
115.177 1.01661 0.0244208
115.924 1.03498 0.0247387
116.676 1.0537 0.0250582
117.433 1.07279 0.0253795
118.195 1.09225 0.0257024
118.962 1.11208 0.026027
119.734 1.13229 0.0263534
120.51 1.15289 0.0266814
121.292 1.17388 0.0270111
122.079 1.19527 0.0273426
122.871 1.21705 0.0276758
123.668 1.23925 0.0280107
124.47 1.26185 0.0283474
125.278 1.28488 0.0286858
126.091 1.30833 0.0290259
126.909 1.33221 0.0293678
127.732 1.35653 0.0297114
128.561 1.3813 0.0300568
129.395 1.40651 0.0304039
130.234 1.43218 0.0307529
131.079 1.45831 0.0311035
131.929 1.48491 0.031456
132.785 1.51198 0.0318102
133.646 1.53954 0.0321662
134.513 1.56758 0.032524
135.386 1.59612 0.0328836
136.264 1.62516 0.033245
137.148 1.65471 0.0336082
138.038 1.68477 0.0339731
138.934 1.71536 0.0343399
139.835 1.74648 0.0347085
140.742 1.77813 0.0350789
141.655 1.81033 0.0354511
142.574 1.84308 0.0358251
143.499 1.87639 0.036201
144.43 1.91027 0.0365786
145.367 1.94472 0.0369581
146.31 1.97975 0.0373395
147.259 2.01537 0.0377226
148.215 2.05159 0.0381076
149.176 2.08842 0.0384944
150.144 2.12586 0.0388831
151.118 2.16393 0.0392735
152.098 2.20262 0.0396659
153.085 2.24195 0.04006
154.078 2.28194 0.0404561
155.078 2.32257 0.0408539
156.084 2.36387 0.0412536
157.096 2.40585 0.0416552
158.115 2.44851 0.0420586
159.141 2.49186 0.0424638
160.173 2.53591 0.0428709
161.213 2.58067 0.0432799
162.258 2.62615 0.0436907
163.311 2.67235 0.0441033
164.37 2.7193 0.0445178
165.437 2.76699 0.0449341
166.51 2.81544 0.0453523
167.59 2.86466 0.0457724
168.678 2.91465 0.0461943
169.772 2.96543 0.046618
170.873 3.01701 0.0470436
171.982 3.0694 0.047471
173.097 3.1226 0.0479003
174.22 3.17663 0.0483313
175.351 3.2315 0.0487643
176.488 3.28722 0.0491991
177.633 3.3438 0.0496357
178.785 3.40125 0.0500741
179.945 3.45958 0.0505143
181.113 3.51881 0.0509564
182.288 3.57894 0.0514003
183.47 3.63999 0.051846
184.66 3.70197 0.0522935
185.858 3.76488 0.0527429
187.064 3.82875 0.053194
188.278 3.89357 0.0536469
189.499 3.95938 0.0541016
190.728 4.02617 0.0545581
191.966 4.09396 0.0550164
193.211 4.16276 0.0554764
194.464 4.23258 0.0559382
195.726 4.30345 0.0564018
196.996 4.37536 0.0568671
198.274 4.44833 0.0573342
199.56 4.52238 0.057803
200.855 4.59752 0.0582735
202.158 4.67376 0.0587458
203.469 4.75111 0.0592197
204.789 4.82959 0.0596954
206.118 4.90922 0.0601727
207.455 4.99 0.0606518
208.801 5.07195 0.0611325
210.155 5.15508 0.0616148
211.519 5.23942 0.0620988
212.891 5.32496 0.0625845
214.272 5.41173 0.0630718
215.662 5.49975 0.0635607
217.061 5.58901 0.0640511
218.469 5.67955 0.0645432
219.886 5.77138 0.0650369
221.313 5.86451 0.0655321
222.749 5.95895 0.0660288
224.194 6.05473 0.0665271
225.648 6.15185 0.0670268
227.112 6.25033 0.0675281
228.585 6.3502 0.0680309
230.068 6.45145 0.0685351
231.561 6.55412 0.0690408
233.063 6.65822 0.0695479
234.575 6.76376 0.0700563
236.097 6.87075 0.0705662
237.628 6.97923 0.0710775
239.17 7.08919 0.0715901
240.722 7.20067 0.072104
242.283 7.31367 0.0726192
243.855 7.42822 0.0731357
245.437 7.54433 0.0736535
247.029 7.66202 0.0741725
248.632 7.7813 0.0746927
250.245 7.9022 0.0752141
251.868 8.02472 0.0757366
253.502 8.1489 0.0762603
255.147 8.27475 0.0767851
256.802 8.40228 0.077311
258.468 8.53152 0.0778379
260.145 8.66248 0.0783659
261.832 8.79518 0.0788948
263.531 8.92964 0.0794247
265.24 9.06588 0.0799555
266.961 9.20391 0.0804873
268.693 9.34377 0.0810199
270.436 9.48546 0.0815533
272.191 9.62901 0.0820875
273.956 9.77443 0.0826225
275.734 9.92175 0.0831582
277.522 10.071 0.0836946
279.323 10.2221 0.0842317
281.135 10.3753 0.0847693
282.959 10.5304 0.0853076
284.794 10.6874 0.0858464
286.642 10.8466 0.0863856
288.501 11.0077 0.0869253
290.373 11.1709 0.0874655
292.257 11.3362 0.0880059
294.153 11.5035 0.0885467
296.061 11.673 0.0890878
297.982 11.8446 0.0896291
299.915 12.0184 0.0901705
301.86 12.1944 0.0907121
303.819 12.3726 0.0912538
305.79 12.553 0.0917954
307.773 12.7356 0.0923371
309.77 12.9205 0.0928786
311.78 13.1077 0.0934201
313.802 13.2972 0.0939613
315.838 13.489 0.0945023
317.887 13.6832 0.0950429
319.949 13.8798 0.0955832
322.025 14.0787 0.0961231
324.114 14.2801 0.0966624
326.217 14.4839 0.0972012
328.333 14.6902 0.0977394
330.463 14.8989 0.0982769
332.607 15.1102 0.0988136
334.764 15.324 0.0993495
336.936 15.5403 0.0998845
339.122 15.7593 0.100419
341.322 15.9808 0.100952
343.536 16.2049 0.101483
345.765 16.4317 0.102014
348.008 16.6611 0.102543
350.266 16.8932 0.103072
352.538 17.128 0.103598
354.825 17.3655 0.104123
357.127 17.6058 0.104647
359.444 17.8489 0.105169
361.776 18.0947 0.105689
364.123 18.3433 0.106207
366.485 18.5948 0.106723
368.862 18.8492 0.107237
371.255 19.1064 0.107749
373.664 19.3665 0.108259
376.088 19.6296 0.108767
378.528 19.8956 0.109272
380.983 20.1645 0.109775
383.455 20.4365 0.110275
385.942 20.7114 0.110772
388.446 20.9894 0.111266
390.966 21.2704 0.111758
393.502 21.5544 0.112246
396.055 21.8416 0.112731
398.625 22.1319 0.113213
401.211 22.4253 0.113691
403.813 22.7218 0.114166
406.433 23.0215 0.114638
409.07 23.3244 0.115105
411.724 23.6304 0.115569
414.395 23.9397 0.116029
417.083 24.2523 0.116484
419.789 24.5681 0.116935
422.512 24.8871 0.117382
425.253 25.2095 0.117825
428.012 25.5351 0.118262
430.788 25.8641 0.118695
433.583 26.1964 0.119123
436.396 26.5321 0.119545
439.227 26.8711 0.119963
442.076 27.2135 0.120375
444.944 27.5593 0.120781
447.831 27.9085 0.121182
450.736 28.2612 0.121577
453.66 28.6172 0.121965
456.603 28.9768 0.122348
459.565 29.3397 0.122724
462.547 29.7062 0.123094
465.547 30.0761 0.123457
468.567 30.4495 0.123813
471.607 30.8264 0.124162
474.667 31.2068 0.124503
477.746 31.5907 0.124838
480.845 31.9781 0.125164
483.965 32.369 0.125483
487.104 32.7635 0.125794
490.264 33.1615 0.126097
493.445 33.563 0.126391
496.646 33.968 0.126677
499.868 34.3766 0.126954
503.111 34.7888 0.127222
506.375 35.2044 0.127481
509.66 35.6236 0.12773
512.966 36.0463 0.12797
516.294 36.4726 0.1282
519.643 36.9023 0.12842
523.014 37.3356 0.128629
526.407 37.7724 0.128828
529.822 38.2126 0.129017
533.26 38.6564 0.129194
536.719 39.1036 0.12936
540.201 39.5543 0.129515
543.705 40.0084 0.129658
547.233 40.466 0.129789
550.783 40.927 0.129908
554.356 41.3913 0.130014
557.952 41.8591 0.130107
561.572 42.3302 0.130188
565.215 42.8046 0.130255
568.882 43.2823 0.130309
572.572 43.7633 0.130349
576.287 44.2475 0.130375
580.025 44.7349 0.130387
583.788 45.2256 0.130384
587.575 45.7193 0.130366
591.387 46.2162 0.130333
595.224 46.7161 0.130285
599.085 47.2191 0.13022
602.971 47.725 0.13014
606.883 48.2339 0.130043
610.82 48.7457 0.12993
614.783 49.2603 0.129799
618.771 49.7776 0.129651
622.785 50.2978 0.129486
626.826 50.8205 0.129302
630.892 51.3459 0.129101
634.985 51.8739 0.12888
639.104 52.4043 0.128641
643.25 52.9371 0.128382
647.423 53.4723 0.128104
651.623 54.0097 0.127806
655.851 54.5493 0.127487
660.105 55.091 0.127148
664.388 55.6347 0.126788
668.698 56.1803 0.126406
673.036 56.7278 0.126003
677.402 57.2771 0.125578
681.797 57.8279 0.12513
686.22 58.3803 0.124659
690.671 58.9342 0.124165
695.152 59.4894 0.123647
699.662 60.0458 0.123106
704.201 60.6033 0.12254
708.769 61.1617 0.121949
713.367 61.721 0.121334
717.995 62.2811 0.120692
722.653 62.8417 0.120025
727.341 63.4027 0.119332
732.06 63.9641 0.118611
736.809 64.5256 0.117864
741.589 65.0872 0.117089
746.4 65.6485 0.116286
751.242 66.2096 0.115455
756.115 66.7702 0.114595
761.021 67.3301 0.113706
765.958 67.8892 0.112787
770.927 68.4473 0.111838
775.928 69.0042 0.110859
780.962 69.5597 0.109848
786.028 70.1136 0.108807
791.127 70.6657 0.107734
796.26 71.2157 0.106628
801.425 71.7636 0.10549
806.624 72.309 0.104319
811.857 72.8518 0.103115
817.124 73.3916 0.101876
822.425 73.9282 0.100603
827.76 74.4615 0.0992958
833.13 74.9911 0.097953
838.535 75.5168 0.0965746
843.975 76.0383 0.09516
849.45 76.5554 0.093709
854.961 77.0677 0.0922209
860.507 77.5749 0.0906955
866.09 78.0769 0.0891322
871.708 78.5732 0.0875306
877.363 79.0635 0.0858903
883.055 79.5476 0.0842108
888.784 80.0251 0.0824918
894.55 80.4957 0.0807327
900.353 80.959 0.0789331
906.194 81.4146 0.0770927
912.073 81.8623 0.075211
917.99 82.3016 0.0732876
923.945 82.7322 0.071322
929.939 83.1537 0.0693138
935.972 83.5657 0.0672627
942.044 83.9678 0.0651681
948.155 84.3595 0.0630298
954.306 84.7405 0.0608473
960.497 85.1103 0.0586202
966.728 85.4685 0.0563481
973 85.8146 0.0540307
979.312 86.1482 0.0516675
985.665 86.4688 0.0492582
992.059 86.7759 0.0468023
998.495 87.0691 0.0442997
1004.97 87.3478 0.0417498
1011.49 87.6115 0.0391524
1018.05 87.8597 0.0365072
1024.66 88.0919 0.0338136
1031.31 88.3076 0.0310716
1038 88.5061 0.0282807
1044.73 88.687 0.0254407
1051.51 88.8496 0.0225512
1058.33 88.9935 0.019612
1065.2 89.1178 0.0166228
1072.11 89.2222 0.0135833
1079.06 89.3059 0.0104934
1086.06 89.3684 0.00735267
1093.11 89.409 0.00416101
1100.2 89.427 0.000918174
1107.34 89.4302 0
1114.52 89.4302 0
1121.75 89.4302 0
1129.03 89.4302 0
1136.35 89.4302 0
1143.72 89.4302 0
1151.14 89.4302 0
1158.61 89.4302 0
1166.13 89.4302 0
1173.69 89.4302 0
1181.31 89.4302 0
1188.97 89.4302 0
1196.68 89.4302 0
1204.45 89.4302 0
1212.26 89.4302 0
1220.12 89.4302 0
1228.04 89.4302 0
1236.01 89.4302 0
1244.02 89.4302 0
1252.09 89.4302 0
1260.22 89.4302 0
1268.39 89.4302 0
1276.62 89.4302 0
1284.9 89.4302 0
1293.24 89.4302 0
1301.63 89.4302 0
1310.07 89.4302 0
1318.57 89.4302 0
1327.13 89.4302 0
1335.74 89.4302 0
1344.4 89.4302 0
1353.12 89.4302 0
1361.9 89.4302 0
1370.74 89.4302 0
1379.63 89.4302 0
1388.58 89.4302 0
1397.59 89.4302 0
1406.65 89.4302 0
1415.78 89.4302 0
1424.96 89.4302 0
1434.21 89.4302 0
1443.51 89.4302 0
1452.88 89.4302 0
1462.3 89.4302 0
1471.79 89.4302 0
1481.34 89.4302 0
1490.95 89.4302 0
1500.62 89.4302 0
1510.35 89.4302 0
1520.15 89.4302 0
1530.01 89.4302 0
1539.94 89.4302 0
1549.93 89.4302 0
1559.98 89.4302 0
1570.1 89.4302 0
1580.29 89.4302 0
1590.54 89.4302 0
1600.86 89.4302 0
1611.25 89.4302 0
1621.7 89.4302 0
1632.22 89.4302 0
1642.81 89.4302 0
1653.47 89.4302 0
1664.19 89.4302 0
1674.99 89.4302 0
1685.85 89.4302 0
1696.79 89.4302 0
1707.8 89.4302 0
1718.88 89.4302 0
1730.03 89.4302 0
1741.25 89.4302 0
1752.55 89.4302 0
1763.92 89.4302 0
1775.36 89.4302 0
1786.88 89.4302 0
1798.47 89.4302 0
1810.14 89.4302 0
1821.88 89.4302 0
1833.7 89.4302 0
1845.6 89.4302 0
1857.57 89.4302 0
1869.62 89.4302 0
1881.75 89.4302 0
1893.96 89.4302 0
1906.24 89.4302 0
1918.61 89.4302 0
1931.06 89.4302 0
1943.58 89.4302 0
1956.19 89.4302 0
1968.88 89.4302 0
1981.66 89.4302 0
1994.51 89.4302 0
2007.45 89.4302 0
2020.47 89.4302 0
2033.58 89.4302 0
2046.77 89.4302 0
2060.05 89.4302 0
2073.42 89.4302 0
2086.87 89.4302 0
2100.41 89.4302 0
2114.03 89.4302 0
2127.75 89.4302 0
2141.55 89.4302 0
2155.44 89.4302 0
2169.43 89.4302 0
2183.5 89.4302 0
2197.66 89.4302 0
2211.92 89.4302 0
2226.27 89.4302 0
2240.71 89.4302 0
2255.25 89.4302 0
2269.88 89.4302 0
2284.61 89.4302 0
2299.43 89.4302 0
2314.34 89.4302 0
2329.36 89.4302 0
2344.47 89.4302 0
2359.68 89.4302 0
2374.99 89.4302 0
2390.39 89.4302 0
2405.9 89.4302 0
2421.51 89.4302 0
2437.22 89.4302 0
2453.03 89.4302 0
2468.94 89.4302 0
2484.96 89.4302 0
2501.08 89.4302 0
2517.31 89.4302 0
2533.64 89.4302 0
2550.07 89.4302 0
2566.62 89.4302 0
2583.27 89.4302 0
2600.03 89.4302 0
2616.89 89.4302 0
2633.87 89.4302 0
2650.96 89.4302 0
2668.15 89.4302 0
2685.46 89.4302 0
2702.89 89.4302 0
2720.42 89.4302 0
2738.07 89.4302 0
2755.83 89.4302 0
2773.71 89.4302 0
2791.7 89.4302 0
2809.81 89.4302 0
2828.04 89.4302 0
2846.39 89.4302 0
2864.85 89.4302 0
2883.44 89.4302 0
2902.15 89.4302 0
2920.97 89.4302 0
2939.92 89.4302 0
2958.99 89.4302 0
2978.19 89.4302 0
2997.51 89.4302 0
3016.96 89.4302 0
3036.53 89.4302 0
3056.23 89.4302 0
3076.05 89.4302 0
3096.01 89.4302 0
3116.1 89.4302 0
3136.31 89.4302 0
3156.66 89.4302 0
3177.14 89.4302 0
3197.75 89.4302 0
3218.49 89.4302 0
3239.37 89.4302 0
3260.39 89.4302 0
3281.54 89.4302 0
3302.83 89.4302 0
3324.25 89.4302 0
3345.82 89.4302 0
3367.52 89.4302 0
3389.37 89.4302 0
3411.36 89.4302 0
3433.49 89.4302 0
3455.76 89.4302 0
3478.18 89.4302 0
3500.75 89.4302 0
3523.46 89.4302 0
3546.31 89.4302 0
3569.32 89.4302 0
3592.48 89.4302 0
3615.78 89.4302 0
3639.24 89.4302 0
3662.85 89.4302 0
3686.61 89.4302 0
3710.53 89.4302 0
3734.6 89.4302 0
3758.82 89.4302 0
3783.21 89.4302 0
3807.75 89.4302 0
3832.45 89.4302 0
3857.32 89.4302 0
3882.34 89.4302 0
3907.53 89.4302 0
3932.88 89.4302 0
3958.39 89.4302 0
3984.07 89.4302 0
4009.92 89.4302 0
4035.93 89.4302 0
4062.11 89.4302 0
4088.47 89.4302 0
4114.99 89.4302 0
4141.68 89.4302 0
4168.55 89.4302 0
4195.6 89.4302 0
4222.81 89.4302 0
4250.21 89.4302 0
4277.78 89.4302 0
4305.53 89.4302 0
4333.46 89.4302 0
4361.58 89.4302 0
4389.87 89.4302 0
4418.35 89.4302 0
4447.01 89.4302 0
4475.86 89.4302 0
4504.9 89.4302 0
4534.12 89.4302 0
4563.54 89.4302 0
4593.14 89.4302 0
4622.94 89.4302 0
4652.93 89.4302 0
4683.12 89.4302 0
4713.5 89.4302 0
4744.08 89.4302 0
4774.85 89.4302 0
4805.83 89.4302 0
4837.01 89.4302 0
4868.39 89.4302 0
4899.97 89.4302 0
4931.76 89.4302 0
4963.75 89.4302 0
4995.95 89.4302 0
5028.36 89.4302 0
5060.98 89.4302 0
5093.82 89.4302 0
5126.86 89.4302 0
5160.12 89.4302 0
5193.6 89.4302 0
5227.29 89.4302 0
5261.2 89.4302 0
5295.33 89.4302 0
5329.68 89.9301 0.0291015
5364.26 91.6635 0.0711632
5399.06 94.8602 0.112558
5434.09 99.5105 0.152977
5469.34 105.594 0.192138
5504.82 113.079 0.229792
5540.53 121.927 0.265728
5576.48 132.09 0.299777
5612.65 143.514 0.331816
5649.06 156.142 0.361763
5685.71 169.909 0.389579
5722.6 184.752 0.415261
5759.72 200.606 0.438839
5797.09 217.406 0.460373
5834.69 235.088 0.479941
5872.55 253.589 0.497642
5910.64 272.852 0.513585
5948.99 292.819 0.527888
5987.58 313.439 0.540673
6026.42 334.661 0.552061
6065.52 356.442 0.562173
6104.87 378.739 0.571126
6144.47 401.515 0.579031
6184.33 424.735 0.585993
6224.45 448.368 0.59211
6264.83 472.385 0.597473
6305.48 496.763 0.602165
6346.38 521.479 0.606262
6387.55 546.513 0.609834
6428.99 571.848 0.612941
6470.7 597.469 0.615641
6512.68 623.361 0.617982
6554.93 649.513 0.62001
6597.45 675.916 0.621764
6640.25 702.56 0.623278
6683.33 729.438 0.624584
6726.69 756.542 0.625709
6770.32 783.868 0.626677
6814.25 811.411 0.627509
6858.45 839.167 0.628222
6902.95 867.132 0.628834
6947.73 895.304 0.629358
6992.8 923.681 0.629805
7038.16 952.26 0.630188
7083.82 981.042 0.630514
7129.78 1010.02 0.630792
7176.03 1039.21 0.631028
7222.59 1068.59 0.631229
7269.44 1098.17 0.6314
7316.6 1127.95 0.631545
7364.07 1157.93 0.631668
7411.84 1188.11 0.631772
7459.92 1218.49 0.631859
7508.32 1249.07 0.631933
7557.03 1279.85 0.631996
7606.05 1310.83 0.632049
7655.39 1342.02 0.632093
7705.06 1373.41 0.63213
7755.04 1405.01 0.632161
7805.35 1436.82 0.632188
7855.99 1468.83 0.63221
7906.95 1501.05 0.632228
7958.25 1533.48 0.632243
8009.88 1566.12 0.632256
8061.84 1598.98 0.632267
8114.14 1632.04 0.632276
8166.78 1665.33 0.632283
8219.76 1698.83 0.632289
8273.08 1732.54 0.632294
8326.76 1766.48 0.632298
8380.77 1800.63 0.632302
8435.14 1835.01 0.632305
8489.86 1869.61 0.632307
8544.94 1904.44 0.632309
8600.38 1939.49 0.632311
8656.17 1974.77 0.632312
8712.32 2010.28 0.632313
8768.84 2046.02 0.632314
8825.73 2081.99 0.632315
8882.99 2118.19 0.632315
8940.61 2154.63 0.632316
8998.61 2191.3 0.632316
9056.99 2228.22 0.632316
9115.75 2265.37 0.632317
9174.89 2302.76 0.632317
9234.41 2340.4 0.632317
9294.31 2378.28 0.632317
9354.61 2416.4 0.632317
9415.29 2454.78 0.632317
9476.38 2493.4 0.632317
9537.85 2532.27 0.632318
9599.73 2571.4 0.632318
9662 2610.77 0.632318
9724.68 2650.41 0.632318
9787.77 2690.3 0.632318
9851.27 2730.45 0.632318
9915.18 2770.86 0.632318
9979.5 2811.53 0.632318
10044.2 2852.47 0.632318
10109.4 2893.67 0.632318
10175 2935.14 0.632318
10241 2976.88 0.632318
10307.4 3018.89 0.632318
10374.3 3061.17 0.632318
10441.6 3103.73 0.632318
10509.3 3146.56 0.632318
10577.5 3189.67 0.632318
10646.1 3233.06 0.632318
10715.2 3276.73 0.632318
10784.7 3320.69 0.632318
10854.7 3364.92 0.632318
10925.1 3409.45 0.632318
10996 3454.27 0.632318
11067.3 3499.37 0.632318
11139.1 3544.77 0.632318
11211.4 3590.47 0.632318
11284.1 3636.46 0.632318
11357.3 3682.74 0.632318
11431 3729.33 0.632318
11505.1 3776.22 0.632318
11579.8 3823.42 0.632318
11654.9 3870.92 0.632318
11730.5 3918.73 0.632318
11806.6 3966.85 0.632318
11883.2 4015.28 0.632318
11960.3 4064.02 0.632318
12037.9 4113.09 0.632318
12116 4162.47 0.632318
12194.6 4212.17 0.632318
12273.7 4262.19 0.632318
12353.3 4312.54 0.632318
12433.5 4363.21 0.632318
12514.1 4414.21 0.632318
12595.3 4465.55 0.632318
12677 4517.22 0.632318
12759.2 4569.22 0.632318
12842 4621.56 0.632318
12925.3 4674.24 0.632318
13009.2 4727.26 0.632318
13093.6 4780.62 0.632318
13178.5 4834.33 0.632318
13264 4888.39 0.632318
13350.1 4942.8 0.632318
13436.7 4997.56 0.632318
13523.8 5052.68 0.632318
13611.6 5108.16 0.632318
13699.9 5163.99 0.632318
13788.8 5220.19 0.632318
13878.2 5276.75 0.632318
13968.2 5333.68 0.632318
14058.9 5390.98 0.632318
14150.1 5448.65 0.632318
14241.9 5506.7 0.632318
14334.2 5565.12 0.632318
14427.2 5623.92 0.632318
14520.8 5683.1 0.632318
14615 5742.66 0.632318
14709.8 5802.62 0.632318
14805.3 5862.96 0.632318
14901.3 5923.69 0.632318
14998 5984.82 0.632318
15095.3 6046.34 0.632318
15193.2 6108.26 0.632318
15291.8 6170.58 0.632318
15391 6233.31 0.632318
15490.8 6296.45 0.632318
15591.3 6359.99 0.632318
15692.5 6423.95 0.632318
15794.3 6488.32 0.632318
15896.7 6553.11 0.632318
15999.9 6618.32 0.632318
16103.7 6683.95 0.632318
16208.1 6750.01 0.632318
16313.3 6816.5 0.632318
16419.1 6883.41 0.632318
16525.6 6950.77 0.632318
16632.8 7018.56 0.632318
16740.7 7086.79 0.632318
16849.3 7155.46 0.632318
16958.7 7224.57 0.632318
17068.7 7294.14 0.632318
17179.4 7364.16 0.632318
17290.8 7434.63 0.632318
17403 7505.56 0.632318
17515.9 7576.94 0.632318
17629.6 7648.8 0.632318
17743.9 7721.11 0.632318
17859 7793.9 0.632318
17974.9 7867.16 0.632318
18091.5 7940.89 0.632318
18208.9 8015.11 0.632318
18327 8089.8 0.632318
18445.9 8164.98 0.632318
18565.5 8240.65 0.632318
18686 8316.8 0.632318
18807.2 8393.45 0.632318
18929.2 8470.6 0.632318
19052 8548.25 0.632318
19175.6 8626.4 0.632318
19300 8705.06 0.632318
19425.2 8784.23 0.632318
19551.2 8863.92 0.632318
19678.1 8944.12 0.632318
19805.7 9024.84 0.632318
19934.2 9106.08 0.632318
20063.5 9187.85 0.632318
20193.7 9270.16 0.632318
20324.7 9352.99 0.632318
20456.6 9436.37 0.632318
20589.3 9520.28 0.632318
20722.8 9604.74 0.632318
20857.3 9689.75 0.632318
20992.6 9775.3 0.632318
21128.8 9861.42 0.632318
21265.8 9948.09 0.632318
21403.8 10035.3 0.632318
21542.7 10123.1 0.632318
21682.4 10211.5 0.632318
21823.1 10300.4 0.632318
21964.6 10390 0.632318
22107.1 10480.1 0.632318
22250.6 10570.7 0.632318
22394.9 10662 0.632318
22540.2 10753.9 0.632318
22686.4 10846.3 0.632318
22833.6 10939.4 0.632318
22981.7 11033.1 0.632318
23130.8 11127.3 0.632318
23280.9 11222.2 0.632318
23431.9 11317.7 0.632318
23583.9 11413.8 0.632318
23736.9 11510.6 0.632318
23890.9 11608 0.632318
24045.9 11706 0.632318
24201.9 11804.6 0.632318
24358.9 11903.9 0.632318
24516.9 12003.8 0.632318
24676 12104.4 0.632318
24836 12205.6 0.632318
24997.2 12307.5 0.632318
25159.3 12410 0.632318
25322.5 12513.2 0.632318
25486.8 12617.1 0.632318
25652.2 12721.6 0.632318
25818.6 12826.9 0.632318
25986.1 12932.8 0.632318
26154.7 13039.4 0.632318
26324.3 13146.7 0.632318
26495.1 13254.6 0.632318
26667 13363.3 0.632318
26840 13472.7 0.632318
27014.1 13582.8 0.632318
27189.4 13693.6 0.632318
27365.7 13805.2 0.632318
27543.3 13917.4 0.632318
27722 14030.4 0.632318
27901.8 14144.1 0.632318
28082.8 14258.6 0.632318
28265 14373.8 0.632318
28448.4 14489.7 0.632318
28632.9 14606.4 0.632318
28818.7 14723.9 0.632318
29005.6 14842.1 0.632318
29193.8 14961.1 0.632318
29383.2 15080.8 0.632318
29573.8 15201.4 0.632318
29765.7 15322.7 0.632318
29958.8 15444.8 0.632318
30153.1 15567.7 0.632318
30348.7 15691.4 0.632318
30545.6 15815.8 0.632318
30743.8 15941.1 0.632318
30943.2 16067.3 0.632318
31143.9 16194.2 0.632318
31346 16321.9 0.632318
31549.3 16450.5 0.632318
31754 16579.9 0.632318
31960 16710.2 0.632318
32167.3 16841.3 0.632318
32376 16973.3 0.632318
32586.1 17106.1 0.632318
32797.5 17239.7 0.632318
33010.2 17374.3 0.632318
33224.4 17509.7 0.632318
33439.9 17646 0.632318
33656.9 17783.1 0.632318
33875.2 17921.2 0.632318
34095 18060.2 0.632318
34316.1 18200 0.632318
34538.8 18340.8 0.632318
34762.8 18482.5 0.632318
34988.3 18625.1 0.632318
35215.3 18768.6 0.632318
35443.8 18913.1 0.632318
35673.7 19058.4 0.632318
35905.1 19204.8 0.632318
36138.1 19352.1 0.632318
36372.5 19500.3 0.632318
36608.5 19649.5 0.632318
36846 19799.7 0.632318
37085 19950.8 0.632318
37325.6 20103 0.632318
37567.7 20256.1 0.632318
37811.4 20410.2 0.632318
38056.7 20565.3 0.632318
38303.6 20721.4 0.632318
38552.1 20878.5 0.632318
38802.2 21036.7 0.632318
39053.9 21195.8 0.632318
39307.3 21356 0.632318
39562.3 21517.3 0.632318
39819 21679.6 0.632318
40077.3 21842.9 0.632318
40337.3 22007.3 0.632318
40599 22172.8 0.632318
40862.3 22339.3 0.632318
41127.4 22506.9 0.632318
41394.2 22675.6 0.632318
41662.8 22845.4 0.632318
41933.1 23016.3 0.632318
42205.1 23188.3 0.632318
42478.9 23361.5 0.632318
42754.5 23535.7 0.632318
43031.8 23711.1 0.632318
43311 23887.6 0.632318
43592 24065.3 0.632318
43874.8 24244.1 0.632318
44159.4 24424.1 0.632318
44445.9 24605.2 0.632318
44734.2 24787.6 0.632318
45024.4 24971.1 0.632318
45316.5 25155.7 0.632318
45610.5 25341.6 0.632318
45906.4 25528.7 0.632318
46204.2 25717 0.632318
46503.9 25906.6 0.632318
46805.6 26097.3 0.632318
47109.3 26289.3 0.632318
47414.9 26482.6 0.632318
47722.5 26677.1 0.632318
48032.1 26872.8 0.632318
48343.7 27069.9 0.632318
48657.3 27268.2 0.632318
48972.9 27467.8 0.632318
49290.7 27668.7 0.632318
49610.4 27870.9 0.632318
49932.3 28074.4 0.632318
50256.2 28279.2 0.632318
50582.2 28485.4 0.632318
50910.4 28692.8 0.632318
51240.6 28901.7 0.632318
51573.1 29111.9 0.632318
51907.6 29323.4 0.632318
52244.4 29536.4 0.632318
52583.3 29750.7 0.632318
52924.4 29966.4 0.632318
53267.8 30183.5 0.632318
53613.3 30402 0.632318
53961.1 30621.9 0.632318
54311.2 30843.3 0.632318
54663.5 31066 0.632318
55018.2 31290.3 0.632318
55375.1 31516 0.632318
55734.3 31743.1 0.632318
56095.9 31971.7 0.632318
