5.78741e-09 5.95396e-15 4.29514e-06
5.8738e-08 3.33166e-13 8.58285e-06
5.86595e-07 1.45059e-11 3.56977e-05
4.6076e-06 3.38009e-10 8.97843e-05
5.86875e-06 4.61297e-10 0.000114002
2.3369e-05 3.31505e-09 0.000192532
7.39119e-05 1.62978e-08 0.000292274
0.000147358 4.17301e-08 0.000330144
0.000152693 4.34471e-08 0.000292479
0.000165528 4.67976e-08 0.000304172
0.000294481 1.01986e-07 0.000463041
0.000466785 1.89679e-07 0.00054542
0.000739961 3.52227e-07 0.00041641
0.000792747 3.70702e-07 0.000446592
0.000859333 4.13069e-07 0.00055442
0.000931697 4.48502e-07 0.00055104
0.00117285 6.10601e-07 0.000697128
0.00147667 8.31244e-07 0.000750516
0.0017323 1.02935e-06 0.000535855
0.00185963 1.08409e-06 0.000525282
0.00294795 2.00733e-06 0.000908255
0.00467391 3.71532e-06 0.00105104
0.00633042 5.56999e-06 0.00091467
0.0070765 6.16755e-06 0.00093479
0.00933155 8.92099e-06 0.00127133
0.0117504 1.21316e-05 0.00137956
0.0154948 1.7543e-05 0.00122736
0.0177925 2.00421e-05 0.00125466
0.0234638 2.89812e-05 0.00164107
0.0295474 3.94039e-05 0.00177172
0.0354913 5.03041e-05 0.00128079
0.0389653 5.38549e-05 0.00125817
0.0549487 8.51279e-05 0.00191362
0.0590129 9.27925e-05 0.00199187
0.0713035 0.000119369 0.00114686
0.0787306 0.000125461 0.00110854
0.10265 0.000178607 0.00176378
0.112568 0.000193736 0.00180901
0.132297 0.000240204 0.00240921
0.146764 0.000275794 0.00181491
0.15911 0.000293738 0.00177613
0.191354 0.000375514 0.00260957
0.227502 0.000472769 0.000973271
0.245257 0.000484229 0.000805937
0.256566 0.000495831 0.00103354
0.268397 0.000508152 0.00104919
0.280773 0.000521236 0.00106507
0.293719 0.00053513 0.0010812
0.307263 0.000549885 0.00109757
0.321432 0.000565555 0.00111419
0.336253 0.000582195 0.00113106
0.351758 0.000599866 0.00114818
0.367978 0.000618631 0.00116556
0.384946 0.000638559 0.00118321
0.402697 0.000659722 0.00120112
0.421266 0.000682195 0.00121931
0.440691 0.000706061 0.00123777
0.461012 0.000731406 0.00125651
0.48227 0.00075832 0.00127553
0.504508 0.000786902 0.00129484
0.527771 0.000817254 0.00131445
0.552107 0.000849487 0.00133435
0.577566 0.000883717 0.00135455
0.604198 0.000920067 0.00137506
0.632059 0.000958668 0.00139588
0.661204 0.000999662 0.00141701
0.691693 0.00104319 0.00143847
0.723588 0.00108942 0.00146024
0.756953 0.00113852 0.00148235
0.791857 0.00119065 0.00150479
0.828371 0.00124602 0.00152758
0.866568 0.00130481 0.00155071
0.906527 0.00136725 0.00157418
0.948328 0.00143355 0.00159802
0.992057 0.00150396 0.00162221
1.0378 0.00157874 0.00164677
1.08566 0.00165815 0.0016717
1.13572 0.00174247 0.00169701
1.18809 0.00183202 0.00172271
1.24287 0.00192712 0.00174879
1.30018 0.00202811 0.00177526
1.36014 0.00213535 0.00180214
1.42285 0.00224924 0.00182943
1.48846 0.00237018 0.00185712
1.5571 0.00249862 0.00188524
1.6289 0.00263501 0.00191378
1.70401 0.00277985 0.00194276
1.78258 0.00293367 0.00197217
1.86478 0.00309701 0.00200203
1.95077 0.00327047 0.00203234
2.04072 0.00345468 0.00206311
2.13482 0.0036503 0.00209435
2.23326 0.00385804 0.00212606
2.33624 0.00407865 0.00215824
2.44396 0.00431292 0.00219092
2.55666 0.00456171 0.00222409
2.67455 0.00482591 0.00225776
2.79788 0.00510648 0.00229195
2.92689 0.00540443 0.00232665
3.06185 0.00572083 0.00236187
3.20304 0.00605684 0.00239763
3.35074 0.00641366 0.00243393
3.50524 0.00679259 0.00247078
3.66688 0.00719499 0.00250819
3.83596 0.00762232 0.00254616
4.01284 0.00807613 0.00258471
4.19788 0.00855804 0.00262385
4.39145 0.00906982 0.00266357
4.59395 0.00961329 0.0027039
4.80578 0.0101904 0.00274483
5.02738 0.0108033 0.00278639
5.2592 0.0114542 0.00282858
5.50171 0.0121454 0.0028714
5.7554 0.0128794 0.00291488
6.02079 0.0136589 0.00295901
6.29841 0.0144866 0.00300381
6.58884 0.0153657 0.00304928
6.89266 0.0162992 0.00309545
7.21049 0.0172905 0.00314232
7.54298 0.0183433 0.00318989
7.8908 0.0194612 0.00323819
8.25465 0.0206484 0.00328721
8.63529 0.0219092 0.00333698
9.03347 0.0232481 0.0033875
9.45002 0.0246699 0.00343879
9.88577 0.0261798 0.00349085
10.3416 0.0277832 0.00354371
10.8185 0.029486 0.00359736
11.3173 0.0312942 0.00365182
11.8392 0.0332145 0.00370711
12.3851 0.0352537 0.00376324
12.9562 0.0374193 0.00382021
13.5536 0.039719 0.00387805
14.1786 0.0421611 0.00393677
14.8324 0.0447546 0.00399637
15.5164 0.0475087 0.00405687
16.2318 0.0504335 0.00411829
16.9803 0.0535394 0.00418065
17.7633 0.0568378 0.00424394
18.5824 0.0603405 0.0043082
19.4392 0.0640601 0.00437342
20.3356 0.0680102 0.00443964
21.2733 0.072205 0.00450685
22.2543 0.0766597 0.00457509
23.2804 0.0813904 0.00464435
24.3539 0.0864141 0.00471467
25.4769 0.091749 0.00478605
26.6517 0.0974144 0.00485851
27.8806 0.103431 0.00493207
29.1662 0.10982 0.00500674
30.5111 0.116605 0.00508254
31.9181 0.12381 0.00515949
33.3898 0.131462 0.00523761
34.9295 0.139587 0.00531691
36.5401 0.148216 0.0053974
38.225 0.15738 0.00547912
39.9877 0.167111 0.00556208
41.8315 0.177445 0.00564629
43.7605 0.188419 0.00573177
45.7783 0.200073 0.00581855
47.8892 0.212449 0.00590664
50.0974 0.225592 0.00599607
52.4075 0.239549 0.00608685
54.8241 0.254371 0.00617901
57.3521 0.27011 0.00627256
59.9967 0.286825 0.00636752
62.7632 0.304575 0.00646393
65.6573 0.323425 0.00656179
68.6849 0.343443 0.00666114
71.852 0.364701 0.00676199
75.1652 0.387275 0.00686552
75.1652 0.387275 0.00686451
75.6528 0.390703 0.0071927
76.1436 0.394314 0.00752283
76.6376 0.398112 0.0078549
77.1348 0.4021 0.00818893
77.6352 0.406282 0.00852493
78.1388 0.410661 0.0088629
78.6457 0.41524 0.00920286
79.1559 0.420022 0.00954481
79.6694 0.425012 0.00988877
80.1863 0.430212 0.0102347
80.7065 0.435627 0.0105827
81.23 0.441259 0.0109328
81.757 0.447113 0.0112849
82.2874 0.453192 0.011639
82.8212 0.459501 0.0119952
83.3585 0.466042 0.0123535
83.8993 0.47282 0.0127138
84.4436 0.479838 0.0130763
84.9914 0.487102 0.0134409
85.5428 0.494614 0.0138075
86.0977 0.502378 0.0141764
86.6563 0.5104 0.0145473
87.2184 0.518683 0.0149204
87.7842 0.527231 0.0152956
88.3537 0.53605 0.015673
88.9269 0.545142 0.0160526
89.5038 0.554513 0.0164344
90.0845 0.564167 0.0168184
90.6689 0.574108 0.0172046
91.2571 0.584342 0.017593
91.8491 0.594873 0.0179836
92.4449 0.605706 0.0183765
93.0447 0.616845 0.0187716
93.6483 0.628296 0.0191689
94.2558 0.640063 0.0195686
94.8673 0.652152 0.0199705
95.4827 0.664567 0.0203747
96.1021 0.677313 0.0207812
96.7256 0.690397 0.02119
97.3531 0.703822 0.0216012
97.9847 0.717595 0.0220146
98.6203 0.731721 0.0224304
99.2601 0.746206 0.0228486
99.904 0.761054 0.0232691
100.552 0.776272 0.023692
101.204 0.791866 0.0241173
101.861 0.80784 0.0245449
102.522 0.824202 0.024975
103.187 0.840956 0.0254074
103.856 0.85811 0.0258423
104.53 0.875669 0.0262796
105.208 0.893638 0.0267194
105.891 0.912026 0.0271616
106.578 0.930837 0.0276063
107.269 0.950079 0.0280534
107.965 0.969758 0.028503
108.665 0.98988 0.0289552
109.37 1.01045 0.0294098
110.08 1.03148 0.0298669
110.794 1.05297 0.0303265
111.513 1.07494 0.0307887
112.236 1.09738 0.0312534
112.964 1.12031 0.0317207
113.697 1.14372 0.0321905
114.435 1.16764 0.0326629
115.177 1.19207 0.0331379
115.924 1.217 0.0336154
116.676 1.24247 0.0340956
117.433 1.26846 0.0345783
118.195 1.29498 0.0350637
118.962 1.32206 0.0355517
119.734 1.34968 0.0360423
120.51 1.37787 0.0365356
121.292 1.40663 0.0370315
122.079 1.43596 0.0375301
122.871 1.46588 0.0380314
123.668 1.4964 0.0385353
124.47 1.52752 0.039042
125.278 1.55925 0.0395513
126.091 1.5916 0.0400633
126.909 1.62458 0.0405781
127.732 1.65821 0.0410955
128.561 1.69247 0.0416158
129.395 1.7274 0.0421387
130.234 1.76299 0.0426644
131.079 1.79926 0.0431928
131.929 1.83622 0.0437241
132.785 1.87387 0.044258
133.646 1.91223 0.0447948
134.513 1.9513 0.0453344
135.386 1.99109 0.0458767
136.264 2.03163 0.0464219
137.148 2.07291 0.0469698
138.038 2.11494 0.0475206
138.934 2.15774 0.0480742
139.835 2.20132 0.0486307
140.742 2.24569 0.04919
141.655 2.29086 0.0497521
142.574 2.33684 0.0503171
143.499 2.38365 0.0508849
144.43 2.43128 0.0514557
145.367 2.47976 0.0520293
146.31 2.5291 0.0526057
147.259 2.57931 0.0531851
148.215 2.63039 0.0537673
149.176 2.68237 0.0543525
150.144 2.73526 0.0549405
151.118 2.78906 0.0555314
152.098 2.84379 0.0561253
153.085 2.89947 0.0567221
154.078 2.9561 0.0573218
155.078 3.01369 0.0579244
156.084 3.07227 0.05853
157.096 3.13185 0.0591385
158.115 3.19243 0.0597499
159.141 3.25403 0.0603643
160.173 3.31667 0.0609816
161.213 3.38036 0.0616019
162.258 3.44511 0.0622252
163.311 3.51094 0.0628513
164.37 3.57786 0.0634805
165.437 3.64589 0.0641126
166.51 3.71504 0.0647477
167.59 3.78532 0.0653857
168.678 3.85676 0.0660268
169.772 3.92937 0.0666707
170.873 4.00315 0.0673177
171.982 4.07813 0.0679676
173.097 4.15433 0.0686205
174.22 4.23176 0.0692764
175.351 4.31043 0.0699353
176.488 4.39036 0.0705971
177.633 4.47157 0.0712619
178.785 4.55407 0.0719296
179.945 4.63789 0.0726004
181.113 4.72303 0.0732741
182.288 4.80952 0.0739508
183.47 4.89738 0.0746304
184.66 4.98661 0.075313
185.858 5.07724 0.0759986
187.064 5.16929 0.0766871
188.278 5.26278 0.0773786
189.499 5.35771 0.078073
190.728 5.45412 0.0787704
191.966 5.55202 0.0794707
193.211 5.65142 0.0801739
194.464 5.75236 0.0808801
195.726 5.85484 0.0815892
196.996 5.95889 0.0823012
198.274 6.06453 0.0830162
199.56 6.17177 0.083734
200.855 6.28064 0.0844547
202.158 6.39116 0.0851783
203.469 6.50334 0.0859048
204.789 6.61722 0.0866342
206.118 6.7328 0.0873664
207.455 6.85011 0.0881015
208.801 6.96918 0.0888395
210.155 7.09002 0.0895802
211.519 7.21266 0.0903238
212.891 7.33711 0.0910702
214.272 7.4634 0.0918193
215.662 7.59156 0.0925713
217.061 7.7216 0.093326
218.469 7.85355 0.0940835
219.886 7.98744 0.0948437
221.313 8.12327 0.0956066
222.749 8.26109 0.0963722
224.194 8.40091 0.0971406
225.648 8.54275 0.0979116
227.112 8.68664 0.0986852
228.585 8.83261 0.0994615
230.068 8.98069 0.10024
231.561 9.13088 0.101022
233.063 9.28323 0.101806
234.575 9.43775 0.102593
236.097 9.59447 0.103382
237.628 9.75342 0.104173
239.17 9.91462 0.104968
240.722 10.0781 0.105764
242.283 10.2439 0.106563
243.855 10.412 0.107365
245.437 10.5825 0.108168
247.029 10.7554 0.108975
248.632 10.9307 0.109783
250.245 11.1084 0.110594
251.868 11.2886 0.111407
253.502 11.4713 0.112222
255.147 11.6565 0.11304
256.802 11.8443 0.113859
258.468 12.0347 0.114681
260.145 12.2277 0.115505
261.832 12.4233 0.116331
263.531 12.6216 0.117159
265.24 12.8226 0.117989
266.961 13.0263 0.118821
268.693 13.2328 0.119655
270.436 13.4421 0.120491
272.191 13.6543 0.121328
273.956 13.8693 0.122167
275.734 14.0871 0.123009
277.522 14.3079 0.123851
279.323 14.5317 0.124696
281.135 14.7584 0.125542
282.959 14.9881 0.126389
284.794 15.2209 0.127238
286.642 15.4568 0.128089
288.501 15.6957 0.128941
290.373 15.9379 0.129794
292.257 16.1832 0.130649
294.153 16.4317 0.131505
296.061 16.6835 0.132361
297.982 16.9385 0.13322
299.915 17.1969 0.134079
301.86 17.4586 0.134939
303.819 17.7237 0.1358
305.79 17.9922 0.136662
307.773 18.2641 0.137525
309.77 18.5396 0.138388
311.78 18.8186 0.139252
313.802 19.1011 0.140117
315.838 19.3872 0.140983
317.887 19.677 0.141848
319.949 19.9704 0.142714
322.025 20.2675 0.143581
324.114 20.5684 0.144447
326.217 20.873 0.145314
328.333 21.1814 0.146181
330.463 21.4937 0.147048
332.607 21.8099 0.147915
334.764 22.13 0.148781
336.936 22.454 0.149647
339.122 22.7821 0.150513
341.322 23.1142 0.151379
343.536 23.4503 0.152244
345.765 23.7906 0.153108
348.008 24.135 0.153971
350.266 24.4836 0.154834
352.538 24.8364 0.155695
354.825 25.1935 0.156556
357.127 25.5548 0.157415
359.444 25.9205 0.158274
361.776 26.2906 0.15913
364.123 26.6651 0.159986
366.485 27.044 0.160839
368.862 27.4274 0.161691
371.255 27.8153 0.162541
373.664 28.2078 0.163389
376.088 28.6049 0.164235
378.528 29.0067 0.165079
380.983 29.4131 0.165921
383.455 29.8242 0.16676
385.942 30.2401 0.167596
388.446 30.6607 0.16843
390.966 31.0862 0.16926
393.502 31.5166 0.170088
396.055 31.9518 0.170913
398.625 32.392 0.171734
401.211 32.8372 0.172552
403.813 33.2873 0.173366
406.433 33.7426 0.174176
409.07 34.2029 0.174983
411.724 34.6683 0.175785
414.395 35.1389 0.176584
417.083 35.6147 0.177378
419.789 36.0957 0.178167
422.512 36.582 0.178951
425.253 37.0735 0.179731
428.012 37.5704 0.180506
430.788 38.0727 0.181275
433.583 38.5804 0.182039
436.396 39.0935 0.182797
439.227 39.6121 0.18355
442.076 40.1361 0.184296
444.944 40.6657 0.185037
447.831 41.2009 0.185771
450.736 41.7417 0.186498
453.66 42.2881 0.187219
456.603 42.8401 0.187932
459.565 43.3978 0.188639
462.547 43.9613 0.189338
465.547 44.5305 0.190029
468.567 45.1054 0.190713
471.607 45.6862 0.191388
474.667 46.2727 0.192056
477.746 46.8652 0.192715
480.845 47.4634 0.193365
483.965 48.0676 0.194006
487.104 48.6777 0.194638
490.264 49.2938 0.19526
493.445 49.9158 0.195873
496.646 50.5438 0.196476
499.868 51.1777 0.197068
503.111 51.8177 0.197651
506.375 52.4638 0.198222
509.66 53.1159 0.198783
512.966 53.774 0.199332
516.294 54.4382 0.19987
519.643 55.1086 0.200396
523.014 55.785 0.20091
526.407 56.4675 0.201412
529.822 57.1562 0.201901
533.26 57.851 0.202378
536.719 58.5519 0.202841
540.201 59.2589 0.20329
543.705 59.9721 0.203726
547.233 60.6915 0.204148
550.783 61.4169 0.204556
554.356 62.1485 0.204949
557.952 62.8863 0.205327
561.572 63.6301 0.205689
565.215 64.3801 0.206036
568.882 65.1362 0.206367
572.572 65.8984 0.206682
576.287 66.6667 0.20698
580.025 67.441 0.207262
583.788 68.2214 0.207526
587.575 69.0078 0.207772
591.387 69.8002 0.208001
595.224 70.5986 0.208211
599.085 71.403 0.208403
602.971 72.2133 0.208576
606.883 73.0295 0.20873
610.82 73.8515 0.208863
614.783 74.6794 0.208977
618.771 75.513 0.209071
622.785 76.3524 0.209143
626.826 77.1975 0.209195
630.892 78.0483 0.209225
634.985 78.9046 0.209233
639.104 79.7665 0.209219
643.25 80.6338 0.209182
647.423 81.5066 0.209123
651.623 82.3848 0.20904
655.851 83.2682 0.208933
660.105 84.1569 0.208802
664.388 85.0507 0.208646
668.698 85.9496 0.208465
673.036 86.8535 0.208259
677.402 87.7623 0.208028
681.797 88.676 0.20777
686.22 89.5943 0.207486
690.671 90.5173 0.207174
695.152 91.4448 0.206836
699.662 92.3767 0.206469
704.201 93.313 0.206075
708.769 94.2535 0.205651
713.367 95.198 0.205199
717.995 96.1465 0.204718
722.653 97.0989 0.204206
727.341 98.055 0.203665
732.06 99.0146 0.203092
736.809 99.9777 0.202489
741.589 100.944 0.201855
746.4 101.914 0.201188
751.242 102.886 0.200489
756.115 103.861 0.199758
761.021 104.839 0.198993
765.958 105.82 0.198196
770.927 106.803 0.197364
775.928 107.787 0.196498
780.962 108.774 0.195597
786.028 109.763 0.194661
791.127 110.753 0.19369
796.26 111.745 0.192683
801.425 112.737 0.191639
806.624 113.731 0.190559
811.857 114.725 0.189442
817.124 115.72 0.188288
822.425 116.715 0.187096
827.76 117.71 0.185866
833.13 118.704 0.184597
838.535 119.698 0.183289
843.975 120.692 0.181943
849.45 121.684 0.180557
854.961 122.675 0.179131
860.507 123.665 0.177664
866.09 124.652 0.176158
871.708 125.638 0.17461
877.363 126.621 0.173022
883.055 127.601 0.171392
888.784 128.578 0.16972
894.55 129.552 0.168006
900.353 130.521 0.16625
906.194 131.487 0.164452
912.073 132.449 0.162611
917.99 133.405 0.160727
923.945 134.357 0.1588
929.939 135.303 0.156829
935.972 136.243 0.154815
942.044 137.176 0.152757
948.155 138.104 0.150655
954.306 139.024 0.14851
960.497 139.936 0.14632
966.728 140.841 0.144085
973 141.738 0.141806
979.312 142.625 0.139483
985.665 143.504 0.137116
992.059 144.373 0.134703
998.495 145.232 0.132246
1004.97 146.081 0.129745
1011.49 146.918 0.127198
1018.05 147.744 0.124608
1024.66 148.559 0.121972
1031.31 149.36 0.119293
1038 150.149 0.116569
1044.73 150.925 0.113801
1051.51 151.687 0.110988
1058.33 152.434 0.108132
1065.2 153.167 0.105233
1072.11 153.884 0.10229
1079.06 154.585 0.0993034
1086.06 155.269 0.0962743
1093.11 155.937 0.0932027
1100.2 156.587 0.0900889
1107.34 157.218 0.0869332
1114.52 157.831 0.0837362
1121.75 158.425 0.0804983
1129.03 158.999 0.0772198
1136.35 159.553 0.0739014
1143.72 160.085 0.0705436
1151.14 160.596 0.0671469
1158.61 161.084 0.0637121
1166.13 161.55 0.0602396
1173.69 161.993 0.0567303
1181.31 162.411 0.0531848
1188.97 162.805 0.049604
1196.68 163.174 0.0459885
1204.45 163.516 0.0423393
1212.26 163.833 0.0386573
1220.12 164.122 0.0349434
1228.04 164.384 0.0311985
1236.01 164.618 0.0274237
1244.02 164.822 0.02362
1252.09 164.997 0.0197885
1260.22 165.142 0.0159304
1268.39 165.257 0.0120469
1276.62 165.34 0.00813909
1284.9 165.391 0.0042084
1293.24 165.41 0.000256112
1301.63 165.411 0
1310.07 165.411 0
1318.57 165.411 0
1327.13 165.411 0
1335.74 165.411 0
1344.4 165.411 0
1353.12 165.411 0
1361.9 165.411 0
1370.74 165.411 0
1379.63 165.411 0
1388.58 165.411 0
1397.59 165.411 0
1406.65 165.411 0
1415.78 165.411 0
1424.96 165.411 0
1434.21 165.411 0
1443.51 165.411 0
1452.88 165.411 0
1462.3 165.411 0
1471.79 165.411 0
1481.34 165.411 0
1490.95 165.411 0
1500.62 165.411 0
1510.35 165.411 0
1520.15 165.411 0
1530.01 165.411 0
1539.94 165.411 0
1549.93 165.411 0
1559.98 165.411 0
1570.1 165.411 0
1580.29 165.411 0
1590.54 165.411 0
1600.86 165.411 0
1611.25 165.411 0
1621.7 165.411 0
1632.22 165.411 0
1642.81 165.411 0
1653.47 165.411 0
1664.19 165.411 0
1674.99 165.411 0
1685.85 165.411 0
1696.79 165.411 0
1707.8 165.411 0
1718.88 165.411 0
1730.03 165.411 0
1741.25 165.411 0
1752.55 165.411 0
1763.92 165.411 0
1775.36 165.411 0
1786.88 165.411 0
1798.47 165.411 0
1810.14 165.411 0
1821.88 165.411 0
1833.7 165.411 0
1845.6 165.411 0
1857.57 165.411 0
1869.62 165.411 0
1881.75 165.411 0
1893.96 165.411 0
1906.24 165.411 0
1918.61 165.411 0
1931.06 165.411 0
1943.58 165.411 0
1956.19 165.411 0
1968.88 165.411 0
1981.66 165.411 0
1994.51 165.411 0
2007.45 165.411 0
2020.47 165.411 0
2033.58 165.411 0
2046.77 165.411 0
2060.05 165.411 0
2073.42 165.411 0
2086.87 165.411 0
2100.41 165.411 0
2114.03 165.411 0
2127.75 165.411 0
2141.55 165.411 0
2155.44 165.411 0
2169.43 165.411 0
2183.5 165.411 0
2197.66 165.411 0
2211.92 165.411 0
2226.27 165.411 0
2240.71 165.411 0
2255.25 165.411 0
2269.88 165.411 0
2284.61 165.411 0
2299.43 165.411 0
2314.34 165.411 0
2329.36 165.411 0
2344.47 165.411 0
2359.68 165.411 0
2374.99 165.411 0
2390.39 165.411 0
2405.9 165.411 0
2421.51 165.411 0
2437.22 165.411 0
2453.03 165.411 0
2468.94 165.411 0
2484.96 165.411 0
2501.08 165.411 0
2517.31 165.411 0
2533.64 165.411 0
2550.07 165.411 0
2566.62 165.411 0
2583.27 165.411 0
2600.03 165.411 0
2616.89 165.411 0
2633.87 165.411 0
2650.96 165.411 0
2668.15 165.411 0
2685.46 165.411 0
2702.89 165.411 0
2720.42 165.411 0
2738.07 165.465 0.00611168
2755.83 165.649 0.0146003
2773.71 165.987 0.0232207
2791.7 166.483 0.0319686
2809.81 167.143 0.04084
2828.04 167.969 0.0498304
2846.39 168.967 0.0589353
2864.85 170.14 0.0681503
2883.44 171.493 0.0774705
2902.15 173.03 0.0868913
2920.97 174.756 0.0964077
2939.92 176.674 0.106015
2958.99 178.788 0.115708
2978.19 181.103 0.125481
2997.51 183.623 0.135329
3016.96 186.351 0.145248
3036.53 189.291 0.155231
3056.23 192.448 0.165274
3076.05 195.825 0.175371
3096.01 199.426 0.185516
3116.1 203.254 0.195704
3136.31 207.314 0.205929
3156.66 211.608 0.216187
3177.14 216.14 0.22647
3197.75 220.914 0.236775
3218.49 225.933 0.247095
3239.37 231.2 0.257424
3260.39 236.719 0.267758
3281.54 242.491 0.278091
3302.83 248.522 0.288417
3324.25 254.812 0.298731
3345.82 261.365 0.309027
3367.52 268.184 0.319301
3389.37 275.272 0.329547
3411.36 282.63 0.339759
3433.49 290.262 0.349933
3455.76 298.169 0.360064
3478.18 306.354 0.370146
3500.75 314.819 0.380176
3523.46 323.567 0.390147
3546.31 332.598 0.400056
3569.32 341.915 0.409898
3592.48 351.519 0.419669
3615.78 361.413 0.429364
3639.24 371.597 0.438979
3662.85 382.074 0.44851
3686.61 392.843 0.457953
3710.53 403.908 0.467305
3734.6 415.268 0.476561
3758.82 426.925 0.485719
3783.21 438.88 0.494775
3807.75 451.133 0.503726
3832.45 463.685 0.512568
3857.32 476.537 0.5213
3882.34 489.69 0.529918
3907.53 503.144 0.538419
3932.88 516.899 0.546802
3958.39 530.955 0.555064
3984.07 545.313 0.563203
4009.92 559.973 0.571217
4035.93 574.936 0.579104
4062.11 590.199 0.586863
4088.47 605.765 0.594492
4114.99 621.633 0.60199
4141.68 637.801 0.609357
4168.55 654.271 0.61659
4195.6 671.041 0.623689
4222.81 688.112 0.630653
4250.21 705.482 0.637483
4277.78 723.151 0.644177
4305.53 741.119 0.650735
4333.46 759.385 0.657157
4361.58 777.948 0.663443
4389.87 796.807 0.669594
4418.35 815.962 0.675609
4447.01 835.411 0.68149
4475.86 855.155 0.687235
4504.9 875.191 0.692847
4534.12 895.52 0.698326
4563.54 916.139 0.703673
4593.14 937.049 0.708888
4622.94 958.247 0.713973
4652.93 979.734 0.718929
4683.12 1001.51 0.723757
4713.5 1023.57 0.728458
4744.08 1045.91 0.733034
4774.85 1068.54 0.737487
4805.83 1091.45 0.741817
4837.01 1114.65 0.746027
4868.39 1138.12 0.750118
4899.97 1161.87 0.754092
4931.76 1185.91 0.75795
4963.75 1210.22 0.761695
4995.95 1234.8 0.765328
5028.36 1259.66 0.768851
5060.98 1284.8 0.772266
5093.82 1310.21 0.775576
5126.86 1335.89 0.778781
5160.12 1361.85 0.781885
5193.6 1388.07 0.784888
5227.29 1414.56 0.787794
5261.2 1441.33 0.790604
5295.33 1468.36 0.793321
5329.68 1495.66 0.795946
5364.26 1523.22 0.798481
5399.06 1551.05 0.80093
5434.09 1579.14 0.803292
5469.34 1607.5 0.805572
5504.82 1636.12 0.80777
5540.53 1665.01 0.80989
5576.48 1694.16 0.811932
5612.65 1723.56 0.813899
5649.06 1753.23 0.815794
5685.71 1783.16 0.817617
5722.6 1813.35 0.819372
5759.72 1843.8 0.821059
5797.09 1874.51 0.822682
5834.69 1905.48 0.824241
5872.55 1936.71 0.825739
5910.64 1968.2 0.827177
5948.99 1999.94 0.828558
5987.58 2031.94 0.829884
6026.42 2064.2 0.831155
6065.52 2096.72 0.832373
6104.87 2129.5 0.833542
6144.47 2162.53 0.834661
6184.33 2195.82 0.835733
6224.45 2229.37 0.836759
6264.83 2263.18 0.837742
6305.48 2297.25 0.838681
6346.38 2331.57 0.83958
6387.55 2366.16 0.840439
6428.99 2401 0.84126
6470.7 2436.1 0.842044
6512.68 2471.47 0.842793
6554.93 2507.09 0.843507
6597.45 2542.97 0.844189
6640.25 2579.12 0.844839
6683.33 2615.53 0.845459
6726.69 2652.2 0.84605
6770.32 2689.13 0.846613
6814.25 2726.32 0.847148
6858.45 2763.79 0.847658
6902.95 2801.51 0.848144
6947.73 2839.5 0.848605
6992.8 2877.76 0.849044
7038.16 2916.29 0.849461
7083.82 2955.08 0.849857
7129.78 2994.15 0.850233
7176.03 3033.48 0.850591
7222.59 3073.09 0.850929
7269.44 3112.97 0.851251
7316.6 3153.12 0.851555
7364.07 3193.54 0.851844
7411.84 3234.24 0.852118
7459.92 3275.22 0.852376
7508.32 3316.48 0.852622
7557.03 3358.02 0.852853
7606.05 3399.83 0.853073
7655.39 3441.93 0.85328
7705.06 3484.31 0.853476
7755.04 3526.98 0.853661
7805.35 3569.93 0.853836
7855.99 3613.17 0.854001
7906.95 3656.7 0.854156
7958.25 3700.52 0.854303
8009.88 3744.63 0.854441
8061.84 3789.03 0.854571
8114.14 3833.73 0.854694
8166.78 3878.72 0.854809
8219.76 3924.01 0.854918
8273.08 3969.6 0.85502
8326.76 4015.49 0.855116
8380.77 4061.69 0.855206
8435.14 4108.19 0.85529
8489.86 4154.99 0.85537
8544.94 4202.1 0.855444
8600.38 4249.53 0.855514
8656.17 4297.26 0.85558
8712.32 4345.31 0.855641
8768.84 4393.67 0.855699
8825.73 4442.35 0.855753
8882.99 4491.35 0.855803
8940.61 4540.67 0.85585
8998.61 4590.31 0.855894
9056.99 4640.27 0.855936
9115.75 4690.57 0.855974
9174.89 4741.19 0.85601
9234.41 4792.14 0.856043
9294.31 4843.42 0.856075
9354.61 4895.04 0.856104
9415.29 4947 0.856131
9476.38 4999.29 0.856156
9537.85 5051.92 0.856179
9599.73 5104.9 0.856201
9662 5158.22 0.856222
9724.68 5211.89 0.85624
9787.77 5265.91 0.856258
9851.27 5320.28 0.856274
9915.18 5375.01 0.856289
9979.5 5430.08 0.856303
10044.2 5485.52 0.856316
10109.4 5541.32 0.856328
10175 5597.48 0.856339
10241 5654.01 0.85635
10307.4 5710.9 0.856359
10374.3 5768.17 0.856368
10441.6 5825.8 0.856376
10509.3 5883.81 0.856384
10577.5 5942.2 0.85639
10646.1 6000.96 0.856397
10715.2 6060.11 0.856403
10784.7 6119.64 0.856408
10854.7 6179.56 0.856413
10925.1 6239.87 0.856418
10996 6300.57 0.856422
11067.3 6361.66 0.856426
11139.1 6423.15 0.856429
11211.4 6485.04 0.856433
11284.1 6547.33 0.856436
11357.3 6610.02 0.856438
11431 6673.12 0.856441
11505.1 6736.63 0.856443
11579.8 6800.56 0.856445
11654.9 6864.9 0.856447
11730.5 6929.65 0.856449
11806.6 6994.83 0.856451
11883.2 7060.43 0.856452
11960.3 7126.45 0.856453
12037.9 7192.9 0.856455
12116 7259.79 0.856456
12194.6 7327.11 0.856457
12273.7 7394.86 0.856458
12353.3 7463.05 0.856458
12433.5 7531.69 0.856459
12514.1 7600.77 0.85646
12595.3 7670.3 0.856461
12677 7740.29 0.856461
12759.2 7810.72 0.856462
12842 7881.61 0.856462
12925.3 7952.97 0.856463
13009.2 8024.78 0.856463
13093.6 8097.06 0.856463
13178.5 8169.81 0.856464
13264 8243.04 0.856464
13350.1 8316.73 0.856464
13436.7 8390.91 0.856464
13523.8 8465.57 0.856465
13611.6 8540.71 0.856465
13699.9 8616.33 0.856465
13788.8 8692.45 0.856465
13878.2 8769.07 0.856465
13968.2 8846.18 0.856465
14058.9 8923.79 0.856465
14150.1 9001.9 0.856466
14241.9 9080.52 0.856466
14334.2 9159.65 0.856466
14427.2 9239.3 0.856466
14520.8 9319.46 0.856466
14615 9400.14 0.856466
14709.8 9481.34 0.856466
14805.3 9563.07 0.856466
14901.3 9645.33 0.856466
14998 9728.13 0.856466
15095.3 9811.46 0.856466
15193.2 9895.33 0.856466
15291.8 9979.75 0.856466
15391 10064.7 0.856466
15490.8 10150.2 0.856466
15591.3 10236.3 0.856466
15692.5 10322.9 0.856466
15794.3 10410.1 0.856466
15896.7 10497.9 0.856466
15999.9 10586.2 0.856466
16103.7 10675.1 0.856466
16208.1 10764.6 0.856466
16313.3 10854.6 0.856466
16419.1 10945.3 0.856466
16525.6 11036.5 0.856466
16632.8 11128.3 0.856466
16740.7 11220.7 0.856466
16849.3 11313.7 0.856466
16958.7 11407.4 0.856466
17068.7 11501.6 0.856466
17179.4 11596.4 0.856466
17290.8 11691.9 0.856466
17403 11788 0.856466
17515.9 11884.6 0.856466
17629.6 11982 0.856466
17743.9 12079.9 0.856466
17859 12178.5 0.856466
17974.9 12277.7 0.856466
18091.5 12377.6 0.856466
18208.9 12478.1 0.856466
18327 12579.3 0.856466
18445.9 12681.1 0.856466
18565.5 12783.6 0.856466
18686 12886.8 0.856466
18807.2 12990.6 0.856466
18929.2 13095.1 0.856466
19052 13200.3 0.856466
19175.6 13306.1 0.856466
19300 13412.7 0.856466
19425.2 13519.9 0.856466
19551.2 13627.8 0.856466
19678.1 13736.5 0.856466
19805.7 13845.8 0.856466
19934.2 13955.8 0.856466
20063.5 14066.6 0.856466
20193.7 14178.1 0.856466
20324.7 14290.3 0.856466
20456.6 14403.2 0.856466
20589.3 14516.9 0.856466
20722.8 14631.3 0.856466
20857.3 14746.4 0.856466
20992.6 14862.3 0.856466
21128.8 14978.9 0.856466
21265.8 15096.3 0.856466
21403.8 15214.5 0.856466
21542.7 15333.4 0.856466
21682.4 15453.1 0.856466
21823.1 15573.6 0.856466
21964.6 15694.8 0.856466
22107.1 15816.9 0.856466
22250.6 15939.7 0.856466
22394.9 16063.3 0.856466
22540.2 16187.8 0.856466
22686.4 16313 0.856466
22833.6 16439 0.856466
22981.7 16565.9 0.856466
23130.8 16693.6 0.856466
23280.9 16822.1 0.856466
23431.9 16951.5 0.856466
23583.9 17081.7 0.856466
23736.9 17212.7 0.856466
23890.9 17344.6 0.856466
24045.9 17477.3 0.856466
24201.9 17610.9 0.856466
24358.9 17745.4 0.856466
24516.9 17880.8 0.856466
24676 18017 0.856466
24836 18154.1 0.856466
24997.2 18292.1 0.856466
25159.3 18431 0.856466
25322.5 18570.8 0.856466
25486.8 18711.5 0.856466
25652.2 18853.1 0.856466
25818.6 18995.6 0.856466
25986.1 19139 0.856466
26154.7 19283.4 0.856466
26324.3 19428.7 0.856466
26495.1 19575 0.856466
26667 19722.2 0.856466
26840 19870.4 0.856466
27014.1 20019.5 0.856466
27189.4 20169.6 0.856466
27365.7 20320.7 0.856466
27543.3 20472.7 0.856466
27722 20625.8 0.856466
27901.8 20779.8 0.856466
28082.8 20934.8 0.856466
28265 21090.9 0.856466
28448.4 21247.9 0.856466
28632.9 21406 0.856466
28818.7 21565.1 0.856466
29005.6 21725.2 0.856466
29193.8 21886.3 0.856466
29383.2 22048.6 0.856466
29573.8 22211.8 0.856466
29765.7 22376.1 0.856466
29958.8 22541.5 0.856466
30153.1 22708 0.856466
30348.7 22875.5 0.856466
30545.6 23044.1 0.856466
30743.8 23213.8 0.856466
30943.2 23384.7 0.856466
31143.9 23556.6 0.856466
31346 23729.6 0.856466
31549.3 23903.8 0.856466
31754 24079.1 0.856466
31960 24255.5 0.856466
32167.3 24433.1 0.856466
32376 24611.8 0.856466
32586.1 24791.7 0.856466
32797.5 24972.8 0.856466
33010.2 25155 0.856466
33224.4 25338.4 0.856466
33439.9 25523 0.856466
33656.9 25708.8 0.856466
33875.2 25895.8 0.856466
34095 26084 0.856466
34316.1 26273.5 0.856466
34538.8 26464.1 0.856466
34762.8 26656 0.856466
34988.3 26849.2 0.856466
35215.3 27043.6 0.856466
35443.8 27239.3 0.856466
35673.7 27436.2 0.856466
35905.1 27634.4 0.856466
36138.1 27833.9 0.856466
36372.5 28034.7 0.856466
36608.5 28236.8 0.856466
36846 28440.2 0.856466
37085 28644.9 0.856466
37325.6 28851 0.856466
37567.7 29058.3 0.856466
37811.4 29267.1 0.856466
38056.7 29477.2 0.856466
38303.6 29688.6 0.856466
38552.1 29901.4 0.856466
38802.2 30115.6 0.856466
39053.9 30331.2 0.856466
39307.3 30548.2 0.856466
39562.3 30766.6 0.856466
39819 30986.4 0.856466
40077.3 31207.7 0.856466
40337.3 31430.4 0.856466
40599 31654.5 0.856466
40862.3 31880.1 0.856466
41127.4 32107.1 0.856466
41394.2 32335.6 0.856466
41662.8 32565.6 0.856466
41933.1 32797.1 0.856466
42205.1 33030.1 0.856466
42478.9 33264.6 0.856466
42754.5 33500.6 0.856466
43031.8 33738.2 0.856466
43311 33977.3 0.856466
43592 34217.9 0.856466
43874.8 34460.1 0.856466
44159.4 34703.9 0.856466
44445.9 34949.2 0.856466
44734.2 35196.2 0.856466
45024.4 35444.7 0.856466
45316.5 35694.9 0.856466
45610.5 35946.7 0.856466
45906.4 36200.1 0.856466
46204.2 36455.2 0.856466
46503.9 36711.9 0.856466
46805.6 36970.3 0.856466
47109.3 37230.3 0.856466
47414.9 37492.1 0.856466
47722.5 37755.5 0.856466
48032.1 38020.7 0.856466
48343.7 38287.6 0.856466
48657.3 38556.2 0.856466
48972.9 38826.5 0.856466
49290.7 39098.6 0.856466
49610.4 39372.5 0.856466
49932.3 39648.1 0.856466
50256.2 39925.6 0.856466
50582.2 40204.8 0.856466
50910.4 40485.9 0.856466
51240.6 40768.7 0.856466
51573.1 41053.4 0.856466
51907.6 41340 0.856466
52244.4 41628.4 0.856466
52583.3 41918.7 0.856466
52924.4 42210.8 0.856466
53267.8 42504.9 0.856466
53613.3 42800.9 0.856466
53961.1 43098.7 0.856466
54311.2 43398.6 0.856466
54663.5 43700.3 0.856466
55018.2 44004 0.856466
55375.1 44309.7 0.856466
55734.3 44617.4 0.856466
56095.9 44927.1 0.856466
