5.78741e-09 5.95396e-15 4.29514e-06
5.8738e-08 3.33166e-13 8.58285e-06
5.86595e-07 1.45059e-11 3.56977e-05
4.6076e-06 3.38009e-10 8.97843e-05
5.86875e-06 4.61297e-10 0.000114002
2.3369e-05 3.31505e-09 0.000192532
7.39119e-05 1.62978e-08 0.000292274
0.000147358 4.17301e-08 0.000330144
0.000152693 4.34471e-08 0.000292479
0.000165528 4.67976e-08 0.000304172
0.000294481 1.01986e-07 0.000463041
0.000466785 1.89679e-07 0.00054542
0.000739961 3.52227e-07 0.00041641
0.000792747 3.70702e-07 0.000446592
0.000859333 4.13069e-07 0.00055442
0.000931697 4.48502e-07 0.00055104
0.00117285 6.10601e-07 0.000697128
0.00147667 8.31244e-07 0.000750516
0.0017323 1.02935e-06 0.000535855
0.00185963 1.08409e-06 0.000525282
0.00294795 2.00733e-06 0.000908255
0.00467391 3.71532e-06 0.00105104
0.00633042 5.56999e-06 0.00091467
0.0070765 6.16755e-06 0.00093479
0.00933155 8.92099e-06 0.00127133
0.0117504 1.21316e-05 0.00137956
0.0154948 1.7543e-05 0.00122736
0.0177925 2.00421e-05 0.00125466
0.0234638 2.89812e-05 0.00164107
0.0295474 3.94039e-05 0.00177172
0.0354913 5.03041e-05 0.00128079
0.0389653 5.38549e-05 0.00125817
0.0549487 8.51279e-05 0.00191362
0.0590129 9.27925e-05 0.00199187
0.0713035 0.000119369 0.00114686
0.0787306 0.000125461 0.00110854
0.10265 0.000178607 0.00176378
0.112568 0.000193736 0.00180901
0.132297 0.000240204 0.00240921
0.146764 0.000275794 0.00181491
0.15911 0.000293738 0.00177613
0.191354 0.000375514 0.00260957
0.227502 0.000472769 0.000973271
0.245257 0.000484229 0.000805937
0.256566 0.000495831 0.00103354
0.268397 0.000508152 0.00104919
0.280773 0.000521236 0.00106507
0.293719 0.00053513 0.0010812
0.307263 0.000549885 0.00109757
0.321432 0.000565555 0.00111419
0.336253 0.000582195 0.00113106
0.351758 0.000599866 0.00114818
0.367978 0.000618631 0.00116556
0.384946 0.000638559 0.00118321
0.402697 0.000659722 0.00120112
0.421266 0.000682195 0.00121931
0.440691 0.000706061 0.00123777
0.461012 0.000731406 0.00125651
0.48227 0.00075832 0.00127553
0.504508 0.000786902 0.00129484
0.527771 0.000817254 0.00131445
0.552107 0.000849487 0.00133435
0.577566 0.000883717 0.00135455
0.604198 0.000920067 0.00137506
0.632059 0.000958668 0.00139588
0.661204 0.000999662 0.00141701
0.691693 0.00104319 0.00143847
0.723588 0.00108942 0.00146024
0.756953 0.00113852 0.00148235
0.791857 0.00119065 0.00150479
0.828371 0.00124602 0.00152758
0.866568 0.00130481 0.00155071
0.906527 0.00136725 0.00157418
0.948328 0.00143355 0.00159802
0.992057 0.00150396 0.00162221
1.0378 0.00157874 0.00164677
1.08566 0.00165815 0.0016717
1.13572 0.00174247 0.00169701
1.18809 0.00183202 0.00172271
1.24287 0.00192712 0.00174879
1.30018 0.00202811 0.00177526
1.36014 0.00213535 0.00180214
1.42285 0.00224924 0.00182943
1.48846 0.00237018 0.00185712
1.5571 0.00249862 0.00188524
1.6289 0.00263501 0.00191378
1.70401 0.00277985 0.00194276
1.78258 0.00293367 0.00197217
1.86478 0.00309701 0.00200203
1.95077 0.00327047 0.00203234
2.04072 0.00345468 0.00206311
2.13482 0.0036503 0.00209435
2.23326 0.00385804 0.00212606
2.33624 0.00407865 0.00215824
2.44396 0.00431292 0.00219092
2.55666 0.00456171 0.00222409
2.67455 0.00482591 0.00225776
2.79788 0.00510648 0.00229195
2.92689 0.00540443 0.00232665
3.06185 0.00572083 0.00236187
3.20304 0.00605684 0.00239763
3.35074 0.00641366 0.00243393
3.50524 0.00679259 0.00247078
3.66688 0.00719499 0.00250819
3.83596 0.00762232 0.00254616
4.01284 0.00807613 0.00258471
4.19788 0.00855804 0.00262385
4.39145 0.00906982 0.00266357
4.59395 0.00961329 0.0027039
4.80578 0.0101904 0.00274483
5.02738 0.0108033 0.00278639
5.2592 0.0114542 0.00282858
5.50171 0.0121454 0.0028714
5.7554 0.0128794 0.00291488
6.02079 0.0136589 0.00295901
6.29841 0.0144866 0.00300381
6.58884 0.0153657 0.00304928
6.89266 0.0162992 0.00309545
7.21049 0.0172905 0.00314232
7.54298 0.0183433 0.00318989
7.8908 0.0194612 0.00323819
8.25465 0.0206484 0.00328721
8.63529 0.0219092 0.00333698
9.03347 0.0232481 0.0033875
9.45002 0.0246699 0.00343879
9.88577 0.0261798 0.00349085
10.3416 0.0277832 0.00354371
10.8185 0.029486 0.00359736
11.3173 0.0312942 0.00365182
11.8392 0.0332145 0.00370711
12.3851 0.0352537 0.00376324
12.9562 0.0374193 0.00382021
13.5536 0.039719 0.00387805
14.1786 0.0421611 0.00393677
14.8324 0.0447546 0.00399637
15.5164 0.0475087 0.00405687
16.2318 0.0504335 0.00411829
16.9803 0.0535394 0.00418065
17.7633 0.0568378 0.00424394
18.5824 0.0603405 0.0043082
19.4392 0.0640601 0.00437342
20.3356 0.0680102 0.00443964
21.2733 0.072205 0.00450685
22.2543 0.0766597 0.00457509
23.2804 0.0813904 0.00464435
24.3539 0.0864141 0.00471467
25.4769 0.091749 0.00478605
26.6517 0.0974144 0.00485851
27.8806 0.103431 0.00493207
29.1662 0.10982 0.00500674
30.5111 0.116605 0.00508254
31.9181 0.12381 0.00515949
33.3898 0.131462 0.00523761
34.9295 0.139587 0.00531691
36.5401 0.148216 0.0053974
38.225 0.15738 0.00547912
39.9877 0.167111 0.00556208
41.8315 0.177445 0.00564629
43.7605 0.188419 0.00573177
45.7783 0.200073 0.00581855
47.8892 0.212449 0.00590664
50.0974 0.225592 0.00599607
52.4075 0.239549 0.00608685
54.8241 0.254371 0.00617901
57.3521 0.27011 0.00627256
59.9967 0.286825 0.00636752
62.7632 0.304575 0.00646393
65.6573 0.323425 0.00656179
68.6849 0.343443 0.00666114
71.852 0.364701 0.00676199
75.1652 0.387275 0.00686552
75.1652 0.387275 0.00686451
75.6528 0.390753 0.00739914
76.1436 0.394516 0.00793688
76.6376 0.398571 0.00847773
77.1348 0.402921 0.00902171
77.6352 0.407572 0.00956883
78.1388 0.41253 0.0101191
78.6457 0.4178 0.0106726
79.1559 0.423387 0.0112292
79.6694 0.429297 0.011789
80.1863 0.435536 0.0123521
80.7065 0.442108 0.0129183
81.23 0.449021 0.0134878
81.757 0.45628 0.0140606
82.2874 0.46389 0.0146366
82.8212 0.471858 0.0152159
83.3585 0.48019 0.0157984
83.8993 0.488892 0.0163843
84.4436 0.49797 0.0169735
84.9914 0.50743 0.017566
85.5428 0.51728 0.0181619
86.0977 0.527525 0.0187611
86.6563 0.538172 0.0193636
87.2184 0.549228 0.0199696
87.7842 0.5607 0.0205789
88.3537 0.572594 0.0211916
88.9269 0.584917 0.0218077
89.5038 0.597677 0.0224273
90.0845 0.61088 0.0230503
90.6689 0.624534 0.0236767
91.2571 0.638645 0.0243066
91.8491 0.653223 0.02494
92.4449 0.668273 0.0255768
93.0447 0.683804 0.0262172
93.6483 0.699824 0.026861
94.2558 0.716339 0.0275083
94.8673 0.733359 0.0281592
95.4827 0.75089 0.0288136
96.1021 0.768942 0.0294716
96.7256 0.787522 0.0301331
97.3531 0.806639 0.0307981
97.9847 0.826301 0.0314668
98.6203 0.846517 0.032139
99.2601 0.867295 0.0328148
99.904 0.888645 0.0334942
100.552 0.910574 0.0341772
101.204 0.933093 0.0348638
101.861 0.956209 0.0355541
102.522 0.979933 0.036248
103.187 1.00427 0.0369456
103.856 1.02924 0.0376468
104.53 1.05484 0.0383516
105.208 1.08109 0.0390601
105.891 1.10799 0.0397723
106.578 1.13556 0.0404882
107.269 1.1638 0.0412077
107.965 1.19273 0.041931
108.665 1.22235 0.0426579
109.37 1.25268 0.0433886
110.08 1.28373 0.044123
110.794 1.3155 0.044861
111.513 1.34801 0.0456028
112.236 1.38127 0.0463483
112.964 1.41529 0.0470976
113.697 1.45008 0.0478506
114.435 1.48566 0.0486073
115.177 1.52202 0.0493677
115.924 1.5592 0.0501319
116.676 1.59719 0.0508998
117.433 1.636 0.0516715
118.195 1.67566 0.0524469
118.962 1.71618 0.0532261
119.734 1.75756 0.054009
120.51 1.79981 0.0547956
121.292 1.84296 0.055586
122.079 1.88701 0.0563802
122.871 1.93198 0.057178
123.668 1.97788 0.0579797
124.47 2.02472 0.058785
125.278 2.07251 0.0595941
126.091 2.12127 0.060407
126.909 2.17102 0.0612235
127.732 2.22176 0.0620438
128.561 2.27352 0.0628678
129.395 2.3263 0.0636955
130.234 2.38011 0.064527
131.079 2.43498 0.0653621
131.929 2.49092 0.0662009
132.785 2.54794 0.0670434
133.646 2.60606 0.0678896
134.513 2.66529 0.0687395
135.386 2.72564 0.069593
136.264 2.78714 0.0704501
137.148 2.8498 0.0713109
138.038 2.91363 0.0721753
138.934 2.97866 0.0730434
139.835 3.04488 0.073915
140.742 3.11233 0.0747902
141.655 3.18102 0.075669
142.574 3.25096 0.0765513
143.499 3.32218 0.0774372
144.43 3.39468 0.0783265
145.367 3.46849 0.0792194
146.31 3.54362 0.0801158
147.259 3.62009 0.0810156
148.215 3.69792 0.0819188
149.176 3.77712 0.0828255
150.144 3.85771 0.0837355
151.118 3.93972 0.084649
152.098 4.02316 0.0855657
153.085 4.10804 0.0864858
154.078 4.19439 0.0874092
155.078 4.28222 0.0883358
156.084 4.37156 0.0892657
157.096 4.46242 0.0901988
158.115 4.55482 0.091135
159.141 4.64878 0.0920744
160.173 4.74433 0.0930169
161.213 4.84147 0.0939624
162.258 4.94024 0.094911
163.311 5.04065 0.0958626
164.37 5.14271 0.0968171
165.437 5.24646 0.0977746
166.51 5.35192 0.0987349
167.59 5.45909 0.0996981
168.678 5.56801 0.100664
169.772 5.67869 0.101633
170.873 5.79116 0.102604
171.982 5.90544 0.103578
173.097 6.02155 0.104555
174.22 6.13951 0.105534
175.351 6.25934 0.106516
176.488 6.38107 0.1075
177.633 6.50471 0.108486
178.785 6.6303 0.109475
179.945 6.75785 0.110466
181.113 6.88738 0.111459
182.288 7.01892 0.112455
183.47 7.1525 0.113452
184.66 7.28813 0.114452
185.858 7.42584 0.115453
187.064 7.56565 0.116456
188.278 7.70758 0.117461
189.499 7.85167 0.118468
190.728 7.99793 0.119477
191.966 8.14638 0.120487
193.211 8.29706 0.121498
194.464 8.44998 0.122511
195.726 8.60518 0.123525
196.996 8.76267 0.124541
198.274 8.92248 0.125557
199.56 9.08463 0.126575
200.855 9.24916 0.127594
202.158 9.41608 0.128613
203.469 9.58542 0.129633
204.789 9.75721 0.130654
206.118 9.93147 0.131676
207.455 10.1082 0.132698
208.801 10.2875 0.13372
210.155 10.4693 0.134742
211.519 10.6537 0.135765
212.891 10.8407 0.136788
214.272 11.0303 0.13781
215.662 11.2226 0.138832
217.061 11.4176 0.139854
218.469 11.6152 0.140876
219.886 11.8156 0.141896
221.313 12.0187 0.142916
222.749 12.2247 0.143936
224.194 12.4334 0.144954
225.648 12.645 0.145971
227.112 12.8594 0.146986
228.585 13.0767 0.148001
230.068 13.2969 0.149013
231.561 13.5201 0.150024
233.063 13.7462 0.151033
234.575 13.9753 0.15204
236.097 14.2075 0.153044
237.628 14.4426 0.154046
239.17 14.6809 0.155046
240.722 14.9222 0.156042
242.283 15.1667 0.157036
243.855 15.4143 0.158027
245.437 15.6651 0.159014
247.029 15.919 0.159998
248.632 16.1762 0.160978
250.245 16.4367 0.161954
251.868 16.7004 0.162926
253.502 16.9674 0.163894
255.147 17.2377 0.164857
256.802 17.5114 0.165816
258.468 17.7884 0.166769
260.145 18.0688 0.167717
261.832 18.3527 0.16866
263.531 18.64 0.169597
265.24 18.9307 0.170529
266.961 19.2249 0.171454
268.693 19.5227 0.172373
270.436 19.8239 0.173285
272.191 20.1287 0.17419
273.956 20.4371 0.175088
275.734 20.7491 0.175979
277.522 21.0646 0.176862
279.323 21.3839 0.177737
281.135 21.7067 0.178604
282.959 22.0332 0.179462
284.794 22.3634 0.180312
286.642 22.6974 0.181152
288.501 23.035 0.181983
290.373 23.3764 0.182804
292.257 23.7215 0.183616
294.153 24.0704 0.184416
296.061 24.423 0.185207
297.982 24.7795 0.185986
299.915 25.1398 0.186754
301.86 25.5039 0.18751
303.819 25.8718 0.188255
305.79 26.2436 0.188987
307.773 26.6192 0.189706
309.77 26.9987 0.190412
311.78 27.382 0.191105
313.802 27.7692 0.191784
315.838 28.1603 0.192449
317.887 28.5553 0.193099
319.949 28.9542 0.193734
322.025 29.357 0.194354
324.114 29.7636 0.194958
326.217 30.1742 0.195546
328.333 30.5886 0.196118
330.463 31.0069 0.196673
332.607 31.4291 0.19721
334.764 31.8552 0.197729
336.936 32.2852 0.19823
339.122 32.719 0.198712
341.322 33.1567 0.199175
343.536 33.5982 0.199619
345.765 34.0435 0.200042
348.008 34.4927 0.200445
350.266 34.9457 0.200827
352.538 35.4024 0.201188
354.825 35.8629 0.201526
357.127 36.3272 0.201842
359.444 36.7952 0.202135
361.776 37.2668 0.202404
364.123 37.7421 0.20265
366.485 38.2211 0.202871
368.862 38.7037 0.203067
371.255 39.1898 0.203237
373.664 39.6795 0.203382
376.088 40.1726 0.2035
378.528 40.6692 0.20359
380.983 41.1693 0.203653
383.455 41.6726 0.203688
385.942 42.1793 0.203694
388.446 42.6893 0.20367
390.966 43.2025 0.203616
393.502 43.7188 0.203532
396.055 44.2382 0.203417
398.625 44.7607 0.20327
401.211 45.2861 0.203091
403.813 45.8145 0.202879
406.433 46.3456 0.202634
409.07 46.8795 0.202354
411.724 47.4161 0.20204
414.395 47.9553 0.20169
417.083 48.497 0.201304
419.789 49.0411 0.200882
422.512 49.5875 0.200423
425.253 50.1362 0.199926
428.012 50.687 0.19939
430.788 51.2399 0.198815
433.583 51.7946 0.198201
436.396 52.3512 0.197546
439.227 52.9095 0.196851
442.076 53.4694 0.196113
444.944 54.0307 0.195334
447.831 54.5933 0.194511
450.736 55.1572 0.193645
453.66 55.7221 0.192734
456.603 56.2879 0.191779
459.565 56.8545 0.190778
462.547 57.4217 0.189731
465.547 57.9894 0.188638
468.567 58.5574 0.187496
471.607 59.1255 0.186307
474.667 59.6936 0.185069
477.746 60.2615 0.183781
480.845 60.829 0.182443
483.965 61.396 0.181055
487.104 61.9622 0.179615
490.264 62.5274 0.178123
493.445 63.0915 0.176579
496.646 63.6542 0.174981
499.868 64.2153 0.17333
503.111 64.7746 0.171624
506.375 65.3319 0.169863
509.66 65.8869 0.168047
512.966 66.4394 0.166174
516.294 66.9892 0.164244
519.643 67.536 0.162257
523.014 68.0795 0.160212
526.407 68.6196 0.158108
529.822 69.1558 0.155945
533.26 69.688 0.153723
536.719 70.2159 0.15144
540.201 70.7391 0.149096
543.705 71.2574 0.146692
547.233 71.7704 0.144226
550.783 72.278 0.141697
554.356 72.7796 0.139106
557.952 73.2751 0.136452
561.572 73.7641 0.133735
565.215 74.2463 0.130953
568.882 74.7212 0.128107
572.572 75.1886 0.125197
576.287 75.6481 0.122221
580.025 76.0994 0.119181
583.788 76.542 0.116074
587.575 76.9756 0.112902
591.387 77.3998 0.109663
595.224 77.8142 0.106358
599.085 78.2183 0.102986
602.971 78.6119 0.099547
606.883 78.9945 0.0960412
610.82 79.3655 0.0924681
614.783 79.7247 0.0888277
618.771 80.0716 0.0851199
622.785 80.4057 0.0813446
626.826 80.7266 0.0775019
630.892 81.0338 0.0735916
634.985 81.3269 0.0696139
639.104 81.6053 0.0655688
643.25 81.8686 0.0614564
647.423 82.1164 0.0572769
651.623 82.348 0.0530304
655.851 82.5631 0.0487172
660.105 82.7611 0.0443374
664.388 82.9414 0.0398915
668.698 83.1036 0.0353796
673.036 83.2472 0.0308022
677.402 83.3715 0.0261596
681.797 83.4761 0.0214524
686.22 83.5605 0.0166809
690.671 83.624 0.0118458
695.152 83.6661 0.00694765
699.662 83.6862 0.00198698
704.201 83.6907 0
708.769 83.6907 0
713.367 83.6907 0
717.995 83.6907 0
722.653 83.6907 0
727.341 83.6907 0
732.06 83.6907 0
736.809 83.6907 0
741.589 83.6907 0
746.4 83.6907 0
751.242 83.6907 0
756.115 83.6907 0
761.021 83.6907 0
765.958 83.6907 0
770.927 83.6907 0
775.928 83.6907 0
780.962 83.6907 0
786.028 83.6907 0
791.127 83.6907 0
796.26 83.6907 0
801.425 83.6907 0
806.624 83.6907 0
811.857 83.6907 0
817.124 83.6907 0
822.425 83.6907 0
827.76 83.6907 0
833.13 83.6907 0
838.535 83.6907 0
843.975 83.6907 0
849.45 83.6907 0
854.961 83.6907 0
860.507 83.6907 0
866.09 83.6907 0
871.708 83.6907 0
877.363 83.6907 0
883.055 83.6907 0
888.784 83.6907 0
894.55 83.6907 0
900.353 83.6907 0
906.194 83.6907 0
912.073 83.6907 0
917.99 83.6907 0
923.945 83.6907 0
929.939 83.6907 0
935.972 83.6907 0
942.044 83.6907 0
948.155 83.6907 0
954.306 83.6907 0
960.497 83.6907 0
966.728 83.6907 0
973 83.6907 0
979.312 83.6907 0
985.665 83.6907 0
992.059 83.6907 0
998.495 83.6907 0
1004.97 83.6907 0
1011.49 83.6907 0
1018.05 83.6907 0
1024.66 83.6907 0
1031.31 83.6907 0
1038 83.6907 0
1044.73 83.6907 0
1051.51 83.6907 0
1058.33 83.6907 0
1065.2 83.6907 0
1072.11 83.6907 0
1079.06 83.6907 0
1086.06 83.6907 0
1093.11 83.6907 0
1100.2 83.6907 0
1107.34 83.6907 0
1114.52 83.6907 0
1121.75 83.6907 0
1129.03 83.6907 0
1136.35 83.6907 0
1143.72 83.6907 0
1151.14 83.6907 0
1158.61 83.6907 0
1166.13 83.6907 0
1173.69 83.6907 0
1181.31 83.6907 0
1188.97 83.6907 0
1196.68 83.6907 0
1204.45 83.6907 0
1212.26 83.6907 0
1220.12 83.6907 0
1228.04 83.6907 0
1236.01 83.6907 0
1244.02 83.6907 0
1252.09 83.6907 0
1260.22 83.6907 0
1268.39 83.6907 0
1276.62 83.6907 0
1284.9 83.6907 0
1293.24 83.6907 0
1301.63 83.6907 0
1310.07 83.6907 0
1318.57 83.6907 0
1327.13 83.6907 0
1335.74 83.6907 0
1344.4 83.6907 0
1353.12 83.6907 0
1361.9 83.6907 0
1370.74 83.6907 0
1379.63 83.6907 0
1388.58 83.6907 0
1397.59 83.6907 0
1406.65 83.6907 0
1415.78 83.6907 0
1424.96 83.6907 0
1434.21 83.6907 0
1443.51 83.6907 0
1452.88 83.6907 0
1462.3 83.6907 0
1471.79 83.6907 0
1481.34 83.6907 0
1490.95 83.6907 0
1500.62 83.6907 0
1510.35 83.6907 0
1520.15 83.6907 0
1530.01 83.6907 0
1539.94 83.6907 0
1549.93 83.6907 0
1559.98 83.6907 0
1570.1 83.6907 0
1580.29 83.6907 0
1590.54 83.6907 0
1600.86 83.6907 0
1611.25 83.6907 0
1621.7 83.6907 0
1632.22 83.6907 0
1642.81 83.6907 0
1653.47 83.6907 0
1664.19 83.6907 0
1674.99 83.6907 0
1685.85 83.6907 0
1696.79 83.6907 0
1707.8 83.6907 0
1718.88 83.6907 0
1730.03 83.6907 0
1741.25 83.6907 0
1752.55 83.6907 0
1763.92 83.6907 0
1775.36 83.6907 0
1786.88 83.6907 0
1798.47 83.6907 0
1810.14 83.6907 0
1821.88 83.6907 0
1833.7 83.6907 0
1845.6 83.6907 0
1857.57 83.6907 0
1869.62 83.6907 0
1881.75 83.6907 0
1893.96 83.6907 0
1906.24 83.6907 0
1918.61 83.6907 0
1931.06 83.6907 0
1943.58 83.6907 0
1956.19 83.6907 0
1968.88 83.6907 0
1981.66 83.6907 0
1994.51 83.6907 0
2007.45 83.6907 0
2020.47 83.6907 0
2033.58 83.6907 0
2046.77 83.6907 0
2060.05 83.6907 0
2073.42 83.6907 0
2086.87 83.6907 0
2100.41 83.6907 0
2114.03 83.6907 0
2127.75 83.6907 0
2141.55 83.6907 0
2155.44 83.6907 0
2169.43 83.6907 0
2183.5 83.6907 0
2197.66 83.6907 0
2211.92 83.6907 0
2226.27 83.6907 0
2240.71 83.6907 0
2255.25 83.6907 0
2269.88 83.6907 0
2284.61 83.6907 0
2299.43 83.6907 0
2314.34 83.6907 0
2329.36 83.6907 0
2344.47 83.6907 0
2359.68 83.6907 0
2374.99 83.6907 0
2390.39 83.6907 0
2405.9 83.6907 0
2421.51 83.6907 0
2437.22 83.6907 0
2453.03 83.6907 0
2468.94 83.6907 0
2484.96 83.6907 0
2501.08 83.6907 0
2517.31 83.6907 0
2533.64 83.6907 0
2550.07 83.6907 0
2566.62 83.6907 0
2583.27 83.6907 0
2600.03 83.6907 0
2616.89 83.6907 0
2633.87 83.6907 0
2650.96 83.6907 0
2668.15 83.6907 0
2685.46 83.6907 0
2702.89 83.6907 0
2720.42 83.6907 0
2738.07 83.6907 0
2755.83 83.6907 0
2773.71 83.6907 0
2791.7 83.6907 0
2809.81 83.6907 0
2828.04 83.6907 0
2846.39 83.6907 0
2864.85 83.6907 0
2883.44 83.6907 0
2902.15 83.6907 0
2920.97 83.6907 0
2939.92 83.6907 0
2958.99 83.6907 0
2978.19 83.6907 0
2997.51 83.6907 0
3016.96 83.6907 0
3036.53 83.6907 0
3056.23 83.6907 0
3076.05 83.6907 0
3096.01 83.6907 0
3116.1 83.6907 0
3136.31 83.6907 0
3156.66 83.6907 0
3177.14 83.6907 0
3197.75 83.6907 0
3218.49 83.6907 0
3239.37 83.6907 0
3260.39 83.6907 0
3281.54 83.6907 0
3302.83 83.6907 0
3324.25 83.6907 0
3345.82 83.6907 0
3367.52 83.6907 0
3389.37 83.6907 0
3411.36 83.6907 0
3433.49 83.6907 0
3455.76 83.6907 0
3478.18 83.6907 0
3500.75 83.6907 0
3523.46 83.6907 0
3546.31 83.6907 0
3569.32 83.6907 0
3592.48 83.6907 0
3615.78 83.6907 0
3639.24 83.6907 0
3662.85 83.6907 0
3686.61 83.6907 0
3710.53 83.6907 0
3734.6 83.6907 0
3758.82 83.6907 0
3783.21 83.6907 0
3807.75 83.6907 0
3832.45 83.6907 0
3857.32 83.6907 0
3882.34 83.6907 0
3907.53 83.6907 0
3932.88 83.6907 0
3958.39 83.6907 0
3984.07 83.6907 0
4009.92 83.6907 0
4035.93 83.6907 0
4062.11 83.6907 0
4088.47 83.6907 0
4114.99 83.6907 0
4141.68 83.9013 0.0157758
4168.55 84.7798 0.049619
4195.6 86.5884 0.0841402
4222.81 89.3558 0.119202
4250.21 93.1069 0.154655
4277.78 97.8631 0.190341
4305.53 103.641 0.226096
4333.46 110.455 0.261752
4361.58 118.311 0.297141
4389.87 127.213 0.332099
4418.35 137.16 0.366464
4447.01 148.146 0.400088
4475.86 160.161 0.432832
4504.9 173.189 0.464569
4534.12 187.214 0.495191
4563.54 202.212 0.524605
4593.14 218.159 0.552734
4622.94 235.029 0.579521
4652.93 252.79 0.604925
4683.12 271.412 0.628922
4713.5 290.862 0.651504
4744.08 311.108 0.672675
4774.85 332.115 0.692455
4805.83 353.849 0.710874
4837.01 376.279 0.727969
4868.39 399.37 0.743789
4899.97 423.092 0.758386
4931.76 447.413 0.771819
4963.75 472.304 0.784147
4995.95 497.736 0.795434
5028.36 523.684 0.805744
5060.98 550.121 0.81514
5093.82 577.024 0.823686
5126.86 604.371 0.831444
5160.12 632.142 0.838472
5193.6 660.317 0.844829
5227.29 688.878 0.850568
5261.2 717.809 0.855741
5295.33 747.096 0.860397
5329.68 776.725 0.864581
5364.26 806.684 0.868336
5399.06 836.96 0.871701
5434.09 867.545 0.874713
5469.34 898.428 0.877406
5504.82 929.603 0.879809
5540.53 961.06 0.881953
5576.48 992.795 0.883863
5612.65 1024.8 0.885562
5649.06 1057.07 0.887072
5685.71 1089.61 0.888412
5722.6 1122.4 0.889601
5759.72 1155.44 0.890655
5797.09 1188.74 0.891587
5834.69 1222.29 0.892412
5872.55 1256.08 0.89314
5910.64 1290.12 0.893783
5948.99 1324.4 0.894349
5987.58 1358.93 0.894848
6026.42 1393.69 0.895287
6065.52 1428.7 0.895673
6104.87 1463.95 0.896013
6144.47 1499.45 0.89631
6184.33 1535.18 0.896571
6224.45 1571.15 0.896799
6264.83 1607.37 0.896999
6305.48 1643.83 0.897174
6346.38 1680.53 0.897326
6387.55 1717.48 0.897459
6428.99 1754.67 0.897575
6470.7 1792.11 0.897676
6512.68 1829.79 0.897764
6554.93 1867.73 0.897841
6597.45 1905.91 0.897907
6640.25 1944.34 0.897965
6683.33 1983.02 0.898014
6726.69 2021.96 0.898058
6770.32 2061.15 0.898095
6814.25 2100.59 0.898127
6858.45 2140.3 0.898155
6902.95 2180.26 0.898179
6947.73 2220.48 0.8982
6992.8 2260.97 0.898218
7038.16 2301.72 0.898233
7083.82 2342.73 0.898246
7129.78 2384.01 0.898257
7176.03 2425.56 0.898267
7222.59 2467.37 0.898275
7269.44 2509.46 0.898282
7316.6 2551.82 0.898288
7364.07 2594.46 0.898293
7411.84 2637.38 0.898298
7459.92 2680.57 0.898302
7508.32 2724.04 0.898305
7557.03 2767.8 0.898307
7606.05 2811.84 0.89831
7655.39 2856.16 0.898312
7705.06 2900.78 0.898313
7755.04 2945.68 0.898315
7805.35 2990.87 0.898316
7855.99 3036.36 0.898317
7906.95 3082.14 0.898318
7958.25 3128.22 0.898318
8009.88 3174.6 0.898319
8061.84 3221.28 0.89832
8114.14 3268.26 0.89832
8166.78 3315.55 0.89832
8219.76 3363.14 0.898321
8273.08 3411.05 0.898321
8326.76 3459.26 0.898321
8380.77 3507.79 0.898321
8435.14 3556.63 0.898321
8489.86 3605.78 0.898322
8544.94 3655.26 0.898322
8600.38 3705.06 0.898322
8656.17 3755.18 0.898322
8712.32 3805.63 0.898322
8768.84 3856.4 0.898322
8825.73 3907.5 0.898322
8882.99 3958.93 0.898322
8940.61 4010.7 0.898322
8998.61 4062.81 0.898322
9056.99 4115.25 0.898322
9115.75 4168.03 0.898322
9174.89 4221.15 0.898322
9234.41 4274.62 0.898322
9294.31 4328.44 0.898322
9354.61 4382.6 0.898322
9415.29 4437.12 0.898322
9476.38 4491.99 0.898322
9537.85 4547.21 0.898322
9599.73 4602.8 0.898322
9662 4658.74 0.898322
9724.68 4715.05 0.898322
9787.77 4771.72 0.898322
9851.27 4828.76 0.898322
9915.18 4886.17 0.898322
9979.5 4943.96 0.898322
10044.2 5002.12 0.898322
10109.4 5060.65 0.898322
10175 5119.57 0.898322
10241 5178.86 0.898322
10307.4 5238.54 0.898322
10374.3 5298.61 0.898322
10441.6 5359.07 0.898322
10509.3 5419.92 0.898322
10577.5 5481.17 0.898322
10646.1 5542.81 0.898322
10715.2 5604.85 0.898322
10784.7 5667.3 0.898322
10854.7 5730.15 0.898322
10925.1 5793.41 0.898322
10996 5857.08 0.898322
11067.3 5921.16 0.898322
11139.1 5985.66 0.898322
11211.4 6050.57 0.898322
11284.1 6115.91 0.898322
11357.3 6181.67 0.898322
11431 6247.86 0.898322
11505.1 6314.47 0.898322
11579.8 6381.52 0.898322
11654.9 6449.01 0.898322
11730.5 6516.93 0.898322
11806.6 6585.29 0.898322
11883.2 6654.1 0.898322
11960.3 6723.35 0.898322
12037.9 6793.05 0.898322
12116 6863.2 0.898322
12194.6 6933.81 0.898322
12273.7 7004.88 0.898322
12353.3 7076.41 0.898322
12433.5 7148.4 0.898322
12514.1 7220.86 0.898322
12595.3 7293.79 0.898322
12677 7367.19 0.898322
12759.2 7441.07 0.898322
12842 7515.42 0.898322
12925.3 7590.26 0.898322
13009.2 7665.59 0.898322
13093.6 7741.4 0.898322
13178.5 7817.71 0.898322
13264 7894.51 0.898322
13350.1 7971.81 0.898322
13436.7 8049.61 0.898322
13523.8 8127.91 0.898322
13611.6 8206.73 0.898322
13699.9 8286.05 0.898322
13788.8 8365.89 0.898322
13878.2 8446.25 0.898322
13968.2 8527.13 0.898322
14058.9 8608.53 0.898322
14150.1 8690.46 0.898322
14241.9 8772.92 0.898322
14334.2 8855.92 0.898322
14427.2 8939.46 0.898322
14520.8 9023.54 0.898322
14615 9108.16 0.898322
14709.8 9193.33 0.898322
14805.3 9279.06 0.898322
14901.3 9365.34 0.898322
14998 9452.18 0.898322
15095.3 9539.58 0.898322
15193.2 9627.56 0.898322
15291.8 9716.1 0.898322
15391 9805.21 0.898322
15490.8 9894.91 0.898322
15591.3 9985.19 0.898322
15692.5 10076 0.898322
15794.3 10167.5 0.898322
15896.7 10259.5 0.898322
15999.9 10352.2 0.898322
16103.7 10445.4 0.898322
16208.1 10539.3 0.898322
16313.3 10633.7 0.898322
16419.1 10728.8 0.898322
16525.6 10824.5 0.898322
16632.8 10920.8 0.898322
16740.7 11017.7 0.898322
16849.3 11115.3 0.898322
16958.7 11213.5 0.898322
17068.7 11312.3 0.898322
17179.4 11411.8 0.898322
17290.8 11511.9 0.898322
17403 11612.7 0.898322
17515.9 11714.1 0.898322
17629.6 11816.2 0.898322
17743.9 11918.9 0.898322
17859 12022.3 0.898322
17974.9 12126.4 0.898322
18091.5 12231.1 0.898322
18208.9 12336.6 0.898322
18327 12442.7 0.898322
18445.9 12549.5 0.898322
18565.5 12657 0.898322
18686 12765.2 0.898322
18807.2 12874.1 0.898322
18929.2 12983.7 0.898322
19052 13094 0.898322
19175.6 13205 0.898322
19300 13316.8 0.898322
19425.2 13429.3 0.898322
19551.2 13542.5 0.898322
19678.1 13656.4 0.898322
19805.7 13771.1 0.898322
19934.2 13886.5 0.898322
20063.5 14002.7 0.898322
20193.7 14119.6 0.898322
20324.7 14237.3 0.898322
20456.6 14355.7 0.898322
20589.3 14474.9 0.898322
20722.8 14594.9 0.898322
20857.3 14715.7 0.898322
20992.6 14837.3 0.898322
21128.8 14959.6 0.898322
21265.8 15082.7 0.898322
21403.8 15206.7 0.898322
21542.7 15331.4 0.898322
21682.4 15456.9 0.898322
21823.1 15583.3 0.898322
21964.6 15710.5 0.898322
22107.1 15838.5 0.898322
22250.6 15967.3 0.898322
22394.9 16097 0.898322
22540.2 16227.5 0.898322
22686.4 16358.9 0.898322
22833.6 16491.1 0.898322
22981.7 16624.1 0.898322
23130.8 16758.1 0.898322
23280.9 16892.9 0.898322
23431.9 17028.5 0.898322
23583.9 17165.1 0.898322
23736.9 17302.5 0.898322
23890.9 17440.9 0.898322
24045.9 17580.1 0.898322
24201.9 17720.2 0.898322
24358.9 17861.3 0.898322
24516.9 18003.2 0.898322
24676 18146.1 0.898322
24836 18289.9 0.898322
24997.2 18434.7 0.898322
25159.3 18580.3 0.898322
25322.5 18727 0.898322
25486.8 18874.5 0.898322
25652.2 19023.1 0.898322
25818.6 19172.5 0.898322
25986.1 19323 0.898322
26154.7 19474.5 0.898322
26324.3 19626.9 0.898322
26495.1 19780.3 0.898322
26667 19934.7 0.898322
26840 20090.1 0.898322
27014.1 20246.5 0.898322
27189.4 20403.9 0.898322
27365.7 20562.4 0.898322
27543.3 20721.9 0.898322
27722 20882.4 0.898322
27901.8 21044 0.898322
28082.8 21206.6 0.898322
28265 21370.2 0.898322
28448.4 21534.9 0.898322
28632.9 21700.7 0.898322
28818.7 21867.6 0.898322
29005.6 22035.5 0.898322
29193.8 22204.6 0.898322
29383.2 22374.7 0.898322
29573.8 22545.9 0.898322
29765.7 22718.3 0.898322
29958.8 22891.8 0.898322
30153.1 23066.4 0.898322
30348.7 23242.1 0.898322
30545.6 23418.9 0.898322
30743.8 23597 0.898322
30943.2 23776.1 0.898322
31143.9 23956.4 0.898322
31346 24137.9 0.898322
31549.3 24320.6 0.898322
31754 24504.5 0.898322
31960 24689.5 0.898322
32167.3 24875.8 0.898322
32376 25063.3 0.898322
32586.1 25251.9 0.898322
32797.5 25441.8 0.898322
33010.2 25633 0.898322
33224.4 25825.3 0.898322
33439.9 26019 0.898322
33656.9 26213.8 0.898322
33875.2 26410 0.898322
34095 26607.4 0.898322
34316.1 26806.1 0.898322
34538.8 27006.1 0.898322
34762.8 27207.4 0.898322
34988.3 27410 0.898322
35215.3 27613.9 0.898322
35443.8 27819.1 0.898322
35673.7 28025.6 0.898322
35905.1 28233.5 0.898322
36138.1 28442.8 0.898322
36372.5 28653.4 0.898322
36608.5 28865.4 0.898322
36846 29078.7 0.898322
37085 29293.4 0.898322
37325.6 29509.6 0.898322
37567.7 29727.1 0.898322
37811.4 29946 0.898322
38056.7 30166.4 0.898322
38303.6 30388.2 0.898322
38552.1 30611.4 0.898322
38802.2 30836 0.898322
39053.9 31062.2 0.898322
39307.3 31289.8 0.898322
39562.3 31518.8 0.898322
39819 31749.4 0.898322
40077.3 31981.5 0.898322
40337.3 32215 0.898322
40599 32450.1 0.898322
40862.3 32686.7 0.898322
41127.4 32924.8 0.898322
41394.2 33164.5 0.898322
41662.8 33405.7 0.898322
41933.1 33648.5 0.898322
42205.1 33892.9 0.898322
42478.9 34138.9 0.898322
42754.5 34386.4 0.898322
43031.8 34635.6 0.898322
43311 34886.4 0.898322
43592 35138.8 0.898322
43874.8 35392.8 0.898322
44159.4 35648.5 0.898322
44445.9 35905.9 0.898322
44734.2 36164.9 0.898322
45024.4 36425.6 0.898322
45316.5 36688 0.898322
45610.5 36952.1 0.898322
45906.4 37217.9 0.898322
46204.2 37485.4 0.898322
46503.9 37754.7 0.898322
46805.6 38025.7 0.898322
47109.3 38298.4 0.898322
47414.9 38573 0.898322
47722.5 38849.3 0.898322
48032.1 39127.4 0.898322
48343.7 39407.3 0.898322
48657.3 39689.1 0.898322
48972.9 39972.6 0.898322
49290.7 40258 0.898322
49610.4 40545.3 0.898322
49932.3 40834.4 0.898322
50256.2 41125.4 0.898322
50582.2 41418.3 0.898322
50910.4 41713.1 0.898322
51240.6 42009.7 0.898322
51573.1 42308.4 0.898322
51907.6 42608.9 0.898322
52244.4 42911.4 0.898322
52583.3 43215.9 0.898322
52924.4 43522.3 0.898322
53267.8 43830.8 0.898322
53613.3 44141.2 0.898322
53961.1 44453.6 0.898322
54311.2 44768.1 0.898322
54663.5 45084.6 0.898322
55018.2 45403.2 0.898322
55375.1 45723.8 0.898322
55734.3 46046.5 0.898322
56095.9 46371.3 0.898322
