5.78741e-09 5.95396e-15 4.29514e-06
5.8738e-08 3.33166e-13 8.58285e-06
5.86595e-07 1.45059e-11 3.56977e-05
4.6076e-06 3.38009e-10 8.97843e-05
5.86875e-06 4.61297e-10 0.000114002
2.3369e-05 3.31505e-09 0.000192532
7.39119e-05 1.62978e-08 0.000292274
0.000147358 4.17301e-08 0.000330144
0.000152693 4.34471e-08 0.000292479
0.000165528 4.67976e-08 0.000304172
0.000294481 1.01986e-07 0.000463041
0.000466785 1.89679e-07 0.00054542
0.000739961 3.52227e-07 0.00041641
0.000792747 3.70702e-07 0.000446592
0.000859333 4.13069e-07 0.00055442
0.000931697 4.48502e-07 0.00055104
0.00117285 6.10601e-07 0.000697128
0.00147667 8.31244e-07 0.000750516
0.0017323 1.02935e-06 0.000535855
0.00185963 1.08409e-06 0.000525282
0.00294795 2.00733e-06 0.000908255
0.00467391 3.71532e-06 0.00105104
0.00633042 5.56999e-06 0.00091467
0.0070765 6.16755e-06 0.00093479
0.00933155 8.92099e-06 0.00127133
0.0117504 1.21316e-05 0.00137956
0.0154948 1.7543e-05 0.00122736
0.0177925 2.00421e-05 0.00125466
0.0234638 2.89812e-05 0.00164107
0.0295474 3.94039e-05 0.00177172
0.0354913 5.03041e-05 0.00128079
0.0389653 5.38549e-05 0.00125817
0.0549487 8.51279e-05 0.00191362
0.0590129 9.27925e-05 0.00199187
0.0713035 0.000119369 0.00114686
0.0787306 0.000125461 0.00110854
0.10265 0.000178607 0.00176378
0.112568 0.000193736 0.00180901
0.132297 0.000240204 0.00240921
0.146764 0.000275794 0.00181491
0.15911 0.000293738 0.00177613
0.191354 0.000375514 0.00260957
0.227502 0.000472769 0.000973271
0.245257 0.000484229 0.000805937
0.256566 0.000495831 0.00103354
0.268397 0.000508152 0.00104919
0.280773 0.000521236 0.00106507
0.293719 0.00053513 0.0010812
0.307263 0.000549885 0.00109757
0.321432 0.000565555 0.00111419
0.336253 0.000582195 0.00113106
0.351758 0.000599866 0.00114818
0.367978 0.000618631 0.00116556
0.384946 0.000638559 0.00118321
0.402697 0.000659722 0.00120112
0.421266 0.000682195 0.00121931
0.440691 0.000706061 0.00123777
0.461012 0.000731406 0.00125651
0.48227 0.00075832 0.00127553
0.504508 0.000786902 0.00129484
0.527771 0.000817254 0.00131445
0.552107 0.000849487 0.00133435
0.577566 0.000883717 0.00135455
0.604198 0.000920067 0.00137506
0.632059 0.000958668 0.00139588
0.661204 0.000999662 0.00141701
0.691693 0.00104319 0.00143847
0.723588 0.00108942 0.00146024
0.756953 0.00113852 0.00148235
0.791857 0.00119065 0.00150479
0.828371 0.00124602 0.00152758
0.866568 0.00130481 0.00155071
0.906527 0.00136725 0.00157418
0.948328 0.00143355 0.00159802
0.992057 0.00150396 0.00162221
1.0378 0.00157874 0.00164677
1.08566 0.00165815 0.0016717
1.13572 0.00174247 0.00169701
1.18809 0.00183202 0.00172271
1.24287 0.00192712 0.00174879
1.30018 0.00202811 0.00177526
1.36014 0.00213535 0.00180214
1.42285 0.00224924 0.00182943
1.48846 0.00237018 0.00185712
1.5571 0.00249862 0.00188524
1.6289 0.00263501 0.00191378
1.70401 0.00277985 0.00194276
1.78258 0.00293367 0.00197217
1.86478 0.00309701 0.00200203
1.95077 0.00327047 0.00203234
2.04072 0.00345468 0.00206311
2.13482 0.0036503 0.00209435
2.23326 0.00385804 0.00212606
2.33624 0.00407865 0.00215824
2.44396 0.00431292 0.00219092
2.55666 0.00456171 0.00222409
2.67455 0.00482591 0.00225776
2.79788 0.00510648 0.00229195
2.92689 0.00540443 0.00232665
3.06185 0.00572083 0.00236187
3.20304 0.00605684 0.00239763
3.35074 0.00641366 0.00243393
3.50524 0.00679259 0.00247078
3.66688 0.00719499 0.00250819
3.83596 0.00762232 0.00254616
4.01284 0.00807613 0.00258471
4.19788 0.00855804 0.00262385
4.39145 0.00906982 0.00266357
4.59395 0.00961329 0.0027039
4.80578 0.0101904 0.00274483
5.02738 0.0108033 0.00278639
5.2592 0.0114542 0.00282858
5.50171 0.0121454 0.0028714
5.7554 0.0128794 0.00291488
6.02079 0.0136589 0.00295901
6.29841 0.0144866 0.00300381
6.58884 0.0153657 0.00304928
6.89266 0.0162992 0.00309545
7.21049 0.0172905 0.00314232
7.54298 0.0183433 0.00318989
7.8908 0.0194612 0.00323819
8.25465 0.0206484 0.00328721
8.63529 0.0219092 0.00333698
9.03347 0.0232481 0.0033875
9.45002 0.0246699 0.00343879
9.88577 0.0261798 0.00349085
10.3416 0.0277832 0.00354371
10.8185 0.029486 0.00359736
11.3173 0.0312942 0.00365182
11.8392 0.0332145 0.00370711
12.3851 0.0352537 0.00376324
12.9562 0.0374193 0.00382021
13.5536 0.039719 0.00387805
14.1786 0.0421611 0.00393677
14.8324 0.0447546 0.00399637
15.5164 0.0475087 0.00405687
16.2318 0.0504335 0.00411829
16.9803 0.0535394 0.00418065
17.7633 0.0568378 0.00424394
18.5824 0.0603405 0.0043082
19.4392 0.0640601 0.00437342
20.3356 0.0680102 0.00443964
21.2733 0.072205 0.00450685
22.2543 0.0766597 0.00457509
23.2804 0.0813904 0.00464435
24.3539 0.0864141 0.00471467
25.4769 0.091749 0.00478605
26.6517 0.0974144 0.00485851
27.8806 0.103431 0.00493207
29.1662 0.10982 0.00500674
30.5111 0.116605 0.00508254
31.9181 0.12381 0.00515949
33.3898 0.131462 0.00523761
34.9295 0.139587 0.00531691
36.5401 0.148216 0.0053974
38.225 0.15738 0.00547912
39.9877 0.167111 0.00556208
41.8315 0.177445 0.00564629
43.7605 0.188419 0.00573177
45.7783 0.200073 0.00581855
47.8892 0.212449 0.00590664
50.0974 0.225592 0.00599607
52.4075 0.239549 0.00608685
54.8241 0.254371 0.00617901
57.3521 0.27011 0.00627256
59.9967 0.286825 0.00636752
62.7632 0.304575 0.00646393
65.6573 0.323425 0.00656179
68.6849 0.343443 0.00666114
71.852 0.364701 0.00676199
75.1652 0.387275 0.00686552
75.1652 0.387275 0.00686451
75.6528 0.390743 0.00735735
76.1436 0.394475 0.00785301
76.6376 0.398478 0.00835153
77.1348 0.402754 0.0088529
77.6352 0.407311 0.00935715
78.1388 0.412151 0.00986428
78.6457 0.417281 0.0103743
79.1559 0.422704 0.0108872
79.6694 0.428428 0.0114031
80.1863 0.434455 0.0119219
80.7065 0.440793 0.0124437
81.23 0.447445 0.0129684
81.757 0.454418 0.0134961
82.2874 0.461717 0.0140267
82.8212 0.469347 0.0145604
83.3585 0.477315 0.0150971
83.8993 0.485625 0.0156368
84.4436 0.494283 0.0161796
84.9914 0.503296 0.0167254
85.5428 0.51267 0.0172742
86.0977 0.522409 0.0178262
86.6563 0.532521 0.0183812
87.2184 0.543011 0.0189393
87.7842 0.553886 0.0195006
88.3537 0.565152 0.0200649
88.9269 0.576815 0.0206324
89.5038 0.588883 0.0212031
90.0845 0.601361 0.0217769
90.6689 0.614256 0.0223539
91.2571 0.627575 0.0229341
91.8491 0.641325 0.0235174
92.4449 0.655513 0.024104
93.0447 0.670146 0.0246938
93.6483 0.68523 0.0252869
94.2558 0.700774 0.0258832
94.8673 0.716784 0.0264827
95.4827 0.733268 0.0270855
96.1021 0.750233 0.0276916
96.7256 0.767688 0.028301
97.3531 0.785638 0.0289137
97.9847 0.804094 0.0295297
98.6203 0.823062 0.030149
99.2601 0.84255 0.0307717
99.904 0.862566 0.0313977
100.552 0.883119 0.0320271
101.204 0.904218 0.0326599
101.861 0.925869 0.033296
102.522 0.948083 0.0339355
103.187 0.970867 0.0345785
103.856 0.994231 0.0352248
104.53 1.01818 0.0358746
105.208 1.04273 0.0365277
105.891 1.06789 0.0371844
106.578 1.09366 0.0378445
107.269 1.12005 0.038508
107.965 1.14708 0.0391751
108.665 1.17475 0.0398456
109.37 1.20308 0.0405196
110.08 1.23207 0.0411971
110.794 1.26173 0.0418781
111.513 1.29208 0.0425626
112.236 1.32312 0.0432506
112.964 1.35486 0.0439422
113.697 1.38732 0.0446374
114.435 1.4205 0.045336
115.177 1.45442 0.0460383
115.924 1.48908 0.0467441
116.676 1.5245 0.0474535
117.433 1.56069 0.0481664
118.195 1.59766 0.048883
118.962 1.63542 0.0496032
119.734 1.67398 0.0503269
120.51 1.71335 0.0510543
121.292 1.75355 0.0517853
122.079 1.79459 0.0525199
122.871 1.83648 0.0532581
123.668 1.87922 0.0539999
124.47 1.92285 0.0547454
125.278 1.96735 0.0554946
126.091 2.01276 0.0562474
126.909 2.05908 0.0570038
127.732 2.10633 0.0577639
128.561 2.15451 0.0585277
129.395 2.20364 0.0592951
130.234 2.25374 0.0600662
131.079 2.30481 0.0608409
131.929 2.35688 0.0616193
132.785 2.40995 0.0624014
133.646 2.46405 0.0631872
134.513 2.51917 0.0639767
135.386 2.57535 0.0647698
136.264 2.63258 0.0655666
137.148 2.6909 0.0663671
138.038 2.75031 0.0671713
138.934 2.81082 0.0679791
139.835 2.87246 0.0687907
140.742 2.93523 0.0696059
141.655 2.99916 0.0704248
142.574 3.06425 0.0712473
143.499 3.13053 0.0720736
144.43 3.19801 0.0729035
145.367 3.26671 0.073737
146.31 3.33665 0.0745742
147.259 3.40783 0.0754151
148.215 3.48028 0.0762597
149.176 3.55401 0.0771079
150.144 3.62904 0.0779597
151.118 3.7054 0.0788152
152.098 3.78308 0.0796743
153.085 3.86213 0.080537
154.078 3.94254 0.0814033
155.078 4.02434 0.0822732
156.084 4.10755 0.0831468
157.096 4.19219 0.0840239
158.115 4.27827 0.0849046
159.141 4.36581 0.0857888
160.173 4.45484 0.0866766
161.213 4.54537 0.087568
162.258 4.63742 0.0884629
163.311 4.73101 0.0893613
164.37 4.82616 0.0902632
165.437 4.92289 0.0911686
166.51 5.02123 0.0920774
167.59 5.12118 0.0929898
168.678 5.22278 0.0939055
169.772 5.32604 0.0948247
170.873 5.43099 0.0957472
171.982 5.53764 0.0966732
173.097 5.64602 0.0976025
174.22 5.75614 0.0985352
175.351 5.86804 0.0994712
176.488 5.98173 0.10041
177.633 6.09723 0.101353
178.785 6.21457 0.102299
179.945 6.33377 0.103248
181.113 6.45486 0.1042
182.288 6.57785 0.105155
183.47 6.70277 0.106114
184.66 6.82964 0.107076
185.858 6.95849 0.10804
187.064 7.08934 0.109008
188.278 7.22222 0.109979
189.499 7.35714 0.110953
190.728 7.49414 0.111929
191.966 7.63324 0.112909
193.211 7.77446 0.113892
194.464 7.91783 0.114877
195.726 8.06338 0.115865
196.996 8.21113 0.116856
198.274 8.3611 0.11785
199.56 8.51333 0.118846
200.855 8.66784 0.119845
202.158 8.82465 0.120847
203.469 8.9838 0.121851
204.789 9.1453 0.122857
206.118 9.30919 0.123866
207.455 9.4755 0.124878
208.801 9.64424 0.125891
210.155 9.81546 0.126908
211.519 9.98917 0.127926
212.891 10.1654 0.128946
214.272 10.3442 0.129969
215.662 10.5256 0.130994
217.061 10.7096 0.13202
218.469 10.8962 0.133049
219.886 11.0855 0.13408
221.313 11.2775 0.135112
222.749 11.4722 0.136146
224.194 11.6697 0.137182
225.648 11.87 0.138219
227.112 12.0731 0.139258
228.585 12.279 0.140298
230.068 12.4878 0.14134
231.561 12.6996 0.142383
233.063 12.9143 0.143427
234.575 13.1319 0.144473
236.097 13.3526 0.145519
237.628 13.5762 0.146567
239.17 13.803 0.147615
240.722 14.0328 0.148664
242.283 14.2658 0.149714
243.855 14.502 0.150764
245.437 14.7413 0.151815
247.029 14.9839 0.152867
248.632 15.2297 0.153918
250.245 15.4788 0.15497
251.868 15.7312 0.156022
253.502 15.987 0.157074
255.147 16.2462 0.158126
256.802 16.5088 0.159178
258.468 16.7749 0.160229
260.145 17.0444 0.16128
261.832 17.3175 0.162331
263.531 17.5941 0.16338
265.24 17.8743 0.164429
266.961 18.1582 0.165477
268.693 18.4457 0.166524
270.436 18.7368 0.167569
272.191 19.0317 0.168613
273.956 19.3304 0.169656
275.734 19.6329 0.170697
277.522 19.9391 0.171737
279.323 20.2492 0.172774
281.135 20.5633 0.173809
282.959 20.8812 0.174843
284.794 21.2031 0.175873
286.642 21.529 0.176902
288.501 21.8589 0.177927
290.373 22.1929 0.17895
292.257 22.5309 0.179969
294.153 22.8731 0.180986
296.061 23.2194 0.181999
297.982 23.57 0.183008
299.915 23.9247 0.184014
301.86 24.2837 0.185015
303.819 24.647 0.186013
305.79 25.0146 0.187006
307.773 25.3866 0.187995
309.77 25.7629 0.188979
311.78 26.1437 0.189958
313.802 26.5289 0.190932
315.838 26.9185 0.1919
317.887 27.3127 0.192863
319.949 27.7114 0.193821
322.025 28.1147 0.194772
324.114 28.5226 0.195717
326.217 28.9351 0.196655
328.333 29.3523 0.197587
330.463 29.7741 0.198512
332.607 30.2007 0.199429
334.764 30.632 0.200339
336.936 31.068 0.201242
339.122 31.5089 0.202136
341.322 31.9546 0.203022
343.536 32.4051 0.2039
345.765 32.8605 0.204769
348.008 33.3208 0.205628
350.266 33.786 0.206479
352.538 34.2561 0.20732
354.825 34.7312 0.208151
357.127 35.2113 0.208971
359.444 35.6964 0.209781
361.776 36.1865 0.210581
364.123 36.6816 0.211369
366.485 37.1818 0.212145
368.862 37.6871 0.21291
371.255 38.1975 0.213663
373.664 38.713 0.214403
376.088 39.2336 0.215131
378.528 39.7593 0.215845
380.983 40.2902 0.216546
383.455 40.8263 0.217233
385.942 41.3675 0.217906
388.446 41.9139 0.218564
390.966 42.4655 0.219207
393.502 43.0223 0.219835
396.055 43.5843 0.220447
398.625 44.1514 0.221043
401.211 44.7238 0.221623
403.813 45.3014 0.222185
406.433 45.8842 0.222731
409.07 46.4721 0.223258
411.724 47.0653 0.223768
414.395 47.6636 0.224259
417.083 48.2671 0.224731
419.789 48.8758 0.225183
422.512 49.4896 0.225616
425.253 50.1086 0.226028
428.012 50.7327 0.226419
430.788 51.3619 0.226789
433.583 51.9962 0.227138
436.396 52.6356 0.227464
439.227 53.28 0.227767
442.076 53.9294 0.228048
444.944 54.5838 0.228304
447.831 55.2431 0.228537
450.736 55.9073 0.228745
453.66 56.5765 0.228927
456.603 57.2505 0.229084
459.565 57.9292 0.229215
462.547 58.6128 0.229318
465.547 59.301 0.229395
468.567 59.9939 0.229443
471.607 60.6914 0.229463
474.667 61.3934 0.229455
477.746 62.0999 0.229416
480.845 62.8108 0.229348
483.965 63.5261 0.229248
487.104 64.2456 0.229118
490.264 64.9694 0.228956
493.445 65.6973 0.228761
496.646 66.4292 0.228533
499.868 67.1651 0.228271
503.111 67.9049 0.227975
506.375 68.6484 0.227644
509.66 69.3956 0.227277
512.966 70.1464 0.226875
516.294 70.9007 0.226435
519.643 71.6583 0.225958
523.014 72.4192 0.225443
526.407 73.1832 0.224889
529.822 73.9501 0.224295
533.26 74.72 0.223662
536.719 75.4926 0.222987
540.201 76.2677 0.222272
543.705 77.0453 0.221514
547.233 77.8253 0.220713
550.783 78.6073 0.219868
554.356 79.3913 0.218979
557.952 80.1772 0.218046
561.572 80.9647 0.217066
565.215 81.7536 0.216041
568.882 82.5438 0.214968
572.572 83.3351 0.213847
576.287 84.1272 0.212678
580.025 84.9201 0.21146
583.788 85.7134 0.210191
587.575 86.5069 0.208872
591.387 87.3005 0.207502
595.224 88.0938 0.206079
599.085 88.8867 0.204603
602.971 89.679 0.203074
606.883 90.4702 0.20149
610.82 91.2603 0.199851
614.783 92.0488 0.198156
618.771 92.8357 0.196404
622.785 93.6204 0.194595
626.826 94.4029 0.192728
630.892 95.1827 0.190802
634.985 95.9595 0.188816
639.104 96.7331 0.18677
643.25 97.5031 0.184663
647.423 98.2692 0.182493
651.623 99.031 0.180261
655.851 99.7881 0.177966
660.105 100.54 0.175607
664.388 101.287 0.173183
668.698 102.028 0.170693
673.036 102.763 0.168137
677.402 103.492 0.165514
681.797 104.213 0.162823
686.22 104.927 0.160064
690.671 105.633 0.157235
695.152 106.331 0.154337
699.662 107.021 0.151369
704.201 107.701 0.148329
708.769 108.371 0.145217
713.367 109.032 0.142032
717.995 109.681 0.138775
722.653 110.32 0.135444
727.341 110.947 0.132038
732.06 111.562 0.128557
736.809 112.164 0.125001
741.589 112.753 0.121368
746.4 113.328 0.117658
751.242 113.888 0.113871
756.115 114.434 0.110006
761.021 114.964 0.106063
765.958 115.478 0.10204
770.927 115.974 0.0979384
775.928 116.454 0.0937565
780.962 116.915 0.0894942
786.028 117.357 0.085151
791.127 117.78 0.0807265
796.26 118.183 0.0762203
801.425 118.565 0.0716321
806.624 118.925 0.0669614
811.857 119.263 0.0622081
817.124 119.578 0.0573716
822.425 119.869 0.0524519
827.76 120.136 0.0474487
833.13 120.377 0.0423616
838.535 120.592 0.0371906
843.975 120.78 0.0319355
849.45 120.94 0.0265961
854.961 121.072 0.0211724
860.507 121.174 0.0156642
866.09 121.246 0.0100716
871.708 121.286 0.00439455
877.363 121.299 0
883.055 121.299 0
888.784 121.299 0
894.55 121.299 0
900.353 121.299 0
906.194 121.299 0
912.073 121.299 0
917.99 121.299 0
923.945 121.299 0
929.939 121.299 0
935.972 121.299 0
942.044 121.299 0
948.155 121.299 0
954.306 121.299 0
960.497 121.299 0
966.728 121.299 0
973 121.299 0
979.312 121.299 0
985.665 121.299 0
992.059 121.299 0
998.495 121.299 0
1004.97 121.299 0
1011.49 121.299 0
1018.05 121.299 0
1024.66 121.299 0
1031.31 121.299 0
1038 121.299 0
1044.73 121.299 0
1051.51 121.299 0
1058.33 121.299 0
1065.2 121.299 0
1072.11 121.299 0
1079.06 121.299 0
1086.06 121.299 0
1093.11 121.299 0
1100.2 121.299 0
1107.34 121.299 0
1114.52 121.299 0
1121.75 121.299 0
1129.03 121.299 0
1136.35 121.299 0
1143.72 121.299 0
1151.14 121.299 0
1158.61 121.299 0
1166.13 121.299 0
1173.69 121.299 0
1181.31 121.299 0
1188.97 121.299 0
1196.68 121.299 0
1204.45 121.299 0
1212.26 121.299 0
1220.12 121.299 0
1228.04 121.299 0
1236.01 121.299 0
1244.02 121.299 0
1252.09 121.299 0
1260.22 121.299 0
1268.39 121.299 0
1276.62 121.299 0
1284.9 121.299 0
1293.24 121.299 0
1301.63 121.299 0
1310.07 121.299 0
1318.57 121.299 0
1327.13 121.299 0
1335.74 121.299 0
1344.4 121.299 0
1353.12 121.299 0
1361.9 121.299 0
1370.74 121.299 0
1379.63 121.299 0
1388.58 121.299 0
1397.59 121.299 0
1406.65 121.299 0
1415.78 121.299 0
1424.96 121.299 0
1434.21 121.299 0
1443.51 121.299 0
1452.88 121.299 0
1462.3 121.299 0
1471.79 121.299 0
1481.34 121.299 0
1490.95 121.299 0
1500.62 121.299 0
1510.35 121.299 0
1520.15 121.299 0
1530.01 121.299 0
1539.94 121.299 0
1549.93 121.299 0
1559.98 121.299 0
1570.1 121.299 0
1580.29 121.299 0
1590.54 121.299 0
1600.86 121.299 0
1611.25 121.299 0
1621.7 121.299 0
1632.22 121.299 0
1642.81 121.299 0
1653.47 121.299 0
1664.19 121.299 0
1674.99 121.299 0
1685.85 121.299 0
1696.79 121.299 0
1707.8 121.299 0
1718.88 121.299 0
1730.03 121.299 0
1741.25 121.299 0
1752.55 121.299 0
1763.92 121.299 0
1775.36 121.299 0
1786.88 121.299 0
1798.47 121.299 0
1810.14 121.299 0
1821.88 121.299 0
1833.7 121.299 0
1845.6 121.299 0
1857.57 121.299 0
1869.62 121.299 0
1881.75 121.299 0
1893.96 121.299 0
1906.24 121.299 0
1918.61 121.299 0
1931.06 121.299 0
1943.58 121.299 0
1956.19 121.299 0
1968.88 121.299 0
1981.66 121.299 0
1994.51 121.299 0
2007.45 121.299 0
2020.47 121.299 0
2033.58 121.299 0
2046.77 121.299 0
2060.05 121.299 0
2073.42 121.299 0
2086.87 121.299 0
2100.41 121.299 0
2114.03 121.299 0
2127.75 121.299 0
2141.55 121.299 0
2155.44 121.299 0
2169.43 121.299 0
2183.5 121.299 0
2197.66 121.299 0
2211.92 121.299 0
2226.27 121.299 0
2240.71 121.299 0
2255.25 121.299 0
2269.88 121.299 0
2284.61 121.299 0
2299.43 121.299 0
2314.34 121.299 0
2329.36 121.299 0
2344.47 121.299 0
2359.68 121.299 0
2374.99 121.299 0
2390.39 121.299 0
2405.9 121.299 0
2421.51 121.299 0
2437.22 121.299 0
2453.03 121.299 0
2468.94 121.299 0
2484.96 121.299 0
2501.08 121.299 0
2517.31 121.299 0
2533.64 121.299 0
2550.07 121.299 0
2566.62 121.299 0
2583.27 121.299 0
2600.03 121.299 0
2616.89 121.299 0
2633.87 121.299 0
2650.96 121.299 0
2668.15 121.299 0
2685.46 121.299 0
2702.89 121.299 0
2720.42 121.299 0
2738.07 121.299 0
2755.83 121.299 0
2773.71 121.299 0
2791.7 121.299 0
2809.81 121.299 0
2828.04 121.299 0
2846.39 121.299 0
2864.85 121.299 0
2883.44 121.299 0
2902.15 121.299 0
2920.97 121.299 0
2939.92 121.299 0
2958.99 121.299 0
2978.19 121.299 0
2997.51 121.299 0
3016.96 121.299 0
3036.53 121.299 0
3056.23 121.299 0
3076.05 121.299 0
3096.01 121.299 0
3116.1 121.299 0
3136.31 121.299 0
3156.66 121.299 0
3177.14 121.299 0
3197.75 121.299 0
3218.49 121.299 0
3239.37 121.299 0
3260.39 121.299 0
3281.54 121.299 0
3302.83 121.299 0
3324.25 121.299 0
3345.82 121.299 0
3367.52 121.299 0
3389.37 121.299 0
3411.36 121.299 0
3433.49 121.299 0
3455.76 121.299 0
3478.18 121.299 0
3500.75 121.299 0
3523.46 121.299 0
3546.31 121.299 0
3569.32 121.299 0
3592.48 121.299 0
3615.78 121.299 0
3639.24 121.299 0
3662.85 121.299 0
3686.61 121.299 0
3710.53 121.299 0
3734.6 121.299 0
3758.82 121.299 0
3783.21 121.299 0
3807.75 121.612 0.0255336
3832.45 122.739 0.0657154
3857.32 124.867 0.105459
3882.34 127.996 0.144597
3907.53 132.121 0.182972
3932.88 137.234 0.220435
3958.39 143.323 0.25685
3984.07 150.371 0.292099
4009.92 158.36 0.326077
4035.93 167.266 0.358696
4062.11 177.066 0.389888
4088.47 187.732 0.419598
4114.99 199.235 0.447794
4141.68 211.545 0.474455
4168.55 224.631 0.499577
4195.6 238.46 0.523171
4222.81 253 0.545258
4250.21 268.22 0.565871
4277.78 284.087 0.585053
4305.53 300.57 0.602853
4333.46 317.638 0.619327
4361.58 335.263 0.634535
4389.87 353.415 0.64854
4418.35 372.068 0.661409
4447.01 391.196 0.673207
4475.86 410.773 0.684002
4504.9 430.777 0.69386
4534.12 451.186 0.702844
4563.54 471.98 0.711018
4593.14 493.14 0.718443
4622.94 514.648 0.725176
4652.93 536.488 0.731272
4683.12 558.645 0.736783
4713.5 581.105 0.741759
4744.08 603.855 0.746245
4774.85 626.884 0.750284
4805.83 650.181 0.753917
4837.01 673.737 0.757179
4868.39 697.543 0.760106
4899.97 721.59 0.762729
4931.76 745.873 0.765077
4963.75 770.385 0.767176
4995.95 795.119 0.769051
5028.36 820.072 0.770723
5060.98 845.238 0.772215
5093.82 870.613 0.773542
5126.86 896.194 0.774724
5160.12 921.979 0.775773
5193.6 947.964 0.776705
5227.29 974.147 0.777532
5261.2 1000.53 0.778265
5295.33 1027.1 0.778914
5329.68 1053.87 0.779487
5364.26 1080.83 0.779994
5399.06 1107.98 0.780442
5434.09 1135.32 0.780837
5469.34 1162.86 0.781185
5504.82 1190.58 0.781492
5540.53 1218.49 0.781761
5576.48 1246.6 0.781998
5612.65 1274.89 0.782206
5649.06 1303.37 0.782389
5685.71 1332.05 0.782549
5722.6 1360.92 0.782689
5759.72 1389.98 0.782812
5797.09 1419.23 0.782919
5834.69 1448.67 0.783012
5872.55 1478.31 0.783094
5910.64 1508.15 0.783165
5948.99 1538.18 0.783227
5987.58 1568.41 0.783281
6026.42 1598.83 0.783328
6065.52 1629.46 0.783368
6104.87 1660.28 0.783404
6144.47 1691.31 0.783434
6184.33 1722.54 0.783461
6224.45 1753.97 0.783484
6264.83 1785.61 0.783503
6305.48 1817.45 0.78352
6346.38 1849.51 0.783535
6387.55 1881.77 0.783548
6428.99 1914.23 0.783559
6470.7 1946.91 0.783568
6512.68 1979.81 0.783576
6554.93 2012.91 0.783583
6597.45 2046.23 0.783589
6640.25 2079.77 0.783594
6683.33 2113.53 0.783598
6726.69 2147.5 0.783602
6770.32 2181.7 0.783605
6814.25 2216.11 0.783608
6858.45 2250.76 0.78361
6902.95 2285.62 0.783612
6947.73 2320.71 0.783614
6992.8 2356.03 0.783615
7038.16 2391.58 0.783617
7083.82 2427.36 0.783618
7129.78 2463.37 0.783618
7176.03 2499.62 0.783619
7222.59 2536.1 0.78362
7269.44 2572.81 0.78362
7316.6 2609.77 0.783621
7364.07 2646.96 0.783621
7411.84 2684.4 0.783621
7459.92 2722.08 0.783622
7508.32 2760 0.783622
7557.03 2798.17 0.783622
7606.05 2836.59 0.783622
7655.39 2875.25 0.783622
7705.06 2914.17 0.783622
7755.04 2953.34 0.783622
7805.35 2992.77 0.783623
7855.99 3032.45 0.783623
7906.95 3072.38 0.783623
7958.25 3112.58 0.783623
8009.88 3153.04 0.783623
8061.84 3193.75 0.783623
8114.14 3234.74 0.783623
8166.78 3275.99 0.783623
8219.76 3317.5 0.783623
8273.08 3359.29 0.783623
8326.76 3401.35 0.783623
8380.77 3443.68 0.783623
8435.14 3486.28 0.783623
8489.86 3529.16 0.783623
8544.94 3572.32 0.783623
8600.38 3615.76 0.783623
8656.17 3659.48 0.783623
8712.32 3703.49 0.783623
8768.84 3747.78 0.783623
8825.73 3792.36 0.783623
8882.99 3837.22 0.783623
8940.61 3882.38 0.783623
8998.61 3927.83 0.783623
9056.99 3973.58 0.783623
9115.75 4019.62 0.783623
9174.89 4065.96 0.783623
9234.41 4112.6 0.783623
9294.31 4159.55 0.783623
9354.61 4206.8 0.783623
9415.29 4254.35 0.783623
9476.38 4302.22 0.783623
9537.85 4350.39 0.783623
9599.73 4398.88 0.783623
9662 4447.68 0.783623
9724.68 4496.8 0.783623
9787.77 4546.23 0.783623
9851.27 4595.99 0.783623
9915.18 4646.07 0.783623
9979.5 4696.48 0.783623
10044.2 4747.21 0.783623
10109.4 4798.27 0.783623
10175 4849.66 0.783623
10241 4901.39 0.783623
10307.4 4953.45 0.783623
10374.3 5005.85 0.783623
10441.6 5058.59 0.783623
10509.3 5111.67 0.783623
10577.5 5165.1 0.783623
10646.1 5218.87 0.783623
10715.2 5272.99 0.783623
10784.7 5327.46 0.783623
10854.7 5382.29 0.783623
10925.1 5437.47 0.783623
10996 5493.01 0.783623
11067.3 5548.91 0.783623
11139.1 5605.17 0.783623
11211.4 5661.8 0.783623
11284.1 5718.79 0.783623
11357.3 5776.16 0.783623
11431 5833.89 0.783623
11505.1 5892 0.783623
11579.8 5950.49 0.783623
11654.9 6009.36 0.783623
11730.5 6068.61 0.783623
11806.6 6128.24 0.783623
11883.2 6188.26 0.783623
11960.3 6248.67 0.783623
12037.9 6309.47 0.783623
12116 6370.67 0.783623
12194.6 6432.26 0.783623
12273.7 6494.26 0.783623
12353.3 6556.65 0.783623
12433.5 6619.45 0.783623
12514.1 6682.66 0.783623
12595.3 6746.28 0.783623
12677 6810.31 0.783623
12759.2 6874.75 0.783623
12842 6939.61 0.783623
12925.3 7004.9 0.783623
13009.2 7070.61 0.783623
13093.6 7136.74 0.783623
13178.5 7203.3 0.783623
13264 7270.3 0.783623
13350.1 7337.73 0.783623
13436.7 7405.59 0.783623
13523.8 7473.9 0.783623
13611.6 7542.65 0.783623
13699.9 7611.85 0.783623
13788.8 7681.49 0.783623
13878.2 7751.59 0.783623
13968.2 7822.14 0.783623
14058.9 7893.15 0.783623
14150.1 7964.62 0.783623
14241.9 8036.56 0.783623
14334.2 8108.96 0.783623
14427.2 8181.83 0.783623
14520.8 8255.17 0.783623
14615 8328.99 0.783623
14709.8 8403.29 0.783623
14805.3 8478.07 0.783623
14901.3 8553.33 0.783623
14998 8629.08 0.783623
15095.3 8705.33 0.783623
15193.2 8782.07 0.783623
15291.8 8859.3 0.783623
15391 8937.04 0.783623
15490.8 9015.28 0.783623
15591.3 9094.03 0.783623
15692.5 9173.29 0.783623
15794.3 9253.07 0.783623
15896.7 9333.36 0.783623
15999.9 9414.17 0.783623
16103.7 9495.51 0.783623
16208.1 9577.38 0.783623
16313.3 9659.77 0.783623
16419.1 9742.7 0.783623
16525.6 9826.17 0.783623
16632.8 9910.18 0.783623
16740.7 9994.74 0.783623
16849.3 10079.8 0.783623
16958.7 10165.5 0.783623
17068.7 10251.7 0.783623
17179.4 10338.5 0.783623
17290.8 10425.8 0.783623
17403 10513.7 0.783623
17515.9 10602.2 0.783623
17629.6 10691.2 0.783623
17743.9 10780.9 0.783623
17859 10871.1 0.783623
17974.9 10961.8 0.783623
18091.5 11053.2 0.783623
18208.9 11145.2 0.783623
18327 11237.8 0.783623
18445.9 11330.9 0.783623
18565.5 11424.7 0.783623
18686 11519.1 0.783623
18807.2 11614.1 0.783623
18929.2 11709.7 0.783623
19052 11805.9 0.783623
19175.6 11902.8 0.783623
19300 12000.2 0.783623
19425.2 12098.4 0.783623
19551.2 12197.1 0.783623
19678.1 12296.5 0.783623
19805.7 12396.5 0.783623
19934.2 12497.2 0.783623
20063.5 12598.6 0.783623
20193.7 12700.6 0.783623
20324.7 12803.2 0.783623
20456.6 12906.5 0.783623
20589.3 13010.5 0.783623
20722.8 13115.2 0.783623
20857.3 13220.6 0.783623
20992.6 13326.6 0.783623
21128.8 13433.3 0.783623
21265.8 13540.7 0.783623
21403.8 13648.8 0.783623
21542.7 13757.6 0.783623
21682.4 13867.1 0.783623
21823.1 13977.4 0.783623
21964.6 14088.3 0.783623
22107.1 14200 0.783623
22250.6 14312.4 0.783623
22394.9 14425.5 0.783623
22540.2 14539.3 0.783623
22686.4 14653.9 0.783623
22833.6 14769.2 0.783623
22981.7 14885.3 0.783623
23130.8 15002.1 0.783623
23280.9 15119.7 0.783623
23431.9 15238.1 0.783623
23583.9 15357.2 0.783623
23736.9 15477.1 0.783623
23890.9 15597.8 0.783623
24045.9 15719.2 0.783623
24201.9 15841.5 0.783623
24358.9 15964.5 0.783623
24516.9 16088.3 0.783623
24676 16213 0.783623
24836 16338.4 0.783623
24997.2 16464.7 0.783623
25159.3 16591.7 0.783623
25322.5 16719.6 0.783623
25486.8 16848.4 0.783623
25652.2 16977.9 0.783623
25818.6 17108.3 0.783623
25986.1 17239.6 0.783623
26154.7 17371.7 0.783623
26324.3 17504.7 0.783623
26495.1 17638.5 0.783623
26667 17773.2 0.783623
26840 17908.7 0.783623
27014.1 18045.2 0.783623
27189.4 18182.5 0.783623
27365.7 18320.7 0.783623
27543.3 18459.8 0.783623
27722 18599.9 0.783623
27901.8 18740.8 0.783623
28082.8 18882.6 0.783623
28265 19025.4 0.783623
28448.4 19169.1 0.783623
28632.9 19313.7 0.783623
28818.7 19459.3 0.783623
29005.6 19605.8 0.783623
29193.8 19753.2 0.783623
29383.2 19901.6 0.783623
29573.8 20051 0.783623
29765.7 20201.4 0.783623
29958.8 20352.7 0.783623
30153.1 20505 0.783623
30348.7 20658.3 0.783623
30545.6 20812.5 0.783623
30743.8 20967.8 0.783623
30943.2 21124.1 0.783623
31143.9 21281.4 0.783623
31346 21439.7 0.783623
31549.3 21599.1 0.783623
31754 21759.5 0.783623
31960 21920.9 0.783623
32167.3 22083.4 0.783623
32376 22246.9 0.783623
32586.1 22411.5 0.783623
32797.5 22577.2 0.783623
33010.2 22743.9 0.783623
33224.4 22911.7 0.783623
33439.9 23080.6 0.783623
33656.9 23250.6 0.783623
33875.2 23421.7 0.783623
34095 23593.9 0.783623
34316.1 23767.2 0.783623
34538.8 23941.7 0.783623
34762.8 24117.3 0.783623
34988.3 24294 0.783623
35215.3 24471.9 0.783623
35443.8 24650.9 0.783623
35673.7 24831.1 0.783623
35905.1 25012.4 0.783623
36138.1 25194.9 0.783623
36372.5 25378.7 0.783623
36608.5 25563.6 0.783623
36846 25749.7 0.783623
37085 25937 0.783623
37325.6 26125.5 0.783623
37567.7 26315.2 0.783623
37811.4 26506.2 0.783623
38056.7 26698.4 0.783623
38303.6 26891.9 0.783623
38552.1 27086.6 0.783623
38802.2 27282.6 0.783623
39053.9 27479.9 0.783623
39307.3 27678.4 0.783623
39562.3 27878.2 0.783623
39819 28079.4 0.783623
40077.3 28281.8 0.783623
40337.3 28485.5 0.783623
40599 28690.6 0.783623
40862.3 28897 0.783623
41127.4 29104.7 0.783623
41394.2 29313.8 0.783623
41662.8 29524.2 0.783623
41933.1 29736 0.783623
42205.1 29949.2 0.783623
42478.9 30163.7 0.783623
42754.5 30379.7 0.783623
43031.8 30597 0.783623
43311 30815.8 0.783623
43592 31036 0.783623
43874.8 31257.6 0.783623
44159.4 31480.6 0.783623
44445.9 31705.1 0.783623
44734.2 31931.1 0.783623
45024.4 32158.5 0.783623
45316.5 32387.4 0.783623
45610.5 32617.7 0.783623
45906.4 32849.6 0.783623
46204.2 33083 0.783623
46503.9 33317.9 0.783623
46805.6 33554.3 0.783623
47109.3 33792.2 0.783623
47414.9 34031.7 0.783623
47722.5 34272.7 0.783623
48032.1 34515.3 0.783623
48343.7 34759.5 0.783623
48657.3 35005.3 0.783623
48972.9 35252.6 0.783623
49290.7 35501.6 0.783623
49610.4 35752.2 0.783623
49932.3 36004.4 0.783623
50256.2 36258.2 0.783623
50582.2 36513.7 0.783623
50910.4 36770.8 0.783623
51240.6 37029.6 0.783623
51573.1 37290.1 0.783623
51907.6 37552.3 0.783623
52244.4 37816.2 0.783623
52583.3 38081.8 0.783623
52924.4 38349.1 0.783623
53267.8 38618.1 0.783623
53613.3 38888.9 0.783623
53961.1 39161.5 0.783623
54311.2 39435.8 0.783623
54663.5 39711.9 0.783623
55018.2 39989.8 0.783623
55375.1 40269.5 0.783623
55734.3 40551 0.783623
56095.9 40834.3 0.783623
