5.78741e-09 5.95396e-15 4.29514e-06
5.8738e-08 3.33166e-13 8.58285e-06
5.86595e-07 1.45059e-11 3.56977e-05
4.6076e-06 3.38009e-10 8.97843e-05
5.86875e-06 4.61297e-10 0.000114002
2.3369e-05 3.31505e-09 0.000192532
7.39119e-05 1.62978e-08 0.000292274
0.000147358 4.17301e-08 0.000330144
0.000152693 4.34471e-08 0.000292479
0.000165528 4.67976e-08 0.000304172
0.000294481 1.01986e-07 0.000463041
0.000466785 1.89679e-07 0.00054542
0.000739961 3.52227e-07 0.00041641
0.000792747 3.70702e-07 0.000446592
0.000859333 4.13069e-07 0.00055442
0.000931697 4.48502e-07 0.00055104
0.00117285 6.10601e-07 0.000697128
0.00147667 8.31244e-07 0.000750516
0.0017323 1.02935e-06 0.000535855
0.00185963 1.08409e-06 0.000525282
0.00294795 2.00733e-06 0.000908255
0.00467391 3.71532e-06 0.00105104
0.00633042 5.56999e-06 0.00091467
0.0070765 6.16755e-06 0.00093479
0.00933155 8.92099e-06 0.00127133
0.0117504 1.21316e-05 0.00137956
0.0154948 1.7543e-05 0.00122736
0.0177925 2.00421e-05 0.00125466
0.0234638 2.89812e-05 0.00164107
0.0295474 3.94039e-05 0.00177172
0.0354913 5.03041e-05 0.00128079
0.0389653 5.38549e-05 0.00125817
0.0549487 8.51279e-05 0.00191362
0.0590129 9.27925e-05 0.00199187
0.0713035 0.000119369 0.00114686
0.0787306 0.000125461 0.00110854
0.10265 0.000178607 0.00176378
0.112568 0.000193736 0.00180901
0.132297 0.000240204 0.00240921
0.146764 0.000275794 0.00181491
0.15911 0.000293738 0.00177613
0.191354 0.000375514 0.00260957
0.227502 0.000472769 0.000973271
0.245257 0.000484229 0.000805937
0.256566 0.000495831 0.00103354
0.268397 0.000508152 0.00104919
0.280773 0.000521236 0.00106507
0.293719 0.00053513 0.0010812
0.307263 0.000549885 0.00109757
0.321432 0.000565555 0.00111419
0.336253 0.000582195 0.00113106
0.351758 0.000599866 0.00114818
0.367978 0.000618631 0.00116556
0.384946 0.000638559 0.00118321
0.402697 0.000659722 0.00120112
0.421266 0.000682195 0.00121931
0.440691 0.000706061 0.00123777
0.461012 0.000731406 0.00125651
0.48227 0.00075832 0.00127553
0.504508 0.000786902 0.00129484
0.527771 0.000817254 0.00131445
0.552107 0.000849487 0.00133435
0.577566 0.000883717 0.00135455
0.604198 0.000920067 0.00137506
0.632059 0.000958668 0.00139588
0.661204 0.000999662 0.00141701
0.691693 0.00104319 0.00143847
0.723588 0.00108942 0.00146024
0.756953 0.00113852 0.00148235
0.791857 0.00119065 0.00150479
0.828371 0.00124602 0.00152758
0.866568 0.00130481 0.00155071
0.906527 0.00136725 0.00157418
0.948328 0.00143355 0.00159802
0.992057 0.00150396 0.00162221
1.0378 0.00157874 0.00164677
1.08566 0.00165815 0.0016717
1.13572 0.00174247 0.00169701
1.18809 0.00183202 0.00172271
1.24287 0.00192712 0.00174879
1.30018 0.00202811 0.00177526
1.36014 0.00213535 0.00180214
1.42285 0.00224924 0.00182943
1.48846 0.00237018 0.00185712
1.5571 0.00249862 0.00188524
1.6289 0.00263501 0.00191378
1.70401 0.00277985 0.00194276
1.78258 0.00293367 0.00197217
1.86478 0.00309701 0.00200203
1.95077 0.00327047 0.00203234
2.04072 0.00345468 0.00206311
2.13482 0.0036503 0.00209435
2.23326 0.00385804 0.00212606
2.33624 0.00407865 0.00215824
2.44396 0.00431292 0.00219092
2.55666 0.00456171 0.00222409
2.67455 0.00482591 0.00225776
2.79788 0.00510648 0.00229195
2.92689 0.00540443 0.00232665
3.06185 0.00572083 0.00236187
3.20304 0.00605684 0.00239763
3.35074 0.00641366 0.00243393
3.50524 0.00679259 0.00247078
3.66688 0.00719499 0.00250819
3.83596 0.00762232 0.00254616
4.01284 0.00807613 0.00258471
4.19788 0.00855804 0.00262385
4.39145 0.00906982 0.00266357
4.59395 0.00961329 0.0027039
4.80578 0.0101904 0.00274483
5.02738 0.0108033 0.00278639
5.2592 0.0114542 0.00282858
5.50171 0.0121454 0.0028714
5.7554 0.0128794 0.00291488
6.02079 0.0136589 0.00295901
6.29841 0.0144866 0.00300381
6.58884 0.0153657 0.00304928
6.89266 0.0162992 0.00309545
7.21049 0.0172905 0.00314232
7.54298 0.0183433 0.00318989
7.8908 0.0194612 0.00323819
8.25465 0.0206484 0.00328721
8.63529 0.0219092 0.00333698
9.03347 0.0232481 0.0033875
9.45002 0.0246699 0.00343879
9.88577 0.0261798 0.00349085
10.3416 0.0277832 0.00354371
10.8185 0.029486 0.00359736
11.3173 0.0312942 0.00365182
11.8392 0.0332145 0.00370711
12.3851 0.0352537 0.00376324
12.9562 0.0374193 0.00382021
13.5536 0.039719 0.00387805
14.1786 0.0421611 0.00393677
14.8324 0.0447546 0.00399637
15.5164 0.0475087 0.00405687
16.2318 0.0504335 0.00411829
16.9803 0.0535394 0.00418065
17.7633 0.0568378 0.00424394
18.5824 0.0603405 0.0043082
19.4392 0.0640601 0.00437342
20.3356 0.0680102 0.00443964
21.2733 0.072205 0.00450685
22.2543 0.0766597 0.00457509
23.2804 0.0813904 0.00464435
24.3539 0.0864141 0.00471467
25.4769 0.091749 0.00478605
26.6517 0.0974144 0.00485851
27.8806 0.103431 0.00493207
29.1662 0.10982 0.00500674
30.5111 0.116605 0.00508254
31.9181 0.12381 0.00515949
33.3898 0.131462 0.00523761
34.9295 0.139587 0.00531691
36.5401 0.148216 0.0053974
38.225 0.15738 0.00547912
39.9877 0.167111 0.00556208
41.8315 0.177445 0.00564629
43.7605 0.188419 0.00573177
45.7783 0.200073 0.00581855
47.8892 0.212449 0.00590664
50.0974 0.225592 0.00599607
52.4075 0.239549 0.00608685
54.8241 0.254371 0.00617901
57.3521 0.27011 0.00627256
59.9967 0.286825 0.00636752
62.7632 0.304575 0.00646393
65.6573 0.323425 0.00656179
68.6849 0.343443 0.00666114
71.852 0.364701 0.00676199
75.1652 0.387275 0.00686552
75.1652 0.387275 0.00686451
75.6528 0.390734 0.00731931
76.1436 0.394438 0.00777679
76.6376 0.398393 0.00823698
77.1348 0.402604 0.00869989
77.6352 0.407073 0.00916553
78.1388 0.411808 0.00963391
78.6457 0.416811 0.010105
79.1559 0.422087 0.010579
79.6694 0.427642 0.0110556
80.1863 0.43348 0.0115351
80.7065 0.439606 0.0120174
81.23 0.446025 0.0125025
81.757 0.452742 0.0129904
82.2874 0.459762 0.0134812
82.8212 0.46709 0.0139748
83.3585 0.474732 0.0144712
83.8993 0.482693 0.0149706
84.4436 0.490978 0.0154728
84.9914 0.499592 0.015978
85.5428 0.508542 0.016486
86.0977 0.517833 0.016997
86.6563 0.52747 0.0175109
87.2184 0.537459 0.0180277
87.7842 0.547807 0.0185475
88.3537 0.558518 0.0190703
88.9269 0.5696 0.0195961
89.5038 0.581057 0.0201248
90.0845 0.592897 0.0206566
90.6689 0.605125 0.0211913
91.2571 0.617748 0.0217291
91.8491 0.630772 0.0222699
92.4449 0.644204 0.0228138
93.0447 0.65805 0.0233607
93.6483 0.672317 0.0239107
94.2558 0.687011 0.0244638
94.8673 0.70214 0.02502
95.4827 0.71771 0.0255792
96.1021 0.733729 0.0261416
96.7256 0.750203 0.0267071
97.3531 0.76714 0.0272757
97.9847 0.784547 0.0278474
98.6203 0.802431 0.0284223
99.2601 0.8208 0.0290004
99.904 0.839662 0.0295816
100.552 0.859023 0.030166
101.204 0.878893 0.0307536
101.861 0.899278 0.0313443
102.522 0.920187 0.0319383
103.187 0.941628 0.0325355
103.856 0.963608 0.0331359
104.53 0.986137 0.0337395
105.208 1.00922 0.0343463
105.891 1.03287 0.0349564
106.578 1.0571 0.0355698
107.269 1.0819 0.0361864
107.965 1.1073 0.0368062
108.665 1.1333 0.0374293
109.37 1.1599 0.0380557
110.08 1.18713 0.0386854
110.794 1.21498 0.0393184
111.513 1.24347 0.0399547
112.236 1.27261 0.0405942
112.964 1.3024 0.0412371
113.697 1.33285 0.0418832
114.435 1.36399 0.0425327
115.177 1.3958 0.0431855
115.924 1.42832 0.0438416
116.676 1.46154 0.0445011
117.433 1.49547 0.0451638
118.195 1.53013 0.0458299
118.962 1.56553 0.0464993
119.734 1.60168 0.0471721
120.51 1.63858 0.0478482
121.292 1.67625 0.0485276
122.079 1.71471 0.0492104
122.871 1.75395 0.0498965
123.668 1.794 0.050586
124.47 1.83486 0.0512788
125.278 1.87655 0.0519749
126.091 1.91907 0.0526744
126.909 1.96245 0.0533772
127.732 2.00668 0.0540833
128.561 2.05179 0.0547928
129.395 2.09779 0.0555056
130.234 2.14468 0.0562217
131.079 2.19249 0.0569412
131.929 2.24121 0.0576639
132.785 2.29088 0.05839
133.646 2.34149 0.0591194
134.513 2.39307 0.0598521
135.386 2.44562 0.0605881
136.264 2.49915 0.0613273
137.148 2.5537 0.0620699
138.038 2.60925 0.0628157
138.934 2.66584 0.0635648
139.835 2.72347 0.0643171
140.742 2.78216 0.0650727
141.655 2.84192 0.0658315
142.574 2.90277 0.0665936
143.499 2.96472 0.0673588
144.43 3.02778 0.0681272
145.367 3.09197 0.0688989
146.31 3.15731 0.0696737
147.259 3.22382 0.0704516
148.215 3.29149 0.0712327
149.176 3.36036 0.0720168
150.144 3.43044 0.0728041
151.118 3.50174 0.0735945
152.098 3.57427 0.074388
153.085 3.64807 0.0751844
154.078 3.72313 0.0759839
155.078 3.79948 0.0767864
156.084 3.87714 0.0775919
157.096 3.95611 0.0784003
158.115 4.03643 0.0792117
159.141 4.1181 0.080026
160.173 4.20114 0.0808431
161.213 4.28557 0.0816631
162.258 4.3714 0.0824859
163.311 4.45867 0.0833115
164.37 4.54737 0.0841398
165.437 4.63753 0.0849709
166.51 4.72918 0.0858046
167.59 4.82231 0.086641
168.678 4.91697 0.0874801
169.772 5.01316 0.0883217
170.873 5.1109 0.0891658
171.982 5.21021 0.0900125
173.097 5.31111 0.0908616
174.22 5.41362 0.0917132
175.351 5.51776 0.0925671
176.488 5.62355 0.0934234
177.633 5.731 0.0942819
178.785 5.84014 0.0951427
179.945 5.951 0.0960057
181.113 6.06357 0.0968708
182.288 6.1779 0.0977381
183.47 6.294 0.0986073
184.66 6.41188 0.0994785
185.858 6.53158 0.100352
187.064 6.6531 0.101227
188.278 6.77648 0.102103
189.499 6.90172 0.102982
190.728 7.02887 0.103862
191.966 7.15792 0.104744
193.211 7.28892 0.105627
194.464 7.42187 0.106512
195.726 7.5568 0.107399
196.996 7.69373 0.108286
198.274 7.83268 0.109175
199.56 7.97369 0.110065
200.855 8.11675 0.110956
202.158 8.26191 0.111848
203.469 8.40918 0.112741
204.789 8.55859 0.113635
206.118 8.71015 0.11453
207.455 8.8639 0.115425
208.801 9.01984 0.116321
210.155 9.17801 0.117218
211.519 9.33843 0.118114
212.891 9.50113 0.119011
214.272 9.66611 0.119909
215.662 9.83342 0.120806
217.061 10.0031 0.121704
218.469 10.1751 0.122601
219.886 10.3495 0.123498
221.313 10.5263 0.124394
222.749 10.7055 0.125291
224.194 10.8872 0.126186
225.648 11.0714 0.127081
227.112 11.2581 0.127975
228.585 11.4473 0.128868
230.068 11.639 0.12976
231.561 11.8334 0.130651
233.063 12.0303 0.13154
234.575 12.2299 0.132428
236.097 12.4321 0.133314
237.628 12.6369 0.134199
239.17 12.8445 0.135081
240.722 13.0548 0.135962
242.283 13.2678 0.13684
243.855 13.4835 0.137716
245.437 13.7021 0.138589
247.029 13.9235 0.139459
248.632 14.1476 0.140327
250.245 14.3747 0.141191
251.868 14.6046 0.142053
253.502 14.8374 0.14291
255.147 15.0731 0.143765
256.802 15.3118 0.144615
258.468 15.5534 0.145461
260.145 15.798 0.146304
261.832 16.0457 0.147142
263.531 16.2963 0.147975
265.24 16.55 0.148803
266.961 16.8067 0.149627
268.693 17.0666 0.150445
270.436 17.3295 0.151258
272.191 17.5956 0.152065
273.956 17.8648 0.152866
275.734 18.1372 0.153661
277.522 18.4128 0.15445
279.323 18.6916 0.155232
281.135 18.9736 0.156008
282.959 19.2588 0.156776
284.794 19.5473 0.157537
286.642 19.839 0.158291
288.501 20.1341 0.159036
290.373 20.4324 0.159774
292.257 20.7341 0.160503
294.153 21.0391 0.161223
296.061 21.3474 0.161934
297.982 21.6591 0.162637
299.915 21.9742 0.163329
301.86 22.2926 0.164012
303.819 22.6145 0.164685
305.79 22.9397 0.165347
307.773 23.2684 0.165999
309.77 23.6004 0.166639
311.78 23.9359 0.167268
313.802 24.2749 0.167886
315.838 24.6173 0.168491
317.887 24.9631 0.169084
319.949 25.3124 0.169665
322.025 25.6652 0.170232
324.114 26.0214 0.170786
326.217 26.381 0.171326
328.333 26.7442 0.171852
330.463 27.1108 0.172364
332.607 27.4808 0.172861
334.764 27.8543 0.173342
336.936 28.2313 0.173808
339.122 28.6117 0.174258
341.322 28.9955 0.174691
343.536 29.3828 0.175108
345.765 29.7735 0.175507
348.008 30.1676 0.175889
350.266 30.5651 0.176253
352.538 30.966 0.176598
354.825 31.3703 0.176925
357.127 31.7779 0.177232
359.444 32.1888 0.177519
361.776 32.6031 0.177786
364.123 33.0206 0.178033
366.485 33.4415 0.178259
368.862 33.8655 0.178463
371.255 34.2928 0.178645
373.664 34.7232 0.178804
376.088 35.1568 0.178941
378.528 35.5935 0.179054
380.983 36.0333 0.179143
383.455 36.4762 0.179208
385.942 36.922 0.179248
388.446 37.3709 0.179262
390.966 37.8226 0.179251
393.502 38.2772 0.179213
396.055 38.7346 0.179149
398.625 39.1948 0.179057
401.211 39.6576 0.178937
403.813 40.1232 0.178789
406.433 40.5913 0.178612
409.07 41.062 0.178405
411.724 41.5351 0.178168
414.395 42.0107 0.177901
417.083 42.4885 0.177602
419.789 42.9686 0.177272
422.512 43.4509 0.17691
425.253 43.9353 0.176515
428.012 44.4216 0.176087
430.788 44.9099 0.175625
433.583 45.4 0.175128
436.396 45.8919 0.174597
439.227 46.3854 0.17403
442.076 46.8804 0.173427
444.944 47.3769 0.172788
447.831 47.8747 0.172111
450.736 48.3736 0.171397
453.66 48.8737 0.170644
456.603 49.3748 0.169852
459.565 49.8767 0.169021
462.547 50.3793 0.16815
465.547 50.8825 0.167239
468.567 51.3861 0.166286
471.607 51.8901 0.165292
474.667 52.3942 0.164256
477.746 52.8984 0.163177
480.845 53.4023 0.162054
483.965 53.906 0.160888
487.104 54.4093 0.159677
490.264 54.9119 0.158422
493.445 55.4137 0.157121
496.646 55.9145 0.155774
499.868 56.4141 0.154381
503.111 56.9124 0.15294
506.375 57.4092 0.151452
509.66 57.9042 0.149916
512.966 58.3972 0.148332
516.294 58.8881 0.146699
519.643 59.3767 0.145016
523.014 59.8626 0.143283
526.407 60.3457 0.1415
529.822 60.8258 0.139666
533.26 61.3026 0.137781
536.719 61.7759 0.135844
540.201 62.2455 0.133855
543.705 62.711 0.131813
547.233 63.1722 0.129719
550.783 63.6289 0.127571
554.356 64.0808 0.12537
557.952 64.5276 0.123114
561.572 64.9691 0.120805
565.215 65.4049 0.118441
568.882 65.8347 0.116022
572.572 66.2583 0.113548
576.287 66.6754 0.111018
580.025 67.0856 0.108433
583.788 67.4887 0.105792
587.575 67.8842 0.103095
591.387 68.2719 0.100342
595.224 68.6515 0.097532
599.085 69.0226 0.0946659
602.971 69.3848 0.0917432
606.883 69.7379 0.0887639
610.82 70.0814 0.0857279
614.783 70.415 0.0826352
618.771 70.7383 0.0794858
622.785 71.0509 0.0762797
626.826 71.3525 0.073017
630.892 71.6427 0.0696978
634.985 71.921 0.0663222
639.104 72.1871 0.0628903
643.25 72.4407 0.0594024
647.423 72.6812 0.0558586
651.623 72.9082 0.0522593
655.851 73.1214 0.0486046
660.105 73.3203 0.044895
664.388 73.5045 0.0411307
668.698 73.6735 0.0373122
673.036 73.827 0.0334399
677.402 73.9644 0.0295142
681.797 74.0854 0.0255357
686.22 74.1894 0.0215048
690.671 74.2761 0.0174223
695.152 74.3449 0.0132887
699.662 74.3954 0.00910457
704.201 74.4271 0.00487073
708.769 74.4396 0.00058789
713.367 74.4409 0
717.995 74.4409 0
722.653 74.4409 0
727.341 74.4409 0
732.06 74.4409 0
736.809 74.4409 0
741.589 74.4409 0
746.4 74.4409 0
751.242 74.4409 0
756.115 74.4409 0
761.021 74.4409 0
765.958 74.4409 0
770.927 74.4409 0
775.928 74.4409 0
780.962 74.4409 0
786.028 74.4409 0
791.127 74.4409 0
796.26 74.4409 0
801.425 74.4409 0
806.624 74.4409 0
811.857 74.4409 0
817.124 74.4409 0
822.425 74.4409 0
827.76 74.4409 0
833.13 74.4409 0
838.535 74.4409 0
843.975 74.4409 0
849.45 74.4409 0
854.961 74.4409 0
860.507 74.4409 0
866.09 74.4409 0
871.708 74.4409 0
877.363 74.4409 0
883.055 74.4409 0
888.784 74.4409 0
894.55 74.4409 0
900.353 74.4409 0
906.194 74.4409 0
912.073 74.4409 0
917.99 74.4409 0
923.945 74.4409 0
929.939 74.4409 0
935.972 74.4409 0
942.044 74.4409 0
948.155 74.4409 0
954.306 74.4409 0
960.497 74.4409 0
966.728 74.4409 0
973 74.4409 0
979.312 74.4409 0
985.665 74.4409 0
992.059 74.4409 0
998.495 74.4409 0
1004.97 74.4409 0
1011.49 74.4409 0
1018.05 74.4409 0
1024.66 74.4409 0
1031.31 74.4409 0
1038 74.4409 0
1044.73 74.4409 0
1051.51 74.4409 0
1058.33 74.4409 0
1065.2 74.4409 0
1072.11 74.4409 0
1079.06 74.4409 0
1086.06 74.4409 0
1093.11 74.4409 0
1100.2 74.4409 0
1107.34 74.4409 0
1114.52 74.4409 0
1121.75 74.4409 0
1129.03 74.4409 0
1136.35 74.4409 0
1143.72 74.4409 0
1151.14 74.4409 0
1158.61 74.4409 0
1166.13 74.4409 0
1173.69 74.4409 0
1181.31 74.4409 0
1188.97 74.4409 0
1196.68 74.4409 0
1204.45 74.4409 0
1212.26 74.4409 0
1220.12 74.4409 0
1228.04 74.4409 0
1236.01 74.4409 0
1244.02 74.4409 0
1252.09 74.4409 0
1260.22 74.4409 0
1268.39 74.4409 0
1276.62 74.4409 0
1284.9 74.4409 0
1293.24 74.4409 0
1301.63 74.4409 0
1310.07 74.4409 0
1318.57 74.4409 0
1327.13 74.4409 0
1335.74 74.4409 0
1344.4 74.4409 0
1353.12 74.4409 0
1361.9 74.4409 0
1370.74 74.4409 0
1379.63 74.4409 0
1388.58 74.4409 0
1397.59 74.4409 0
1406.65 74.4409 0
1415.78 74.4409 0
1424.96 74.4409 0
1434.21 74.4409 0
1443.51 74.4409 0
1452.88 74.4409 0
1462.3 74.4409 0
1471.79 74.4409 0
1481.34 74.4409 0
1490.95 74.4409 0
1500.62 74.4409 0
1510.35 74.4409 0
1520.15 74.4409 0
1530.01 74.4409 0
1539.94 74.4409 0
1549.93 74.4409 0
1559.98 74.4409 0
1570.1 74.4409 0
1580.29 74.4409 0
1590.54 74.4409 0
1600.86 74.4409 0
1611.25 74.4409 0
1621.7 74.4409 0
1632.22 74.4409 0
1642.81 74.4409 0
1653.47 74.4409 0
1664.19 74.4409 0
1674.99 74.4409 0
1685.85 74.4409 0
1696.79 74.4409 0
1707.8 74.4409 0
1718.88 74.4409 0
1730.03 74.4409 0
1741.25 74.4409 0
1752.55 74.4409 0
1763.92 74.4409 0
1775.36 74.4409 0
1786.88 74.4409 0
1798.47 74.4409 0
1810.14 74.4409 0
1821.88 74.4409 0
1833.7 74.4409 0
1845.6 74.4409 0
1857.57 74.4409 0
1869.62 74.4409 0
1881.75 74.4409 0
1893.96 74.4409 0
1906.24 74.4409 0
1918.61 74.4409 0
1931.06 74.4409 0
1943.58 74.4409 0
1956.19 74.4409 0
1968.88 74.4409 0
1981.66 74.4409 0
1994.51 74.4409 0
2007.45 74.4409 0
2020.47 74.4409 0
2033.58 74.4409 0
2046.77 74.4409 0
2060.05 74.4409 0
2073.42 74.4409 0
2086.87 74.4409 0
2100.41 74.4409 0
2114.03 74.4409 0
2127.75 74.4409 0
2141.55 74.4409 0
2155.44 74.4409 0
2169.43 74.4409 0
2183.5 74.4409 0
2197.66 74.4409 0
2211.92 74.4409 0
2226.27 74.4409 0
2240.71 74.4409 0
2255.25 74.4409 0
2269.88 74.4409 0
2284.61 74.4409 0
2299.43 74.4409 0
2314.34 74.4409 0
2329.36 74.4409 0
2344.47 74.4409 0
2359.68 74.4409 0
2374.99 74.4409 0
2390.39 74.4409 0
2405.9 74.4409 0
2421.51 74.4409 0
2437.22 74.4409 0
2453.03 74.4409 0
2468.94 74.4409 0
2484.96 74.4409 0
2501.08 74.4409 0
2517.31 74.4409 0
2533.64 74.4409 0
2550.07 74.4409 0
2566.62 74.4409 0
2583.27 74.4409 0
2600.03 74.4409 0
2616.89 74.4409 0
2633.87 74.4409 0
2650.96 74.4409 0
2668.15 74.4409 0
2685.46 74.4409 0
2702.89 74.4409 0
2720.42 74.4409 0
2738.07 74.4409 0
2755.83 74.4409 0
2773.71 74.4409 0
2791.7 74.4409 0
2809.81 74.4409 0
2828.04 74.4409 0
2846.39 74.4409 0
2864.85 74.4409 0
2883.44 74.4409 0
2902.15 74.4409 0
2920.97 74.4409 0
2939.92 74.4409 0
2958.99 74.4409 0
2978.19 74.4409 0
2997.51 74.4409 0
3016.96 74.4409 0
3036.53 74.4409 0
3056.23 74.4409 0
3076.05 74.4409 0
3096.01 74.4409 0
3116.1 74.4409 0
3136.31 74.4409 0
3156.66 74.4409 0
3177.14 74.4409 0
3197.75 74.4409 0
3218.49 74.4409 0
3239.37 74.4409 0
3260.39 74.4409 0
3281.54 74.4409 0
3302.83 74.4409 0
3324.25 74.4409 0
3345.82 74.4409 0
3367.52 74.4409 0
3389.37 74.4409 0
3411.36 74.4409 0
3433.49 74.4409 0
3455.76 74.4409 0
3478.18 74.4409 0
3500.75 74.4409 0
3523.46 74.4409 0
3546.31 74.4409 0
3569.32 74.4409 0
3592.48 74.4409 0
3615.78 74.4409 0
3639.24 74.4409 0
3662.85 74.4409 0
3686.61 74.4409 0
3710.53 74.4409 0
3734.6 74.4409 0
3758.82 74.4409 0
3783.21 74.4409 0
3807.75 74.4409 0
3832.45 74.4409 0
3857.32 74.4409 0
3882.34 74.4409 0
3907.53 74.4409 0
3932.88 74.4409 0
3958.39 74.4409 0
3984.07 74.4409 0
4009.92 74.4409 0
4035.93 74.4409 0
4062.11 74.4409 0
4088.47 74.4409 0
4114.99 74.4409 0
4141.68 74.4409 0
4168.55 74.4409 0
4195.6 74.4409 0
4222.81 74.4409 0
4250.21 74.4409 0
4277.78 74.4409 0
4305.53 74.4409 0
4333.46 74.4409 0
4361.58 74.4409 0
4389.87 74.4409 0
4418.35 74.4409 0
4447.01 74.4409 0
4475.86 74.4409 0
4504.9 74.4409 0
4534.12 74.4409 0
4563.54 74.4409 0
4593.14 74.4409 0
4622.94 74.4409 0
4652.93 74.4409 0
4683.12 74.4409 0
4713.5 74.4409 0
4744.08 74.4409 0
4774.85 74.4409 0
4805.83 74.4409 0
4837.01 74.4409 0
4868.39 74.4409 0
4899.97 74.4409 0
4931.76 74.4409 0
4963.75 74.4409 0
4995.95 74.4409 0
5028.36 74.4409 0
5060.98 74.4409 0
5093.82 74.6788 0.0144932
5126.86 75.8878 0.0586741
5160.12 78.6026 0.104578
5193.6 82.8936 0.151789
5227.29 88.8172 0.199833
5261.2 96.4137 0.248194
5295.33 105.707 0.296336
5329.68 116.7 0.343724
5364.26 129.382 0.38985
5399.06 143.722 0.434255
5434.09 159.672 0.476546
5469.34 177.174 0.516404
5504.82 196.157 0.553598
5540.53 216.541 0.587978
5576.48 238.241 0.619476
5612.65 261.169 0.648095
5649.06 285.237 0.673898
5685.71 310.357 0.696998
5722.6 336.445 0.717543
5759.72 363.42 0.735707
5797.09 391.208 0.751679
5834.69 419.74 0.765655
5872.55 448.952 0.777829
5910.64 478.786 0.788391
5948.99 509.192 0.797519
5987.58 540.122 0.805382
6026.42 571.537 0.812135
6065.52 603.401 0.817917
6104.87 635.683 0.822856
6144.47 668.355 0.827065
6184.33 701.394 0.830643
6224.45 734.78 0.833678
6264.83 768.496 0.836249
6305.48 802.528 0.838422
6346.38 836.861 0.840255
6387.55 871.488 0.8418
6428.99 906.397 0.843099
6470.7 941.583 0.844189
6512.68 977.04 0.845104
6554.93 1012.76 0.84587
6597.45 1048.74 0.84651
6640.25 1084.99 0.847045
6683.33 1121.49 0.847491
6726.69 1158.24 0.847862
6770.32 1195.24 0.848171
6814.25 1232.5 0.848427
6858.45 1270.01 0.84864
6902.95 1307.78 0.848816
6947.73 1345.79 0.848961
6992.8 1384.06 0.849082
7038.16 1422.58 0.849181
7083.82 1461.35 0.849263
7129.78 1500.38 0.84933
7176.03 1539.67 0.849385
7222.59 1579.21 0.849431
7269.44 1619.01 0.849468
7316.6 1659.07 0.849498
7364.07 1699.4 0.849523
7411.84 1739.98 0.849544
7459.92 1780.83 0.84956
7508.32 1821.95 0.849574
7557.03 1863.33 0.849585
7606.05 1904.98 0.849594
7655.39 1946.9 0.849601
7705.06 1989.1 0.849607
7755.04 2031.56 0.849611
7805.35 2074.31 0.849615
7855.99 2117.33 0.849618
7906.95 2160.63 0.849621
7958.25 2204.21 0.849623
8009.88 2248.07 0.849624
8061.84 2292.22 0.849625
8114.14 2336.66 0.849626
8166.78 2381.38 0.849627
8219.76 2426.4 0.849628
8273.08 2471.7 0.849628
8326.76 2517.3 0.849629
8380.77 2563.2 0.849629
8435.14 2609.39 0.849629
8489.86 2655.89 0.84963
8544.94 2702.68 0.84963
8600.38 2749.78 0.84963
8656.17 2797.18 0.84963
8712.32 2844.89 0.84963
8768.84 2892.92 0.84963
8825.73 2941.25 0.84963
8882.99 2989.89 0.84963
8940.61 3038.86 0.84963
8998.61 3088.13 0.84963
9056.99 3137.73 0.84963
9115.75 3187.65 0.84963
9174.89 3237.9 0.84963
9234.41 3288.47 0.84963
9294.31 3339.37 0.84963
9354.61 3390.6 0.84963
9415.29 3442.16 0.84963
9476.38 3494.05 0.84963
9537.85 3546.29 0.84963
9599.73 3598.86 0.84963
9662 3651.77 0.84963
9724.68 3705.03 0.84963
9787.77 3758.63 0.84963
9851.27 3812.58 0.84963
9915.18 3866.87 0.84963
9979.5 3921.53 0.84963
10044.2 3976.53 0.84963
10109.4 4031.89 0.84963
10175 4087.62 0.84963
10241 4143.7 0.84963
10307.4 4200.15 0.84963
10374.3 4256.96 0.84963
10441.6 4314.14 0.84963
10509.3 4371.69 0.84963
10577.5 4429.62 0.84963
10646.1 4487.92 0.84963
10715.2 4546.6 0.84963
10784.7 4605.66 0.84963
10854.7 4665.1 0.84963
10925.1 4724.93 0.84963
10996 4785.15 0.84963
11067.3 4845.76 0.84963
11139.1 4906.76 0.84963
11211.4 4968.16 0.84963
11284.1 5029.95 0.84963
11357.3 5092.15 0.84963
11431 5154.75 0.84963
11505.1 5217.76 0.84963
11579.8 5281.17 0.84963
11654.9 5345 0.84963
11730.5 5409.24 0.84963
11806.6 5473.89 0.84963
11883.2 5538.97 0.84963
11960.3 5604.47 0.84963
12037.9 5670.39 0.84963
12116 5736.74 0.84963
12194.6 5803.52 0.84963
12273.7 5870.74 0.84963
12353.3 5938.39 0.84963
12433.5 6006.48 0.84963
12514.1 6075.01 0.84963
12595.3 6143.99 0.84963
12677 6213.41 0.84963
12759.2 6283.28 0.84963
12842 6353.61 0.84963
12925.3 6424.39 0.84963
13009.2 6495.64 0.84963
13093.6 6567.34 0.84963
13178.5 6639.51 0.84963
13264 6712.15 0.84963
13350.1 6785.26 0.84963
13436.7 6858.84 0.84963
13523.8 6932.9 0.84963
13611.6 7007.44 0.84963
13699.9 7082.47 0.84963
13788.8 7157.98 0.84963
13878.2 7233.98 0.84963
13968.2 7310.48 0.84963
14058.9 7387.47 0.84963
14150.1 7464.96 0.84963
14241.9 7542.95 0.84963
14334.2 7621.45 0.84963
14427.2 7700.46 0.84963
14520.8 7779.98 0.84963
14615 7860.02 0.84963
14709.8 7940.57 0.84963
14805.3 8021.65 0.84963
14901.3 8103.26 0.84963
14998 8185.39 0.84963
15095.3 8268.06 0.84963
15193.2 8351.26 0.84963
15291.8 8435 0.84963
15391 8519.29 0.84963
15490.8 8604.12 0.84963
15591.3 8689.5 0.84963
15692.5 8775.44 0.84963
15794.3 8861.94 0.84963
15896.7 8948.99 0.84963
15999.9 9036.61 0.84963
16103.7 9124.8 0.84963
16208.1 9213.56 0.84963
16313.3 9302.9 0.84963
16419.1 9392.82 0.84963
16525.6 9483.32 0.84963
16632.8 9574.4 0.84963
16740.7 9666.08 0.84963
16849.3 9758.35 0.84963
16958.7 9851.22 0.84963
17068.7 9944.7 0.84963
17179.4 10038.8 0.84963
17290.8 10133.5 0.84963
17403 10228.8 0.84963
17515.9 10324.7 0.84963
17629.6 10421.2 0.84963
17743.9 10518.4 0.84963
17859 10616.2 0.84963
17974.9 10714.7 0.84963
18091.5 10813.7 0.84963
18208.9 10913.4 0.84963
18327 11013.8 0.84963
18445.9 11114.8 0.84963
18565.5 11216.5 0.84963
18686 11318.8 0.84963
18807.2 11421.8 0.84963
18929.2 11525.5 0.84963
19052 11629.8 0.84963
19175.6 11734.8 0.84963
19300 11840.5 0.84963
19425.2 11946.9 0.84963
19551.2 12054 0.84963
19678.1 12161.7 0.84963
19805.7 12270.2 0.84963
19934.2 12379.4 0.84963
20063.5 12489.2 0.84963
20193.7 12599.8 0.84963
20324.7 12711.1 0.84963
20456.6 12823.2 0.84963
20589.3 12935.9 0.84963
20722.8 13049.4 0.84963
20857.3 13163.6 0.84963
20992.6 13278.6 0.84963
21128.8 13394.3 0.84963
21265.8 13510.7 0.84963
21403.8 13628 0.84963
21542.7 13745.9 0.84963
21682.4 13864.7 0.84963
21823.1 13984.2 0.84963
21964.6 14104.5 0.84963
22107.1 14225.5 0.84963
22250.6 14347.4 0.84963
22394.9 14470 0.84963
22540.2 14593.5 0.84963
22686.4 14717.7 0.84963
22833.6 14842.7 0.84963
22981.7 14968.6 0.84963
23130.8 15095.3 0.84963
23280.9 15222.8 0.84963
23431.9 15351.1 0.84963
23583.9 15480.2 0.84963
23736.9 15610.2 0.84963
23890.9 15741.1 0.84963
24045.9 15872.8 0.84963
24201.9 16005.3 0.84963
24358.9 16138.7 0.84963
24516.9 16272.9 0.84963
24676 16408.1 0.84963
24836 16544.1 0.84963
24997.2 16681 0.84963
25159.3 16818.8 0.84963
25322.5 16957.4 0.84963
25486.8 17097 0.84963
25652.2 17237.5 0.84963
25818.6 17378.9 0.84963
25986.1 17521.2 0.84963
26154.7 17664.4 0.84963
26324.3 17808.6 0.84963
26495.1 17953.7 0.84963
26667 18099.7 0.84963
26840 18246.7 0.84963
27014.1 18394.6 0.84963
27189.4 18543.5 0.84963
27365.7 18693.4 0.84963
27543.3 18844.2 0.84963
27722 18996.1 0.84963
27901.8 19148.9 0.84963
28082.8 19302.6 0.84963
28265 19457.4 0.84963
28448.4 19613.2 0.84963
28632.9 19770 0.84963
28818.7 19927.8 0.84963
29005.6 20086.7 0.84963
29193.8 20246.6 0.84963
29383.2 20407.5 0.84963
29573.8 20569.4 0.84963
29765.7 20732.4 0.84963
29958.8 20896.5 0.84963
30153.1 21061.6 0.84963
30348.7 21227.8 0.84963
30545.6 21395.1 0.84963
30743.8 21563.5 0.84963
30943.2 21732.9 0.84963
31143.9 21903.5 0.84963
31346 22075.1 0.84963
31549.3 22247.9 0.84963
31754 22421.8 0.84963
31960 22596.8 0.84963
32167.3 22773 0.84963
32376 22950.3 0.84963
32586.1 23128.7 0.84963
32797.5 23308.4 0.84963
33010.2 23489.1 0.84963
33224.4 23671.1 0.84963
33439.9 23854.2 0.84963
33656.9 24038.5 0.84963
33875.2 24224 0.84963
34095 24410.8 0.84963
34316.1 24598.7 0.84963
34538.8 24787.8 0.84963
34762.8 24978.2 0.84963
34988.3 25169.8 0.84963
35215.3 25362.7 0.84963
35443.8 25556.8 0.84963
35673.7 25752.1 0.84963
35905.1 25948.7 0.84963
36138.1 26146.6 0.84963
36372.5 26345.8 0.84963
36608.5 26546.3 0.84963
36846 26748.1 0.84963
37085 26951.2 0.84963
37325.6 27155.6 0.84963
37567.7 27361.3 0.84963
37811.4 27568.4 0.84963
38056.7 27776.8 0.84963
38303.6 27986.6 0.84963
38552.1 28197.7 0.84963
38802.2 28410.2 0.84963
39053.9 28624.1 0.84963
39307.3 28839.3 0.84963
39562.3 29056 0.84963
39819 29274 0.84963
40077.3 29493.5 0.84963
40337.3 29714.4 0.84963
40599 29936.7 0.84963
40862.3 30160.5 0.84963
41127.4 30385.7 0.84963
41394.2 30612.4 0.84963
41662.8 30840.6 0.84963
41933.1 31070.2 0.84963
42205.1 31301.4 0.84963
42478.9 31534 0.84963
42754.5 31768.1 0.84963
43031.8 32003.8 0.84963
43311 32241 0.84963
43592 32479.7 0.84963
43874.8 32720 0.84963
44159.4 32961.8 0.84963
44445.9 33205.2 0.84963
44734.2 33450.2 0.84963
45024.4 33696.7 0.84963
45316.5 33944.9 0.84963
45610.5 34194.7 0.84963
45906.4 34446.1 0.84963
46204.2 34699.1 0.84963
46503.9 34953.8 0.84963
46805.6 35210.1 0.84963
47109.3 35468.1 0.84963
47414.9 35727.8 0.84963
47722.5 35989.1 0.84963
48032.1 36252.1 0.84963
48343.7 36516.9 0.84963
48657.3 36783.4 0.84963
48972.9 37051.5 0.84963
49290.7 37321.5 0.84963
49610.4 37593.2 0.84963
49932.3 37866.6 0.84963
50256.2 38141.8 0.84963
50582.2 38418.8 0.84963
50910.4 38697.6 0.84963
51240.6 38978.2 0.84963
51573.1 39260.7 0.84963
51907.6 39544.9 0.84963
52244.4 39831 0.84963
52583.3 40119 0.84963
52924.4 40408.8 0.84963
53267.8 40700.5 0.84963
53613.3 40994.2 0.84963
53961.1 41289.7 0.84963
54311.2 41587.1 0.84963
54663.5 41886.4 0.84963
55018.2 42187.7 0.84963
55375.1 42491 0.84963
55734.3 42796.2 0.84963
56095.9 43103.4 0.84963
