5.78741e-09 5.95396e-15 4.29514e-06
5.8738e-08 3.33166e-13 8.58285e-06
5.86595e-07 1.45059e-11 3.56977e-05
4.6076e-06 3.38009e-10 8.97843e-05
5.86875e-06 4.61297e-10 0.000114002
2.3369e-05 3.31505e-09 0.000192532
7.39119e-05 1.62978e-08 0.000292274
0.000147358 4.17301e-08 0.000330144
0.000152693 4.34471e-08 0.000292479
0.000165528 4.67976e-08 0.000304172
0.000294481 1.01986e-07 0.000463041
0.000466785 1.89679e-07 0.00054542
0.000739961 3.52227e-07 0.00041641
0.000792747 3.70702e-07 0.000446592
0.000859333 4.13069e-07 0.00055442
0.000931697 4.48502e-07 0.00055104
0.00117285 6.10601e-07 0.000697128
0.00147667 8.31244e-07 0.000750516
0.0017323 1.02935e-06 0.000535855
0.00185963 1.08409e-06 0.000525282
0.00294795 2.00733e-06 0.000908255
0.00467391 3.71532e-06 0.00105104
0.00633042 5.56999e-06 0.00091467
0.0070765 6.16755e-06 0.00093479
0.00933155 8.92099e-06 0.00127133
0.0117504 1.21316e-05 0.00137956
0.0154948 1.7543e-05 0.00122736
0.0177925 2.00421e-05 0.00125466
0.0234638 2.89812e-05 0.00164107
0.0295474 3.94039e-05 0.00177172
0.0354913 5.03041e-05 0.00128079
0.0389653 5.38549e-05 0.00125817
0.0549487 8.51279e-05 0.00191362
0.0590129 9.27925e-05 0.00199187
0.0713035 0.000119369 0.00114686
0.0787306 0.000125461 0.00110854
0.10265 0.000178607 0.00176378
0.112568 0.000193736 0.00180901
0.132297 0.000240204 0.00240921
0.146764 0.000275794 0.00181491
0.15911 0.000293738 0.00177613
0.191354 0.000375514 0.00260957
0.227502 0.000472769 0.000973271
0.245257 0.000484229 0.000805937
0.256566 0.000495831 0.00103354
0.268397 0.000508152 0.00104919
0.280773 0.000521236 0.00106507
0.293719 0.00053513 0.0010812
0.307263 0.000549885 0.00109757
0.321432 0.000565555 0.00111419
0.336253 0.000582195 0.00113106
0.351758 0.000599866 0.00114818
0.367978 0.000618631 0.00116556
0.384946 0.000638559 0.00118321
0.402697 0.000659722 0.00120112
0.421266 0.000682195 0.00121931
0.440691 0.000706061 0.00123777
0.461012 0.000731406 0.00125651
0.48227 0.00075832 0.00127553
0.504508 0.000786902 0.00129484
0.527771 0.000817254 0.00131445
0.552107 0.000849487 0.00133435
0.577566 0.000883717 0.00135455
0.604198 0.000920067 0.00137506
0.632059 0.000958668 0.00139588
0.661204 0.000999662 0.00141701
0.691693 0.00104319 0.00143847
0.723588 0.00108942 0.00146024
0.756953 0.00113852 0.00148235
0.791857 0.00119065 0.00150479
0.828371 0.00124602 0.00152758
0.866568 0.00130481 0.00155071
0.906527 0.00136725 0.00157418
0.948328 0.00143355 0.00159802
0.992057 0.00150396 0.00162221
1.0378 0.00157874 0.00164677
1.08566 0.00165815 0.0016717
1.13572 0.00174247 0.00169701
1.18809 0.00183202 0.00172271
1.24287 0.00192712 0.00174879
1.30018 0.00202811 0.00177526
1.36014 0.00213535 0.00180214
1.42285 0.00224924 0.00182943
1.48846 0.00237018 0.00185712
1.5571 0.00249862 0.00188524
1.6289 0.00263501 0.00191378
1.70401 0.00277985 0.00194276
1.78258 0.00293367 0.00197217
1.86478 0.00309701 0.00200203
1.95077 0.00327047 0.00203234
2.04072 0.00345468 0.00206311
2.13482 0.0036503 0.00209435
2.23326 0.00385804 0.00212606
2.33624 0.00407865 0.00215824
2.44396 0.00431292 0.00219092
2.55666 0.00456171 0.00222409
2.67455 0.00482591 0.00225776
2.79788 0.00510648 0.00229195
2.92689 0.00540443 0.00232665
3.06185 0.00572083 0.00236187
3.20304 0.00605684 0.00239763
3.35074 0.00641366 0.00243393
3.50524 0.00679259 0.00247078
3.66688 0.00719499 0.00250819
3.83596 0.00762232 0.00254616
4.01284 0.00807613 0.00258471
4.19788 0.00855804 0.00262385
4.39145 0.00906982 0.00266357
4.59395 0.00961329 0.0027039
4.80578 0.0101904 0.00274483
5.02738 0.0108033 0.00278639
5.2592 0.0114542 0.00282858
5.50171 0.0121454 0.0028714
5.7554 0.0128794 0.00291488
6.02079 0.0136589 0.00295901
6.29841 0.0144866 0.00300381
6.58884 0.0153657 0.00304928
6.89266 0.0162992 0.00309545
7.21049 0.0172905 0.00314232
7.54298 0.0183433 0.00318989
7.8908 0.0194612 0.00323819
8.25465 0.0206484 0.00328721
8.63529 0.0219092 0.00333698
9.03347 0.0232481 0.0033875
9.45002 0.0246699 0.00343879
9.88577 0.0261798 0.00349085
10.3416 0.0277832 0.00354371
10.8185 0.029486 0.00359736
11.3173 0.0312942 0.00365182
11.8392 0.0332145 0.00370711
12.3851 0.0352537 0.00376324
12.9562 0.0374193 0.00382021
13.5536 0.039719 0.00387805
14.1786 0.0421611 0.00393677
14.8324 0.0447546 0.00399637
15.5164 0.0475087 0.00405687
16.2318 0.0504335 0.00411829
16.9803 0.0535394 0.00418065
17.7633 0.0568378 0.00424394
18.5824 0.0603405 0.0043082
19.4392 0.0640601 0.00437342
20.3356 0.0680102 0.00443964
21.2733 0.072205 0.00450685
22.2543 0.0766597 0.00457509
23.2804 0.0813904 0.00464435
24.3539 0.0864141 0.00471467
25.4769 0.091749 0.00478605
26.6517 0.0974144 0.00485851
27.8806 0.103431 0.00493207
29.1662 0.10982 0.00500674
30.5111 0.116605 0.00508254
31.9181 0.12381 0.00515949
33.3898 0.131462 0.00523761
34.9295 0.139587 0.00531691
36.5401 0.148216 0.0053974
38.225 0.15738 0.00547912
39.9877 0.167111 0.00556208
41.8315 0.177445 0.00564629
43.7605 0.188419 0.00573177
45.7783 0.200073 0.00581855
47.8892 0.212449 0.00590664
50.0974 0.225592 0.00599607
52.4075 0.239549 0.00608685
54.8241 0.254371 0.00617901
57.3521 0.27011 0.00627256
59.9967 0.286825 0.00636752
62.7632 0.304575 0.00646393
65.6573 0.323425 0.00656179
68.6849 0.343443 0.00666114
71.852 0.364701 0.00676199
75.1652 0.387275 0.00686552
75.1652 0.387275 0.00686451
75.6528 0.39077 0.0074692
76.1436 0.394585 0.00807699
76.6376 0.398726 0.00868789
77.1348 0.403198 0.0093019
77.6352 0.408007 0.00991904
78.1388 0.413159 0.0105393
78.6457 0.418659 0.0111627
79.1559 0.424514 0.0117893
79.6694 0.43073 0.012419
80.1863 0.437312 0.0130518
80.7065 0.444267 0.0136879
81.23 0.451601 0.014327
81.757 0.45932 0.0149694
82.2874 0.467431 0.0156149
82.8212 0.47594 0.0162637
83.3585 0.484853 0.0169156
83.8993 0.494178 0.0175707
84.4436 0.503921 0.018229
84.9914 0.514088 0.0188905
85.5428 0.524687 0.0195551
86.0977 0.535724 0.0202231
86.6563 0.547207 0.0208942
87.2184 0.559143 0.0215685
87.7842 0.571538 0.022246
88.3537 0.584401 0.0229268
88.9269 0.597738 0.0236108
89.5038 0.611557 0.024298
90.0845 0.625866 0.0249884
90.6689 0.640672 0.025682
91.2571 0.655984 0.0263789
91.8491 0.671808 0.027079
92.4449 0.688152 0.0277823
93.0447 0.705026 0.0284889
93.6483 0.722436 0.0291987
94.2558 0.740392 0.0299117
94.8673 0.758901 0.0306279
95.4827 0.777972 0.0313474
96.1021 0.797613 0.03207
96.7256 0.817834 0.0327959
97.3531 0.838642 0.033525
97.9847 0.860046 0.0342573
98.6203 0.882056 0.0349928
99.2601 0.90468 0.0357316
99.904 0.927928 0.0364735
100.552 0.951808 0.0372186
101.204 0.976331 0.0379669
101.861 1.0015 0.0387184
102.522 1.02734 0.0394731
103.187 1.05384 0.0402309
103.856 1.08103 0.0409919
104.53 1.10891 0.041756
105.208 1.13748 0.0425233
105.891 1.16677 0.0432938
106.578 1.19677 0.0440674
107.269 1.22751 0.044844
107.965 1.25899 0.0456238
108.665 1.29122 0.0464067
109.37 1.32421 0.0471927
110.08 1.35797 0.0479818
110.794 1.39252 0.0487739
111.513 1.42787 0.0495691
112.236 1.46401 0.0503673
112.964 1.50098 0.0511685
113.697 1.53877 0.0519727
114.435 1.5774 0.0527799
115.177 1.61689 0.0535901
115.924 1.65723 0.0544032
116.676 1.69845 0.0552193
117.433 1.74056 0.0560383
118.195 1.78356 0.0568602
118.962 1.82748 0.0576849
119.734 1.87232 0.0585126
120.51 1.91809 0.059343
121.292 1.96481 0.0601763
122.079 2.01249 0.0610123
122.871 2.06114 0.0618511
123.668 2.11078 0.0626927
124.47 2.16141 0.063537
125.278 2.21306 0.0643839
126.091 2.26573 0.0652335
126.909 2.31944 0.0660857
127.732 2.3742 0.0669406
128.561 2.43003 0.067798
129.395 2.48693 0.0686579
130.234 2.54493 0.0695203
131.079 2.60403 0.0703852
131.929 2.66425 0.0712526
132.785 2.7256 0.0721223
133.646 2.78811 0.0729944
134.513 2.85177 0.0738688
135.386 2.91662 0.0747455
136.264 2.98265 0.0756245
137.148 3.04989 0.0765057
138.038 3.11835 0.077389
138.934 3.18805 0.0782744
139.835 3.259 0.0791619
140.742 3.33122 0.0800514
141.655 3.40472 0.080943
142.574 3.47951 0.0818364
143.499 3.55562 0.0827317
144.43 3.63305 0.0836289
145.367 3.71183 0.0845278
146.31 3.79197 0.0854284
147.259 3.87348 0.0863307
148.215 3.95639 0.0872347
149.176 4.0407 0.0881401
150.144 4.12644 0.0890471
151.118 4.21362 0.0899555
152.098 4.30225 0.0908652
153.085 4.39236 0.0917763
154.078 4.48396 0.0926886
155.078 4.57706 0.093602
156.084 4.67169 0.0945166
157.096 4.76786 0.0954322
158.115 4.86558 0.0963487
159.141 4.96488 0.0972661
160.173 5.06577 0.0981843
161.213 5.16827 0.0991033
162.258 5.2724 0.100023
163.311 5.37817 0.100943
164.37 5.48561 0.101864
165.437 5.59472 0.102785
166.51 5.70552 0.103706
167.59 5.81805 0.104628
168.678 5.9323 0.105549
169.772 6.0483 0.106471
170.873 6.16608 0.107393
171.982 6.28563 0.108314
173.097 6.40699 0.109235
174.22 6.53018 0.110156
175.351 6.6552 0.111076
176.488 6.78208 0.111996
177.633 6.91083 0.112915
178.785 7.04148 0.113834
179.945 7.17404 0.114751
181.113 7.30853 0.115668
182.288 7.44497 0.116583
183.47 7.58338 0.117497
184.66 7.72377 0.118409
185.858 7.86617 0.11932
187.064 8.01059 0.12023
188.278 8.15704 0.121138
189.499 8.30555 0.122043
190.728 8.45614 0.122947
191.966 8.60883 0.123849
193.211 8.76362 0.124748
194.464 8.92055 0.125644
195.726 9.07962 0.126539
196.996 9.24086 0.12743
198.274 9.40428 0.128318
199.56 9.5699 0.129204
200.855 9.73774 0.130086
202.158 9.90781 0.130964
203.469 10.0801 0.13184
204.789 10.2547 0.132711
206.118 10.4316 0.133578
207.455 10.6108 0.134442
208.801 10.7923 0.135301
210.155 10.9762 0.136155
211.519 11.1624 0.137005
212.891 11.351 0.137851
214.272 11.5419 0.138691
215.662 11.7353 0.139526
217.061 11.9311 0.140355
218.469 12.1293 0.141179
219.886 12.33 0.141997
221.313 12.5331 0.142809
222.749 12.7387 0.143615
224.194 12.9468 0.144414
225.648 13.1575 0.145207
227.112 13.3706 0.145992
228.585 13.5863 0.146771
230.068 13.8045 0.147542
231.561 14.0253 0.148305
233.063 14.2486 0.149061
234.575 14.4746 0.149809
236.097 14.7031 0.150548
237.628 14.9342 0.151278
239.17 15.168 0.152
240.722 15.4044 0.152712
242.283 15.6434 0.153415
243.855 15.8851 0.154108
245.437 16.1295 0.154792
247.029 16.3765 0.155465
248.632 16.6261 0.156127
250.245 16.8785 0.156779
251.868 17.1335 0.157419
253.502 17.3912 0.158049
255.147 17.6517 0.158666
256.802 17.9148 0.159271
258.468 18.1806 0.159864
260.145 18.4492 0.160444
261.832 18.7204 0.161012
263.531 18.9944 0.161565
265.24 19.2711 0.162106
266.961 19.5505 0.162632
268.693 19.8326 0.163144
270.436 20.1174 0.163641
272.191 20.4049 0.164123
273.956 20.6951 0.164589
275.734 20.988 0.16504
277.522 21.2836 0.165474
279.323 21.5819 0.165892
281.135 21.8829 0.166294
282.959 22.1865 0.166677
284.794 22.4928 0.167043
286.642 22.8018 0.167391
288.501 23.1134 0.16772
290.373 23.4276 0.168031
292.257 23.7444 0.168322
294.153 24.0638 0.168593
296.061 24.3857 0.168844
297.982 24.7102 0.169075
299.915 25.0373 0.169284
301.86 25.3668 0.169472
303.819 25.6989 0.169638
305.79 26.0333 0.169781
307.773 26.3703 0.169901
309.77 26.7096 0.169999
311.78 27.0513 0.170072
313.802 27.3953 0.170121
315.838 27.7417 0.170145
317.887 28.0903 0.170144
319.949 28.4412 0.170117
322.025 28.7942 0.170064
324.114 29.1494 0.169984
326.217 29.5067 0.169877
328.333 29.8661 0.169742
330.463 30.2274 0.169579
332.607 30.5908 0.169387
334.764 30.956 0.169165
336.936 31.3232 0.168914
339.122 31.6921 0.168632
341.322 32.0627 0.168319
343.536 32.435 0.167974
345.765 32.809 0.167597
348.008 33.1844 0.167188
350.266 33.5614 0.166745
352.538 33.9397 0.166268
354.825 34.3194 0.165757
357.127 34.7003 0.165211
359.444 35.0824 0.16463
361.776 35.4656 0.164012
364.123 35.8498 0.163357
366.485 36.2348 0.162665
368.862 36.6207 0.161935
371.255 37.0073 0.161166
373.664 37.3945 0.160358
376.088 37.7822 0.159511
378.528 38.1703 0.158622
380.983 38.5586 0.157693
383.455 38.9472 0.156722
385.942 39.3358 0.155708
388.446 39.7243 0.154652
390.966 40.1127 0.153552
393.502 40.5007 0.152407
396.055 40.8882 0.151218
398.625 41.2752 0.149983
401.211 41.6614 0.148702
403.813 42.0467 0.147374
406.433 42.4309 0.145998
409.07 42.814 0.144575
411.724 43.1957 0.143102
414.395 43.5759 0.14158
417.083 43.9544 0.140008
419.789 44.3311 0.138385
422.512 44.7056 0.136711
425.253 45.078 0.134985
428.012 45.4479 0.133205
430.788 45.8153 0.131373
433.583 46.1798 0.129486
436.396 46.5413 0.127545
439.227 46.8995 0.125548
442.076 47.2543 0.123496
444.944 47.6055 0.121387
447.831 47.9527 0.11922
450.736 48.2959 0.116996
453.66 48.6346 0.114713
456.603 48.9688 0.112371
459.565 49.2981 0.109969
462.547 49.6223 0.107507
465.547 49.9411 0.104983
468.567 50.2543 0.102399
471.607 50.5615 0.0997516
474.667 50.8625 0.0970418
477.746 51.1571 0.0942687
480.845 51.4449 0.0914317
483.965 51.7256 0.0885302
487.104 51.9989 0.0855637
490.264 52.2645 0.0825317
493.445 52.522 0.0794335
496.646 52.7712 0.0762687
499.868 53.0118 0.0730368
503.111 53.2433 0.0697373
506.375 53.4654 0.0663697
509.66 53.6778 0.0629336
512.966 53.88 0.0594284
516.294 54.0719 0.0558539
519.643 54.2528 0.0522094
523.014 54.4226 0.0484948
526.407 54.5807 0.0447094
529.822 54.7268 0.0408531
533.26 54.8605 0.0369254
536.719 54.9813 0.0329261
540.201 55.0888 0.0288548
543.705 55.1827 0.0247112
547.233 55.2624 0.0204951
550.783 55.3276 0.0162062
554.356 55.3777 0.0118443
557.952 55.4123 0.00740927
561.572 55.431 0.00290089
565.215 55.4362 0
568.882 55.4362 0
572.572 55.4362 0
576.287 55.4362 0
580.025 55.4362 0
583.788 55.4362 0
587.575 55.4362 0
591.387 55.4362 0
595.224 55.4362 0
599.085 55.4362 0
602.971 55.4362 0
606.883 55.4362 0
610.82 55.4362 0
614.783 55.4362 0
618.771 55.4362 0
622.785 55.4362 0
626.826 55.4362 0
630.892 55.4362 0
634.985 55.4362 0
639.104 55.4362 0
643.25 55.4362 0
647.423 55.4362 0
651.623 55.4362 0
655.851 55.4362 0
660.105 55.4362 0
664.388 55.4362 0
668.698 55.4362 0
673.036 55.4362 0
677.402 55.4362 0
681.797 55.4362 0
686.22 55.4362 0
690.671 55.4362 0
695.152 55.4362 0
699.662 55.4362 0
704.201 55.4362 0
708.769 55.4362 0
713.367 55.4362 0
717.995 55.4362 0
722.653 55.4362 0
727.341 55.4362 0
732.06 55.4362 0
736.809 55.4362 0
741.589 55.4362 0
746.4 55.4362 0
751.242 55.4362 0
756.115 55.4362 0
761.021 55.4362 0
765.958 55.4362 0
770.927 55.4362 0
775.928 55.4362 0
780.962 55.4362 0
786.028 55.4362 0
791.127 55.4362 0
796.26 55.4362 0
801.425 55.4362 0
806.624 55.4362 0
811.857 55.4362 0
817.124 55.4362 0
822.425 55.4362 0
827.76 55.4362 0
833.13 55.4362 0
838.535 55.4362 0
843.975 55.4362 0
849.45 55.4362 0
854.961 55.4362 0
860.507 55.4362 0
866.09 55.4362 0
871.708 55.4362 0
877.363 55.4362 0
883.055 55.4362 0
888.784 55.4362 0
894.55 55.4362 0
900.353 55.4362 0
906.194 55.4362 0
912.073 55.4362 0
917.99 55.4362 0
923.945 55.4362 0
929.939 55.4362 0
935.972 55.4362 0
942.044 55.4362 0
948.155 55.4362 0
954.306 55.4362 0
960.497 55.4362 0
966.728 55.4362 0
973 55.4362 0
979.312 55.4362 0
985.665 55.4362 0
992.059 55.4362 0
998.495 55.4362 0
1004.97 55.4362 0
1011.49 55.4362 0
1018.05 55.4362 0
1024.66 55.4362 0
1031.31 55.4362 0
1038 55.4362 0
1044.73 55.4362 0
1051.51 55.4362 0
1058.33 55.4362 0
1065.2 55.4362 0
1072.11 55.4362 0
1079.06 55.4362 0
1086.06 55.4362 0
1093.11 55.4362 0
1100.2 55.4362 0
1107.34 55.4362 0
1114.52 55.4362 0
1121.75 55.4362 0
1129.03 55.4362 0
1136.35 55.4362 0
1143.72 55.4362 0
1151.14 55.4362 0
1158.61 55.4362 0
1166.13 55.4362 0
1173.69 55.4362 0
1181.31 55.4362 0
1188.97 55.4362 0
1196.68 55.4362 0
1204.45 55.4362 0
1212.26 55.4362 0
1220.12 55.4362 0
1228.04 55.4362 0
1236.01 55.4362 0
1244.02 55.4362 0
1252.09 55.4362 0
1260.22 55.4362 0
1268.39 55.4362 0
1276.62 55.4362 0
1284.9 55.4362 0
1293.24 55.4362 0
1301.63 55.4362 0
1310.07 55.4362 0
1318.57 55.4362 0
1327.13 55.4362 0
1335.74 55.4362 0
1344.4 55.4362 0
1353.12 55.4362 0
1361.9 55.4362 0
1370.74 55.4362 0
1379.63 55.4362 0
1388.58 55.4362 0
1397.59 55.4362 0
1406.65 55.4362 0
1415.78 55.4362 0
1424.96 55.4362 0
1434.21 55.4362 0
1443.51 55.4362 0
1452.88 55.4362 0
1462.3 55.4362 0
1471.79 55.4362 0
1481.34 55.4362 0
1490.95 55.4362 0
1500.62 55.4362 0
1510.35 55.4362 0
1520.15 55.4362 0
1530.01 55.4362 0
1539.94 55.4362 0
1549.93 55.4362 0
1559.98 55.4362 0
1570.1 55.4362 0
1580.29 55.4362 0
1590.54 55.4362 0
1600.86 55.4362 0
1611.25 55.4362 0
1621.7 55.4362 0
1632.22 55.4362 0
1642.81 55.4362 0
1653.47 55.4362 0
1664.19 55.4362 0
1674.99 55.4362 0
1685.85 55.4362 0
1696.79 55.4362 0
1707.8 55.4362 0
1718.88 55.4362 0
1730.03 55.4362 0
1741.25 55.4362 0
1752.55 55.4362 0
1763.92 55.4362 0
1775.36 55.4362 0
1786.88 55.4362 0
1798.47 55.4362 0
1810.14 55.4362 0
1821.88 55.4362 0
1833.7 55.4362 0
1845.6 55.4362 0
1857.57 55.4362 0
1869.62 55.4362 0
1881.75 55.4362 0
1893.96 55.4362 0
1906.24 55.4362 0
1918.61 55.4362 0
1931.06 55.4362 0
1943.58 55.4362 0
1956.19 55.4362 0
1968.88 55.4362 0
1981.66 55.4362 0
1994.51 55.4362 0
2007.45 55.4362 0
2020.47 55.4362 0
2033.58 55.4362 0
2046.77 55.4362 0
2060.05 55.4362 0
2073.42 55.4362 0
2086.87 55.4362 0
2100.41 55.4362 0
2114.03 55.4362 0
2127.75 55.4362 0
2141.55 55.4362 0
2155.44 55.4362 0
2169.43 55.4362 0
2183.5 55.4362 0
2197.66 55.4362 0
2211.92 55.4362 0
2226.27 55.4362 0
2240.71 55.4362 0
2255.25 55.4362 0
2269.88 55.4362 0
2284.61 55.4362 0
2299.43 55.4362 0
2314.34 55.4362 0
2329.36 55.4362 0
2344.47 55.4362 0
2359.68 55.4362 0
2374.99 55.4362 0
2390.39 55.4362 0
2405.9 55.4362 0
2421.51 55.4362 0
2437.22 55.4362 0
2453.03 55.4362 0
2468.94 55.4362 0
2484.96 55.4362 0
2501.08 55.4362 0
2517.31 55.4362 0
2533.64 55.4362 0
2550.07 55.4362 0
2566.62 55.4362 0
2583.27 55.4362 0
2600.03 55.4362 0
2616.89 55.4362 0
2633.87 55.4362 0
2650.96 55.4362 0
2668.15 55.4362 0
2685.46 55.4362 0
2702.89 55.4362 0
2720.42 55.4362 0
2738.07 55.4362 0
2755.83 55.4362 0
2773.71 55.4362 0
2791.7 55.4362 0
2809.81 55.4362 0
2828.04 55.4362 0
2846.39 55.4362 0
2864.85 55.4362 0
2883.44 55.4362 0
2902.15 55.4362 0
2920.97 55.4362 0
2939.92 55.4362 0
2958.99 55.4362 0
2978.19 55.4362 0
2997.51 55.4362 0
3016.96 55.4362 0
3036.53 55.4362 0
3056.23 55.4362 0
3076.05 55.4362 0
3096.01 55.4362 0
3116.1 55.4362 0
3136.31 55.4362 0
3156.66 55.4362 0
3177.14 55.4362 0
3197.75 55.4362 0
3218.49 55.4362 0
3239.37 55.4362 0
3260.39 55.4362 0
3281.54 55.4362 0
3302.83 55.4362 0
3324.25 55.4362 0
3345.82 55.4362 0
3367.52 55.4362 0
3389.37 55.4362 0
3411.36 55.4362 0
3433.49 55.4362 0
3455.76 55.4362 0
3478.18 55.4362 0
3500.75 55.4362 0
3523.46 55.4362 0
3546.31 55.4362 0
3569.32 55.4362 0
3592.48 55.4362 0
3615.78 55.4362 0
3639.24 55.4362 0
3662.85 55.4362 0
3686.61 55.4362 0
3710.53 55.4362 0
3734.6 55.4362 0
3758.82 55.4362 0
3783.21 55.4362 0
3807.75 55.4362 0
3832.45 55.4362 0
3857.32 55.4362 0
3882.34 55.4362 0
3907.53 55.4362 0
3932.88 55.4362 0
3958.39 55.4362 0
3984.07 55.4362 0
4009.92 55.4362 0
4035.93 55.4362 0
4062.11 55.4362 0
4088.47 55.4362 0
4114.99 55.4362 0
4141.68 55.4362 0
4168.55 55.4362 0
4195.6 55.4362 0
4222.81 55.4362 0
4250.21 55.4362 0
4277.78 55.4362 0
4305.53 55.4362 0
4333.46 55.4362 0
4361.58 55.4362 0
4389.87 55.4362 0
4418.35 55.4362 0
4447.01 55.4362 0
4475.86 55.4362 0
4504.9 55.4362 0
4534.12 55.4362 0
4563.54 55.4362 0
4593.14 55.4362 0
4622.94 55.4362 0
4652.93 55.4362 0
4683.12 55.4362 0
4713.5 55.4362 0
4744.08 55.4362 0
4774.85 55.4362 0
4805.83 55.4362 0
4837.01 55.4362 0
4868.39 55.4362 0
4899.97 55.4362 0
4931.76 55.6662 0.014467
4963.75 57.0373 0.0712429
4995.95 60.1762 0.123711
5028.36 64.9587 0.17141
5060.98 71.2469 0.214124
5093.82 78.8964 0.251848
5126.86 87.7625 0.284753
5160.12 97.7054 0.313138
5193.6 108.594 0.337381
5227.29 120.307 0.35791
5261.2 132.736 0.37516
5295.33 145.787 0.38956
5329.68 159.374 0.401509
5364.26 173.427 0.411375
5399.06 187.884 0.419484
5434.09 202.693 0.426123
5469.34 217.811 0.431539
5504.82 233.201 0.435943
5540.53 248.833 0.439514
5576.48 264.682 0.442403
5612.65 280.729 0.444733
5649.06 296.956 0.446609
5685.71 313.351 0.448117
5722.6 329.902 0.449325
5759.72 346.601 0.450292
5797.09 363.441 0.451065
5834.69 380.416 0.451681
5872.55 397.522 0.452171
5910.64 414.756 0.452561
5948.99 432.115 0.45287
5987.58 449.598 0.453114
6026.42 467.202 0.453308
6065.52 484.927 0.453461
6104.87 502.773 0.453581
6144.47 520.739 0.453676
6184.33 538.824 0.453751
6224.45 557.03 0.453809
6264.83 575.356 0.453855
6305.48 593.802 0.45389
6346.38 612.37 0.453918
6387.55 631.058 0.45394
6428.99 649.869 0.453957
6470.7 668.803 0.45397
6512.68 687.86 0.45398
6554.93 707.04 0.453988
6597.45 726.346 0.453994
6640.25 745.777 0.453999
6683.33 765.334 0.454002
6726.69 785.019 0.454005
6770.32 804.831 0.454007
6814.25 824.771 0.454009
6858.45 844.842 0.45401
6902.95 865.042 0.454011
6947.73 885.373 0.454012
6992.8 905.837 0.454012
7038.16 926.433 0.454013
7083.82 947.163 0.454013
7129.78 968.027 0.454013
7176.03 989.027 0.454014
7222.59 1010.16 0.454014
7269.44 1031.44 0.454014
7316.6 1052.85 0.454014
7364.07 1074.4 0.454014
7411.84 1096.09 0.454014
7459.92 1117.92 0.454014
7508.32 1139.89 0.454014
7557.03 1162 0.454014
7606.05 1184.26 0.454014
7655.39 1206.66 0.454014
7705.06 1229.21 0.454014
7755.04 1251.91 0.454014
7805.35 1274.75 0.454014
7855.99 1297.74 0.454014
7906.95 1320.88 0.454014
7958.25 1344.16 0.454014
8009.88 1367.6 0.454014
8061.84 1391.2 0.454014
8114.14 1414.94 0.454014
8166.78 1438.84 0.454014
8219.76 1462.89 0.454014
8273.08 1487.1 0.454014
8326.76 1511.47 0.454014
8380.77 1536 0.454014
8435.14 1560.68 0.454014
8489.86 1585.53 0.454014
8544.94 1610.53 0.454014
8600.38 1635.7 0.454014
8656.17 1661.03 0.454014
8712.32 1686.53 0.454014
8768.84 1712.19 0.454014
8825.73 1738.01 0.454014
8882.99 1764.01 0.454014
8940.61 1790.17 0.454014
8998.61 1816.51 0.454014
9056.99 1843.01 0.454014
9115.75 1869.69 0.454014
9174.89 1896.53 0.454014
9234.41 1923.56 0.454014
9294.31 1950.76 0.454014
9354.61 1978.13 0.454014
9415.29 2005.68 0.454014
9476.38 2033.42 0.454014
9537.85 2061.33 0.454014
9599.73 2089.42 0.454014
9662 2117.69 0.454014
9724.68 2146.15 0.454014
9787.77 2174.79 0.454014
9851.27 2203.62 0.454014
9915.18 2232.64 0.454014
9979.5 2261.84 0.454014
10044.2 2291.23 0.454014
10109.4 2320.82 0.454014
10175 2350.59 0.454014
10241 2380.56 0.454014
10307.4 2410.73 0.454014
10374.3 2441.09 0.454014
10441.6 2471.64 0.454014
10509.3 2502.4 0.454014
10577.5 2533.35 0.454014
10646.1 2564.5 0.454014
10715.2 2595.86 0.454014
10784.7 2627.42 0.454014
10854.7 2659.18 0.454014
10925.1 2691.16 0.454014
10996 2723.33 0.454014
11067.3 2755.72 0.454014
11139.1 2788.32 0.454014
11211.4 2821.13 0.454014
11284.1 2854.15 0.454014
11357.3 2887.38 0.454014
11431 2920.83 0.454014
11505.1 2954.5 0.454014
11579.8 2988.39 0.454014
11654.9 3022.5 0.454014
11730.5 3056.82 0.454014
11806.6 3091.37 0.454014
11883.2 3126.15 0.454014
11960.3 3161.15 0.454014
12037.9 3196.38 0.454014
12116 3231.83 0.454014
12194.6 3267.52 0.454014
12273.7 3303.44 0.454014
12353.3 3339.59 0.454014
12433.5 3375.97 0.454014
12514.1 3412.59 0.454014
12595.3 3449.45 0.454014
12677 3486.55 0.454014
12759.2 3523.89 0.454014
12842 3561.47 0.454014
12925.3 3599.29 0.454014
13009.2 3637.36 0.454014
13093.6 3675.68 0.454014
13178.5 3714.24 0.454014
13264 3753.06 0.454014
13350.1 3792.12 0.454014
13436.7 3831.45 0.454014
13523.8 3871.02 0.454014
13611.6 3910.85 0.454014
13699.9 3950.94 0.454014
13788.8 3991.3 0.454014
13878.2 4031.91 0.454014
13968.2 4072.78 0.454014
14058.9 4113.93 0.454014
14150.1 4155.33 0.454014
14241.9 4197.01 0.454014
14334.2 4238.96 0.454014
14427.2 4281.18 0.454014
14520.8 4323.67 0.454014
14615 4366.44 0.454014
14709.8 4409.49 0.454014
14805.3 4452.81 0.454014
14901.3 4496.42 0.454014
14998 4540.31 0.454014
15095.3 4584.48 0.454014
15193.2 4628.94 0.454014
15291.8 4673.69 0.454014
15391 4718.73 0.454014
15490.8 4764.06 0.454014
15591.3 4809.69 0.454014
15692.5 4855.61 0.454014
15794.3 4901.83 0.454014
15896.7 4948.35 0.454014
15999.9 4995.17 0.454014
16103.7 5042.3 0.454014
16208.1 5089.73 0.454014
16313.3 5137.47 0.454014
16419.1 5185.52 0.454014
16525.6 5233.88 0.454014
16632.8 5282.55 0.454014
16740.7 5331.54 0.454014
16849.3 5380.85 0.454014
16958.7 5430.47 0.454014
17068.7 5480.42 0.454014
17179.4 5530.7 0.454014
17290.8 5581.3 0.454014
17403 5632.22 0.454014
17515.9 5683.48 0.454014
17629.6 5735.07 0.454014
17743.9 5787 0.454014
17859 5839.26 0.454014
17974.9 5891.86 0.454014
18091.5 5944.8 0.454014
18208.9 5998.09 0.454014
18327 6051.72 0.454014
18445.9 6105.7 0.454014
18565.5 6160.03 0.454014
18686 6214.71 0.454014
18807.2 6269.75 0.454014
18929.2 6325.14 0.454014
19052 6380.89 0.454014
19175.6 6437.01 0.454014
19300 6493.49 0.454014
19425.2 6550.33 0.454014
19551.2 6607.55 0.454014
19678.1 6665.13 0.454014
19805.7 6723.09 0.454014
19934.2 6781.43 0.454014
20063.5 6840.14 0.454014
20193.7 6899.23 0.454014
20324.7 6958.71 0.454014
20456.6 7018.58 0.454014
20589.3 7078.83 0.454014
20722.8 7139.47 0.454014
20857.3 7200.51 0.454014
20992.6 7261.94 0.454014
21128.8 7323.77 0.454014
21265.8 7386 0.454014
21403.8 7448.64 0.454014
21542.7 7511.68 0.454014
21682.4 7575.13 0.454014
21823.1 7638.99 0.454014
21964.6 7703.27 0.454014
22107.1 7767.96 0.454014
22250.6 7833.07 0.454014
22394.9 7898.61 0.454014
22540.2 7964.57 0.454014
22686.4 8030.96 0.454014
22833.6 8097.78 0.454014
22981.7 8165.03 0.454014
23130.8 8232.72 0.454014
23280.9 8300.85 0.454014
23431.9 8369.42 0.454014
23583.9 8438.43 0.454014
23736.9 8507.9 0.454014
23890.9 8577.81 0.454014
24045.9 8648.18 0.454014
24201.9 8719 0.454014
24358.9 8790.28 0.454014
24516.9 8862.03 0.454014
24676 8934.24 0.454014
24836 9006.92 0.454014
24997.2 9080.07 0.454014
25159.3 9153.7 0.454014
25322.5 9227.8 0.454014
25486.8 9302.38 0.454014
25652.2 9377.45 0.454014
25818.6 9453 0.454014
25986.1 9529.05 0.454014
26154.7 9605.59 0.454014
26324.3 9682.62 0.454014
26495.1 9760.16 0.454014
26667 9838.19 0.454014
26840 9916.74 0.454014
27014.1 9995.79 0.454014
27189.4 10075.4 0.454014
27365.7 10155.4 0.454014
27543.3 10236 0.454014
27722 10317.2 0.454014
27901.8 10398.8 0.454014
28082.8 10481 0.454014
28265 10563.7 0.454014
28448.4 10647 0.454014
28632.9 10730.8 0.454014
28818.7 10815.1 0.454014
29005.6 10900 0.454014
29193.8 10985.4 0.454014
29383.2 11071.4 0.454014
29573.8 11157.9 0.454014
29765.7 11245 0.454014
29958.8 11332.7 0.454014
30153.1 11420.9 0.454014
30348.7 11509.8 0.454014
30545.6 11599.1 0.454014
30743.8 11689.1 0.454014
30943.2 11779.7 0.454014
31143.9 11870.8 0.454014
31346 11962.5 0.454014
31549.3 12054.9 0.454014
31754 12147.8 0.454014
31960 12241.3 0.454014
32167.3 12335.4 0.454014
32376 12430.2 0.454014
32586.1 12525.5 0.454014
32797.5 12621.5 0.454014
33010.2 12718.1 0.454014
33224.4 12815.3 0.454014
33439.9 12913.2 0.454014
33656.9 13011.7 0.454014
33875.2 13110.8 0.454014
34095 13210.6 0.454014
34316.1 13311 0.454014
34538.8 13412.1 0.454014
34762.8 13513.8 0.454014
34988.3 13616.2 0.454014
35215.3 13719.3 0.454014
35443.8 13823 0.454014
35673.7 13927.4 0.454014
35905.1 14032.5 0.454014
36138.1 14138.2 0.454014
36372.5 14244.6 0.454014
36608.5 14351.8 0.454014
36846 14459.6 0.454014
37085 14568.1 0.454014
37325.6 14677.4 0.454014
37567.7 14787.3 0.454014
37811.4 14897.9 0.454014
38056.7 15009.3 0.454014
38303.6 15121.4 0.454014
38552.1 15234.2 0.454014
38802.2 15347.8 0.454014
39053.9 15462.1 0.454014
39307.3 15577.1 0.454014
39562.3 15692.9 0.454014
39819 15809.4 0.454014
40077.3 15926.7 0.454014
40337.3 16044.7 0.454014
40599 16163.5 0.454014
40862.3 16283.1 0.454014
41127.4 16403.4 0.454014
41394.2 16524.6 0.454014
41662.8 16646.5 0.454014
41933.1 16769.2 0.454014
42205.1 16892.7 0.454014
42478.9 17017 0.454014
42754.5 17142.1 0.454014
43031.8 17268.1 0.454014
43311 17394.8 0.454014
43592 17522.4 0.454014
43874.8 17650.8 0.454014
44159.4 17780 0.454014
44445.9 17910.1 0.454014
44734.2 18041 0.454014
45024.4 18172.7 0.454014
45316.5 18305.3 0.454014
45610.5 18438.8 0.454014
45906.4 18573.1 0.454014
46204.2 18708.4 0.454014
46503.9 18844.4 0.454014
46805.6 18981.4 0.454014
47109.3 19119.3 0.454014
47414.9 19258 0.454014
47722.5 19397.7 0.454014
48032.1 19538.2 0.454014
48343.7 19679.7 0.454014
48657.3 19822.1 0.454014
48972.9 19965.4 0.454014
49290.7 20109.7 0.454014
49610.4 20254.8 0.454014
49932.3 20401 0.454014
50256.2 20548 0.454014
50582.2 20696 0.454014
50910.4 20845 0.454014
51240.6 20995 0.454014
51573.1 21145.9 0.454014
51907.6 21297.8 0.454014
52244.4 21450.7 0.454014
52583.3 21604.6 0.454014
52924.4 21759.4 0.454014
53267.8 21915.3 0.454014
53613.3 22072.2 0.454014
53961.1 22230.1 0.454014
54311.2 22389.1 0.454014
54663.5 22549 0.454014
55018.2 22710 0.454014
55375.1 22872.1 0.454014
55734.3 23035.2 0.454014
56095.9 23199.3 0.454014
