5.78741e-09 5.95396e-15 4.29514e-06
5.8738e-08 3.33166e-13 8.58285e-06
5.86595e-07 1.45059e-11 3.56977e-05
4.6076e-06 3.38009e-10 8.97843e-05
5.86875e-06 4.61297e-10 0.000114002
2.3369e-05 3.31505e-09 0.000192532
7.39119e-05 1.62978e-08 0.000292274
0.000147358 4.17301e-08 0.000330144
0.000152693 4.34471e-08 0.000292479
0.000165528 4.67976e-08 0.000304172
0.000294481 1.01986e-07 0.000463041
0.000466785 1.89679e-07 0.00054542
0.000739961 3.52227e-07 0.00041641
0.000792747 3.70702e-07 0.000446592
0.000859333 4.13069e-07 0.00055442
0.000931697 4.48502e-07 0.00055104
0.00117285 6.10601e-07 0.000697128
0.00147667 8.31244e-07 0.000750516
0.0017323 1.02935e-06 0.000535855
0.00185963 1.08409e-06 0.000525282
0.00294795 2.00733e-06 0.000908255
0.00467391 3.71532e-06 0.00105104
0.00633042 5.56999e-06 0.00091467
0.0070765 6.16755e-06 0.00093479
0.00933155 8.92099e-06 0.00127133
0.0117504 1.21316e-05 0.00137956
0.0154948 1.7543e-05 0.00122736
0.0177925 2.00421e-05 0.00125466
0.0234638 2.89812e-05 0.00164107
0.0295474 3.94039e-05 0.00177172
0.0354913 5.03041e-05 0.00128079
0.0389653 5.38549e-05 0.00125817
0.0549487 8.51279e-05 0.00191362
0.0590129 9.27925e-05 0.00199187
0.0713035 0.000119369 0.00114686
0.0787306 0.000125461 0.00110854
0.10265 0.000178607 0.00176378
0.112568 0.000193736 0.00180901
0.132297 0.000240204 0.00240921
0.146764 0.000275794 0.00181491
0.15911 0.000293738 0.00177613
0.191354 0.000375514 0.00260957
0.227502 0.000472769 0.000973271
0.245257 0.000484229 0.000805937
0.256566 0.000495831 0.00103354
0.268397 0.000508152 0.00104919
0.280773 0.000521236 0.00106507
0.293719 0.00053513 0.0010812
0.307263 0.000549885 0.00109757
0.321432 0.000565555 0.00111419
0.336253 0.000582195 0.00113106
0.351758 0.000599866 0.00114818
0.367978 0.000618631 0.00116556
0.384946 0.000638559 0.00118321
0.402697 0.000659722 0.00120112
0.421266 0.000682195 0.00121931
0.440691 0.000706061 0.00123777
0.461012 0.000731406 0.00125651
0.48227 0.00075832 0.00127553
0.504508 0.000786902 0.00129484
0.527771 0.000817254 0.00131445
0.552107 0.000849487 0.00133435
0.577566 0.000883717 0.00135455
0.604198 0.000920067 0.00137506
0.632059 0.000958668 0.00139588
0.661204 0.000999662 0.00141701
0.691693 0.00104319 0.00143847
0.723588 0.00108942 0.00146024
0.756953 0.00113852 0.00148235
0.791857 0.00119065 0.00150479
0.828371 0.00124602 0.00152758
0.866568 0.00130481 0.00155071
0.906527 0.00136725 0.00157418
0.948328 0.00143355 0.00159802
0.992057 0.00150396 0.00162221
1.0378 0.00157874 0.00164677
1.08566 0.00165815 0.0016717
1.13572 0.00174247 0.00169701
1.18809 0.00183202 0.00172271
1.24287 0.00192712 0.00174879
1.30018 0.00202811 0.00177526
1.36014 0.00213535 0.00180214
1.42285 0.00224924 0.00182943
1.48846 0.00237018 0.00185712
1.5571 0.00249862 0.00188524
1.6289 0.00263501 0.00191378
1.70401 0.00277985 0.00194276
1.78258 0.00293367 0.00197217
1.86478 0.00309701 0.00200203
1.95077 0.00327047 0.00203234
2.04072 0.00345468 0.00206311
2.13482 0.0036503 0.00209435
2.23326 0.00385804 0.00212606
2.33624 0.00407865 0.00215824
2.44396 0.00431292 0.00219092
2.55666 0.00456171 0.00222409
2.67455 0.00482591 0.00225776
2.79788 0.00510648 0.00229195
2.92689 0.00540443 0.00232665
3.06185 0.00572083 0.00236187
3.20304 0.00605684 0.00239763
3.35074 0.00641366 0.00243393
3.50524 0.00679259 0.00247078
3.66688 0.00719499 0.00250819
3.83596 0.00762232 0.00254616
4.01284 0.00807613 0.00258471
4.19788 0.00855804 0.00262385
4.39145 0.00906982 0.00266357
4.59395 0.00961329 0.0027039
4.80578 0.0101904 0.00274483
5.02738 0.0108033 0.00278639
5.2592 0.0114542 0.00282858
5.50171 0.0121454 0.0028714
5.7554 0.0128794 0.00291488
6.02079 0.0136589 0.00295901
6.29841 0.0144866 0.00300381
6.58884 0.0153657 0.00304928
6.89266 0.0162992 0.00309545
7.21049 0.0172905 0.00314232
7.54298 0.0183433 0.00318989
7.8908 0.0194612 0.00323819
8.25465 0.0206484 0.00328721
8.63529 0.0219092 0.00333698
9.03347 0.0232481 0.0033875
9.45002 0.0246699 0.00343879
9.88577 0.0261798 0.00349085
10.3416 0.0277832 0.00354371
10.8185 0.029486 0.00359736
11.3173 0.0312942 0.00365182
11.8392 0.0332145 0.00370711
12.3851 0.0352537 0.00376324
12.9562 0.0374193 0.00382021
13.5536 0.039719 0.00387805
14.1786 0.0421611 0.00393677
14.8324 0.0447546 0.00399637
15.5164 0.0475087 0.00405687
16.2318 0.0504335 0.00411829
16.9803 0.0535394 0.00418065
17.7633 0.0568378 0.00424394
18.5824 0.0603405 0.0043082
19.4392 0.0640601 0.00437342
20.3356 0.0680102 0.00443964
21.2733 0.072205 0.00450685
22.2543 0.0766597 0.00457509
23.2804 0.0813904 0.00464435
24.3539 0.0864141 0.00471467
25.4769 0.091749 0.00478605
26.6517 0.0974144 0.00485851
27.8806 0.103431 0.00493207
29.1662 0.10982 0.00500674
30.5111 0.116605 0.00508254
31.9181 0.12381 0.00515949
33.3898 0.131462 0.00523761
34.9295 0.139587 0.00531691
36.5401 0.148216 0.0053974
38.225 0.15738 0.00547912
39.9877 0.167111 0.00556208
41.8315 0.177445 0.00564629
43.7605 0.188419 0.00573177
45.7783 0.200073 0.00581855
47.8892 0.212449 0.00590664
50.0974 0.225592 0.00599607
52.4075 0.239549 0.00608685
54.8241 0.254371 0.00617901
57.3521 0.27011 0.00627256
59.9967 0.286825 0.00636752
62.7632 0.304575 0.00646393
65.6573 0.323425 0.00656179
68.6849 0.343443 0.00666114
71.852 0.364701 0.00676199
75.1652 0.387275 0.00686552
75.1652 0.387275 0.00686451
75.6528 0.390642 0.00694493
76.1436 0.394071 0.0070264
76.6376 0.397562 0.00710895
77.1348 0.401117 0.0071926
77.6352 0.404738 0.00727736
78.1388 0.408424 0.00736325
78.6457 0.412179 0.00745029
79.1559 0.416003 0.00753849
79.6694 0.419897 0.00762787
80.1863 0.423863 0.00771846
80.7065 0.427902 0.00781028
81.23 0.432015 0.00790333
81.757 0.436205 0.00799764
82.2874 0.440472 0.00809324
82.8212 0.444818 0.00819014
83.3585 0.449245 0.00828836
83.8993 0.453754 0.00838793
84.4436 0.458347 0.00848887
84.9914 0.463025 0.00859119
85.5428 0.467791 0.00869492
86.0977 0.472645 0.00880009
86.6563 0.47759 0.00890672
87.2184 0.482628 0.00901483
87.7842 0.48776 0.00912445
88.3537 0.492988 0.00923559
88.9269 0.498314 0.00934829
89.5038 0.50374 0.00946258
90.0845 0.509268 0.00957847
90.6689 0.5149 0.00969599
91.2571 0.520638 0.00981518
91.8491 0.526484 0.00993605
92.4449 0.532441 0.0100586
93.0447 0.538511 0.010183
93.6483 0.544696 0.0103091
94.2558 0.550998 0.010437
94.8673 0.557419 0.0105668
95.4827 0.563963 0.0106984
96.1021 0.570631 0.0108319
96.7256 0.577427 0.0109673
97.3531 0.584352 0.0111047
97.9847 0.591409 0.0112441
98.6203 0.598601 0.0113855
99.2601 0.605931 0.011529
99.904 0.613402 0.0116746
100.552 0.621017 0.0118223
101.204 0.628777 0.0119722
101.861 0.636688 0.0121242
102.522 0.64475 0.0122786
103.187 0.652969 0.0124352
103.856 0.661346 0.0125941
104.53 0.669886 0.0127554
105.208 0.678591 0.0129191
105.891 0.687465 0.0130852
106.578 0.696512 0.0132538
107.269 0.705735 0.0134249
107.965 0.715138 0.0135986
108.665 0.724724 0.013775
109.37 0.734498 0.0139539
110.08 0.744463 0.0141356
110.794 0.754624 0.0143201
111.513 0.764984 0.0145073
112.236 0.775547 0.0146974
112.964 0.786319 0.0148904
113.697 0.797303 0.0150863
114.435 0.808504 0.0152852
115.177 0.819926 0.0154872
115.924 0.831575 0.0156923
116.676 0.843454 0.0159005
117.433 0.85557 0.016112
118.195 0.867926 0.0163267
118.962 0.880529 0.0165448
119.734 0.893383 0.0167662
120.51 0.906493 0.0169911
121.292 0.919866 0.0172195
122.079 0.933507 0.0174515
122.871 0.947421 0.0176871
123.668 0.961615 0.0179264
124.47 0.976095 0.0181695
125.278 0.990866 0.0184164
126.091 1.00594 0.0186671
126.909 1.02131 0.0189219
127.732 1.03699 0.0191807
128.561 1.053 0.0194436
129.395 1.06932 0.0197106
130.234 1.08598 0.0199819
131.079 1.10298 0.0202576
131.929 1.12033 0.0205376
132.785 1.13803 0.0208222
133.646 1.15609 0.0211113
134.513 1.17452 0.021405
135.386 1.19333 0.0217035
136.264 1.21252 0.0220067
137.148 1.23211 0.0223149
138.038 1.25211 0.0226281
138.934 1.27251 0.0229463
139.835 1.29334 0.0232697
140.742 1.3146 0.0235983
141.655 1.3363 0.0239323
142.574 1.35845 0.0242717
143.499 1.38106 0.0246167
144.43 1.40414 0.0249673
145.367 1.4277 0.0253236
146.31 1.45175 0.0256858
147.259 1.4763 0.0260539
148.215 1.50137 0.0264281
149.176 1.52697 0.0268084
150.144 1.5531 0.027195
151.118 1.57978 0.0275879
152.098 1.60702 0.0279874
153.085 1.63483 0.0283934
154.078 1.66324 0.0288062
155.078 1.69224 0.0292258
156.084 1.72186 0.0296523
157.096 1.7521 0.0300859
158.115 1.78299 0.0305268
159.141 1.81453 0.030975
160.173 1.84674 0.0314306
161.213 1.87965 0.0318938
162.258 1.91325 0.0323648
163.311 1.94757 0.0328436
164.37 1.98262 0.0333304
165.437 2.01843 0.0338253
166.51 2.055 0.0343285
167.59 2.09236 0.0348401
168.678 2.13052 0.0353603
169.772 2.1695 0.0358893
170.873 2.20933 0.036427
171.982 2.25001 0.0369738
173.097 2.29157 0.0375298
174.22 2.33403 0.0380951
175.351 2.37741 0.0386699
176.488 2.42174 0.0392543
177.633 2.46702 0.0398485
178.785 2.51329 0.0404527
179.945 2.56056 0.0410671
181.113 2.60887 0.0416918
182.288 2.65823 0.042327
183.47 2.70866 0.0429728
184.66 2.7602 0.0436295
185.858 2.81287 0.0442972
187.064 2.86669 0.0449761
188.278 2.92169 0.0456664
189.499 2.97789 0.0463683
190.728 3.03533 0.0470819
191.966 3.09404 0.0478075
193.211 3.15404 0.0485452
194.464 3.21535 0.0492953
195.726 3.27802 0.0500579
196.996 3.34208 0.0508332
198.274 3.40754 0.0516215
199.56 3.47446 0.0524229
200.855 3.54285 0.0532376
202.158 3.61276 0.0540659
203.469 3.68422 0.0549079
204.789 3.75726 0.055764
206.118 3.83193 0.0566341
207.455 3.90825 0.0575187
208.801 3.98626 0.0584179
210.155 4.06601 0.0593319
211.519 4.14753 0.0602609
212.891 4.23087 0.0612051
214.272 4.31606 0.0621649
215.662 4.40316 0.0631403
217.061 4.49219 0.0641316
218.469 4.5832 0.065139
219.886 4.67625 0.0661628
221.313 4.77137 0.0672032
222.749 4.86862 0.0682603
224.194 4.96803 0.0693345
225.648 5.06967 0.0704258
227.112 5.17357 0.0715347
228.585 5.2798 0.0726612
230.068 5.3884 0.0738056
231.561 5.49942 0.0749681
233.063 5.61293 0.0761489
234.575 5.72897 0.0773482
236.097 5.8476 0.0785663
237.628 5.96888 0.0798034
239.17 6.09288 0.0810596
240.722 6.21964 0.0823352
242.283 6.34923 0.0836304
243.855 6.48171 0.0849454
245.437 6.61714 0.0862803
247.029 6.7556 0.0876354
248.632 6.89715 0.0890109
250.245 7.04184 0.0904069
251.868 7.18976 0.0918236
253.502 7.34097 0.0932611
255.147 7.49554 0.0947198
256.802 7.65355 0.0961996
258.468 7.81507 0.0977008
260.145 7.98017 0.0992235
261.832 8.14892 0.100768
263.531 8.32142 0.102334
265.24 8.49773 0.103922
266.961 8.67793 0.105532
268.693 8.86211 0.107164
270.436 9.05035 0.108818
272.191 9.24274 0.110495
273.956 9.43935 0.112194
275.734 9.64027 0.113915
277.522 9.8456 0.115659
279.323 10.0554 0.117425
281.135 10.2698 0.119213
282.959 10.4889 0.121024
284.794 10.7127 0.122858
286.642 10.9414 0.124713
288.501 11.1751 0.126592
290.373 11.4138 0.128492
292.257 11.6577 0.130414
294.153 11.9068 0.132359
296.061 12.1612 0.134325
297.982 12.4211 0.136313
299.915 12.6866 0.138323
301.86 12.9577 0.140354
303.819 13.2345 0.142406
305.79 13.5173 0.144479
307.773 13.806 0.146572
309.77 14.1007 0.148686
311.78 14.4017 0.150819
313.802 14.7089 0.152972
315.838 15.0225 0.155144
317.887 15.3426 0.157335
319.949 15.6694 0.159544
322.025 16.0028 0.16177
324.114 16.3431 0.164014
326.217 16.6904 0.166274
328.333 17.0447 0.16855
330.463 17.4061 0.170841
332.607 17.7748 0.173146
334.764 18.1509 0.175466
336.936 18.5345 0.177798
339.122 18.9257 0.180143
341.322 19.3246 0.182499
343.536 19.7314 0.184865
345.765 20.146 0.187241
348.008 20.5687 0.189625
350.266 20.9995 0.192016
352.538 21.4385 0.194413
354.825 21.8859 0.196816
357.127 22.3417 0.199222
359.444 22.8061 0.201631
361.776 23.2791 0.204041
364.123 23.7608 0.206451
366.485 24.2513 0.208859
368.862 24.7507 0.211265
371.255 25.2591 0.213665
373.664 25.7766 0.216059
376.088 26.3033 0.218446
378.528 26.8391 0.220823
380.983 27.3843 0.223188
383.455 27.9388 0.225541
385.942 28.5028 0.227878
388.446 29.0762 0.230198
390.966 29.6592 0.232499
393.502 30.2518 0.23478
396.055 30.854 0.237037
398.625 31.4659 0.239268
401.211 32.0875 0.241473
403.813 32.7189 0.243647
406.433 33.36 0.24579
409.07 34.0108 0.247897
411.724 34.6714 0.249968
414.395 35.3418 0.252
417.083 36.0219 0.25399
419.789 36.7118 0.255936
422.512 37.4114 0.257834
425.253 38.1206 0.259683
428.012 38.8395 0.26148
430.788 39.568 0.263221
433.583 40.306 0.264905
436.396 41.0534 0.266529
439.227 41.8101 0.26809
442.076 42.5762 0.269584
444.944 43.3513 0.27101
447.831 44.1356 0.272365
450.736 44.9287 0.273645
453.66 45.7306 0.274848
456.603 46.5412 0.275971
459.565 47.3602 0.277012
462.547 48.1875 0.277967
465.547 49.0229 0.278834
468.567 49.8662 0.27961
471.607 50.7172 0.280292
474.667 51.5756 0.280879
477.746 52.4413 0.281367
480.845 53.3139 0.281753
483.965 54.1933 0.282036
487.104 55.079 0.282213
490.264 55.971 0.282281
493.445 56.8687 0.282239
496.646 57.7719 0.282084
499.868 58.6804 0.281815
503.111 59.5936 0.281429
506.375 60.5113 0.280925
509.66 61.4331 0.280301
512.966 62.3587 0.279555
516.294 63.2875 0.278687
519.643 64.2193 0.277694
523.014 65.1536 0.276576
526.407 66.0899 0.275332
529.822 67.0278 0.273962
533.26 67.9669 0.272464
536.719 68.9066 0.270839
540.201 69.8466 0.269086
543.705 70.7863 0.267205
547.233 71.7253 0.265197
550.783 72.6629 0.263062
554.356 73.5988 0.2608
557.952 74.5325 0.258413
561.572 75.4633 0.255903
565.215 76.3908 0.253269
568.882 77.3144 0.250514
572.572 78.2336 0.24764
576.287 79.1479 0.244649
580.025 80.0568 0.241542
583.788 80.9596 0.238324
587.575 81.8559 0.234996
591.387 82.7451 0.231562
595.224 83.6267 0.228025
599.085 84.5002 0.224388
602.971 85.365 0.220655
606.883 86.2207 0.216831
610.82 87.0666 0.212919
614.783 87.9024 0.208924
618.771 88.7276 0.20485
622.785 89.5415 0.200703
626.826 90.3439 0.196487
630.892 91.1342 0.192208
634.985 91.912 0.187871
639.104 92.6769 0.183481
643.25 93.4284 0.179043
647.423 94.1662 0.174565
651.623 94.8899 0.170052
655.851 95.5992 0.165509
660.105 96.2937 0.160943
664.388 96.9731 0.156359
668.698 97.6371 0.151765
673.036 98.2855 0.147166
677.402 98.918 0.142568
681.797 99.5344 0.137977
686.22 100.135 0.133401
690.671 100.718 0.128844
695.152 101.285 0.124312
699.662 101.836 0.119813
704.201 102.37 0.11535
708.769 102.887 0.110931
713.367 103.387 0.106561
717.995 103.87 0.102245
722.653 104.336 0.097988
727.341 104.786 0.0937953
732.06 105.218 0.0896717
736.809 105.635 0.0856217
741.589 106.034 0.0816496
746.4 106.418 0.0777594
751.242 106.785 0.073955
756.115 107.137 0.0702398
761.021 107.472 0.0666171
765.958 107.792 0.0630897
770.927 108.097 0.0596602
775.928 108.387 0.0563309
780.962 108.663 0.0531039
786.028 108.924 0.0499807
791.127 109.171 0.0469627
796.26 109.405 0.044051
801.425 109.625 0.0412462
806.624 109.832 0.0385487
811.857 110.027 0.0359587
817.124 110.21 0.033476
822.425 110.381 0.0311
827.76 110.541 0.0288299
833.13 110.69 0.0266649
838.535 110.829 0.0246035
843.975 110.957 0.0226442
849.45 111.076 0.0207853
854.961 111.186 0.0190247
860.507 111.287 0.0173604
866.09 111.379 0.0157899
871.708 111.464 0.0143107
877.363 111.541 0.0129202
883.055 111.611 0.0116155
888.784 111.674 0.0103938
894.55 111.73 0.00925199
900.353 111.781 0.00818704
906.194 111.826 0.00719578
912.073 111.866 0.00627505
917.99 111.9 0.00542162
923.945 111.93 0.00463228
929.939 111.956 0.00390381
935.972 111.977 0.00323301
942.044 111.995 0.00261672
948.155 112.009 0.00205182
954.306 112.02 0.00153525
960.497 112.028 0.00106402
966.728 112.034 0.000635208
973 112.036 0.000245991
979.312 112.037 0
985.665 112.037 0
992.059 112.037 0
998.495 112.037 0
1004.97 112.037 0
1011.49 112.037 0
1018.05 112.037 0
1024.66 112.037 0
1031.31 112.037 0
1038 112.037 0
1044.73 112.037 0
1051.51 112.037 0
1058.33 112.037 0
1065.2 112.037 0
1072.11 112.037 0
1079.06 112.037 0
1086.06 112.037 0
1093.11 112.037 0
1100.2 112.037 0
1107.34 112.037 0
1114.52 112.037 0
1121.75 112.037 0
1129.03 112.037 0
1136.35 112.037 0
1143.72 112.037 0
1151.14 112.037 0
1158.61 112.037 0
1166.13 112.037 0
1173.69 112.037 0
1181.31 112.037 0
1188.97 112.037 0
1196.68 112.037 0
1204.45 112.037 0
1212.26 112.037 0
1220.12 112.037 0
1228.04 112.037 0
1236.01 112.037 0
1244.02 112.037 0
1252.09 112.037 0
1260.22 112.037 0
1268.39 112.037 0
1276.62 112.037 0
1284.9 112.037 0
1293.24 112.037 0
1301.63 112.037 0
1310.07 112.037 0
1318.57 112.037 0
1327.13 112.037 0
1335.74 112.037 0
1344.4 112.037 0
1353.12 112.037 0
1361.9 112.037 0
1370.74 112.037 0
1379.63 112.037 0
1388.58 112.037 0
1397.59 112.037 0
1406.65 112.037 0
1415.78 112.037 0
1424.96 112.037 0
1434.21 112.037 0
1443.51 112.037 0
1452.88 112.037 0
1462.3 112.037 0
1471.79 112.037 0
1481.34 112.037 0
1490.95 112.037 0
1500.62 112.037 0
1510.35 112.037 0
1520.15 112.037 0
1530.01 112.037 0
1539.94 112.037 0
1549.93 112.037 0
1559.98 112.037 0
1570.1 112.037 0
1580.29 112.037 0
1590.54 112.037 0
1600.86 112.037 0
1611.25 112.037 0
1621.7 112.037 0
1632.22 112.037 0
1642.81 112.037 0
1653.47 112.037 0
1664.19 112.037 0
1674.99 112.037 0
1685.85 112.037 0
1696.79 112.037 0
1707.8 112.037 0
1718.88 112.037 0
1730.03 112.037 0
1741.25 112.037 0
1752.55 112.037 0
1763.92 112.037 0
1775.36 112.037 0
1786.88 112.037 0
1798.47 112.037 0
1810.14 112.037 0
1821.88 112.037 0
1833.7 112.037 0
1845.6 112.037 0
1857.57 112.037 0
1869.62 112.037 0
1881.75 112.037 0
1893.96 112.037 0
1906.24 112.037 0
1918.61 112.037 0
1931.06 112.038 8.32432e-05
1943.58 112.039 0.000175985
1956.19 112.042 0.000271766
1968.88 112.046 0.000370703
1981.66 112.052 0.000472916
1994.51 112.058 0.000578531
2007.45 112.067 0.00068768
2020.47 112.076 0.000800498
2033.58 112.087 0.000917129
2046.77 112.1 0.00103772
2060.05 112.115 0.00116243
2073.42 112.131 0.00129142
2086.87 112.15 0.00142486
2100.41 112.17 0.00156293
2114.03 112.192 0.0017058
2127.75 112.217 0.00185368
2141.55 112.243 0.00200677
2155.44 112.272 0.00216527
2169.43 112.304 0.00232941
2183.5 112.338 0.00249941
2197.66 112.374 0.00267553
2211.92 112.414 0.002858
2226.27 112.456 0.00304709
2240.71 112.501 0.00324308
2255.25 112.55 0.00344626
2269.88 112.602 0.00365692
2284.61 112.657 0.00387538
2299.43 112.717 0.00410197
2314.34 112.78 0.00433704
2329.36 112.846 0.00458095
2344.47 112.918 0.00483407
2359.68 112.993 0.0050968
2374.99 113.073 0.00536956
2390.39 113.158 0.00565277
2405.9 113.248 0.00594691
2421.51 113.343 0.00625243
2437.22 113.444 0.00656985
2453.03 113.551 0.00689968
2468.94 113.663 0.00724247
2484.96 113.782 0.00759881
2501.08 113.907 0.00796929
2517.31 114.04 0.00835454
2533.64 114.18 0.00875523
2550.07 114.327 0.00917205
2566.62 114.482 0.00960574
2583.27 114.646 0.0100571
2600.03 114.818 0.0105268
2616.89 115 0.0110158
2633.87 115.191 0.011525
2650.96 115.393 0.0120553
2668.15 115.605 0.0126076
2685.46 115.828 0.013183
2702.89 116.063 0.0137826
2720.42 116.31 0.0144074
2738.07 116.57 0.0150587
2755.83 116.844 0.0157378
2773.71 117.131 0.0164458
2791.7 117.434 0.0171842
2809.81 117.752 0.0179544
2828.04 118.087 0.018758
2846.39 118.439 0.0195964
2864.85 118.809 0.0204714
2883.44 119.197 0.0213848
2902.15 119.606 0.0223382
2920.97 120.036 0.0233338
2939.92 120.488 0.0243734
2958.99 120.964 0.0254593
2978.19 121.463 0.0265936
2997.51 121.988 0.0277786
3016.96 122.541 0.0290169
3036.53 123.121 0.030311
3056.23 123.732 0.0316635
3076.05 124.373 0.0330774
3096.01 125.048 0.0345556
3116.1 125.758 0.0361011
3136.31 126.504 0.0377173
3156.66 127.289 0.0394075
3177.14 128.114 0.0411753
3197.75 128.981 0.0430245
3218.49 129.894 0.0449589
3239.37 130.854 0.0469827
3260.39 131.863 0.0491001
3281.54 132.925 0.0513156
3302.83 134.043 0.0536338
3324.25 135.218 0.0560597
3345.82 136.454 0.0585981
3367.52 137.755 0.0612546
3389.37 139.123 0.0640344
3411.36 140.563 0.0669434
3433.49 142.078 0.0699874
3455.76 143.673 0.0731726
3478.18 145.351 0.0765054
3500.75 147.116 0.0799923
3523.46 148.974 0.0836403
3546.31 150.93 0.0874562
3569.32 152.988 0.0914473
3592.48 155.154 0.0956211
3615.78 157.433 0.0999851
3639.24 159.832 0.104547
3662.85 162.356 0.109315
3686.61 165.013 0.114298
3710.53 167.809 0.119502
3734.6 170.751 0.124937
3758.82 173.847 0.130612
3783.21 177.104 0.136533
3807.75 180.531 0.142711
3832.45 184.135 0.149152
3857.32 187.927 0.155866
3882.34 191.915 0.162861
3907.53 196.109 0.170143
3932.88 200.518 0.177721
3958.39 205.153 0.185603
3984.07 210.024 0.193794
4009.92 215.143 0.2023
4035.93 220.52 0.211129
4062.11 226.168 0.220283
4088.47 232.098 0.229768
4114.99 238.322 0.239587
4141.68 244.854 0.249741
4168.55 251.705 0.260232
4195.6 258.888 0.27106
4222.81 266.418 0.282222
4250.21 274.307 0.293717
4277.78 282.569 0.30554
4305.53 291.216 0.317684
4333.46 300.264 0.330142
4361.58 309.724 0.342904
4389.87 319.611 0.35596
4418.35 329.939 0.369295
4447.01 340.719 0.382895
4475.86 351.965 0.396743
4504.9 363.689 0.41082
4534.12 375.904 0.425106
4563.54 388.621 0.439579
4593.14 401.852 0.454214
4622.94 415.606 0.468986
4652.93 429.895 0.483869
4683.12 444.726 0.498834
4713.5 460.109 0.513853
4744.08 476.052 0.528896
4774.85 492.561 0.543932
4805.83 509.642 0.55893
4837.01 527.301 0.573861
4868.39 545.541 0.588693
4899.97 564.366 0.603396
4931.76 583.778 0.617941
4963.75 603.778 0.632299
4995.95 624.367 0.646443
5028.36 645.543 0.660346
5060.98 667.307 0.673985
5093.82 689.655 0.687335
5126.86 712.583 0.700376
5160.12 736.089 0.71309
5193.6 760.167 0.725458
5227.29 784.812 0.737467
5261.2 810.018 0.749104
5295.33 835.778 0.760358
5329.68 862.085 0.771221
5364.26 888.931 0.781687
5399.06 916.309 0.791752
5434.09 944.21 0.801414
5469.34 972.625 0.810672
5504.82 1001.55 0.819528
5540.53 1030.96 0.827985
5576.48 1060.87 0.836048
5612.65 1091.25 0.843723
5649.06 1122.11 0.851017
5685.71 1153.42 0.857939
5722.6 1185.19 0.864498
5759.72 1217.4 0.870703
5797.09 1250.04 0.876567
5834.69 1283.11 0.882099
5872.55 1316.6 0.887313
5910.64 1350.5 0.89222
5948.99 1384.8 0.896832
5987.58 1419.49 0.901162
6026.42 1454.57 0.905222
6065.52 1490.04 0.909025
6104.87 1525.88 0.912583
6144.47 1562.09 0.915909
6184.33 1598.66 0.919014
6224.45 1635.59 0.92191
6264.83 1672.87 0.924608
6305.48 1710.5 0.927119
6346.38 1748.47 0.929455
6387.55 1786.78 0.931625
6428.99 1825.43 0.933639
6470.7 1864.41 0.935507
6512.68 1903.71 0.937239
6554.93 1943.35 0.938841
6597.45 1983.3 0.940324
6640.25 2023.58 0.941694
6683.33 2064.17 0.94296
6726.69 2105.08 0.944128
6770.32 2146.3 0.945205
6814.25 2187.84 0.946198
6858.45 2229.69 0.947111
6902.95 2271.85 0.947952
6947.73 2314.31 0.948725
6992.8 2357.09 0.949435
7038.16 2400.18 0.950086
7083.82 2443.57 0.950684
7129.78 2487.27 0.951232
7176.03 2531.28 0.951734
7222.59 2575.6 0.952194
7269.44 2620.22 0.952614
7316.6 2665.16 0.952998
7364.07 2710.4 0.953349
7411.84 2755.95 0.953669
7459.92 2801.81 0.953961
7508.32 2847.99 0.954228
7557.03 2894.47 0.95447
7606.05 2941.27 0.954691
7655.39 2988.38 0.954892
7705.06 3035.81 0.955074
7755.04 3083.56 0.95524
7805.35 3131.62 0.95539
7855.99 3180 0.955527
7906.95 3228.7 0.955651
7958.25 3277.72 0.955763
8009.88 3327.07 0.955864
8061.84 3376.74 0.955956
8114.14 3426.74 0.956039
8166.78 3477.07 0.956114
8219.76 3527.72 0.956181
8273.08 3578.71 0.956242
8326.76 3630.04 0.956297
8380.77 3681.7 0.956347
8435.14 3733.69 0.956391
8489.86 3786.03 0.956431
8544.94 3838.71 0.956467
8600.38 3891.73 0.956499
8656.17 3945.1 0.956528
8712.32 3998.81 0.956554
8768.84 4052.88 0.956578
8825.73 4107.29 0.956598
8882.99 4162.07 0.956617
8940.61 4217.19 0.956634
8998.61 4272.68 0.956649
9056.99 4328.53 0.956662
9115.75 4384.74 0.956674
9174.89 4441.31 0.956684
9234.41 4498.25 0.956694
9294.31 4555.57 0.956702
9354.61 4613.25 0.956709
9415.29 4671.31 0.956716
9476.38 4729.75 0.956722
9537.85 4788.56 0.956727
9599.73 4847.76 0.956732
9662 4907.35 0.956736
9724.68 4967.31 0.956739
9787.77 5027.67 0.956743
9851.27 5088.42 0.956745
9915.18 5149.57 0.956748
9979.5 5211.11 0.95675
10044.2 5273.05 0.956752
10109.4 5335.39 0.956754
10175 5398.14 0.956755
10241 5461.29 0.956757
10307.4 5524.86 0.956758
10374.3 5588.83 0.956759
10441.6 5653.23 0.95676
10509.3 5718.03 0.95676
10577.5 5783.26 0.956761
10646.1 5848.92 0.956762
10715.2 5915 0.956762
10784.7 5981.5 0.956763
10854.7 6048.44 0.956763
10925.1 6115.82 0.956763
10996 6183.63 0.956764
11067.3 6251.88 0.956764
11139.1 6320.57 0.956764
11211.4 6389.71 0.956764
11284.1 6459.3 0.956764
11357.3 6529.34 0.956765
11431 6599.83 0.956765
11505.1 6670.78 0.956765
11579.8 6742.19 0.956765
11654.9 6814.07 0.956765
11730.5 6886.41 0.956765
11806.6 6959.22 0.956765
11883.2 7032.5 0.956765
11960.3 7106.26 0.956765
12037.9 7180.49 0.956765
12116 7255.21 0.956765
12194.6 7330.41 0.956765
12273.7 7406.1 0.956765
12353.3 7482.28 0.956765
12433.5 7558.96 0.956765
12514.1 7636.13 0.956765
12595.3 7713.81 0.956765
12677 7791.98 0.956765
12759.2 7870.67 0.956765
12842 7949.86 0.956765
12925.3 8029.57 0.956765
13009.2 8109.8 0.956765
13093.6 8190.54 0.956765
13178.5 8271.81 0.956765
13264 8353.61 0.956765
13350.1 8435.94 0.956765
13436.7 8518.8 0.956765
13523.8 8602.2 0.956765
13611.6 8686.14 0.956765
13699.9 8770.63 0.956765
13788.8 8855.66 0.956765
13878.2 8941.25 0.956765
13968.2 9027.39 0.956765
14058.9 9114.09 0.956765
14150.1 9201.35 0.956765
14241.9 9289.17 0.956765
14334.2 9377.57 0.956765
14427.2 9466.54 0.956765
14520.8 9556.09 0.956765
14615 9646.22 0.956765
14709.8 9736.93 0.956765
14805.3 9828.24 0.956765
14901.3 9920.13 0.956765
14998 10012.6 0.956765
15095.3 10105.7 0.956765
15193.2 10199.4 0.956765
15291.8 10293.7 0.956765
15391 10388.6 0.956765
15490.8 10484.2 0.956765
15591.3 10580.3 0.956765
15692.5 10677.1 0.956765
15794.3 10774.5 0.956765
15896.7 10872.5 0.956765
15999.9 10971.2 0.956765
16103.7 11070.5 0.956765
16208.1 11170.4 0.956765
16313.3 11271 0.956765
16419.1 11372.3 0.956765
16525.6 11474.2 0.956765
16632.8 11576.8 0.956765
16740.7 11680 0.956765
16849.3 11783.9 0.956765
16958.7 11888.5 0.956765
17068.7 11993.8 0.956765
17179.4 12099.7 0.956765
17290.8 12206.3 0.956765
17403 12313.7 0.956765
17515.9 12421.7 0.956765
17629.6 12530.4 0.956765
17743.9 12639.8 0.956765
17859 12750 0.956765
17974.9 12860.8 0.956765
18091.5 12972.4 0.956765
18208.9 13084.7 0.956765
18327 13197.7 0.956765
18445.9 13311.4 0.956765
18565.5 13425.9 0.956765
18686 13541.2 0.956765
18807.2 13657.2 0.956765
18929.2 13773.9 0.956765
19052 13891.4 0.956765
19175.6 14009.6 0.956765
19300 14128.7 0.956765
19425.2 14248.4 0.956765
19551.2 14369 0.956765
19678.1 14490.4 0.956765
19805.7 14612.5 0.956765
19934.2 14735.4 0.956765
20063.5 14859.2 0.956765
20193.7 14983.7 0.956765
20324.7 15109 0.956765
20456.6 15235.2 0.956765
20589.3 15362.2 0.956765
20722.8 15490 0.956765
20857.3 15618.6 0.956765
20992.6 15748 0.956765
21128.8 15878.3 0.956765
21265.8 16009.5 0.956765
21403.8 16141.5 0.956765
21542.7 16274.3 0.956765
21682.4 16408 0.956765
21823.1 16542.6 0.956765
21964.6 16678.1 0.956765
22107.1 16814.4 0.956765
22250.6 16951.6 0.956765
22394.9 17089.7 0.956765
22540.2 17228.7 0.956765
22686.4 17368.6 0.956765
22833.6 17509.4 0.956765
22981.7 17651.2 0.956765
23130.8 17793.8 0.956765
23280.9 17937.4 0.956765
23431.9 18081.9 0.956765
23583.9 18227.3 0.956765
23736.9 18373.7 0.956765
23890.9 18521 0.956765
24045.9 18669.3 0.956765
24201.9 18818.6 0.956765
24358.9 18968.8 0.956765
24516.9 19120 0.956765
24676 19272.2 0.956765
24836 19425.3 0.956765
24997.2 19579.5 0.956765
25159.3 19734.6 0.956765
25322.5 19890.8 0.956765
25486.8 20048 0.956765
25652.2 20206.2 0.956765
25818.6 20365.4 0.956765
25986.1 20525.6 0.956765
26154.7 20686.9 0.956765
26324.3 20849.3 0.956765
26495.1 21012.7 0.956765
26667 21177.1 0.956765
26840 21342.6 0.956765
27014.1 21509.2 0.956765
27189.4 21676.9 0.956765
27365.7 21845.7 0.956765
27543.3 22015.5 0.956765
27722 22186.5 0.956765
27901.8 22358.5 0.956765
28082.8 22531.7 0.956765
28265 22706 0.956765
28448.4 22881.5 0.956765
28632.9 23058 0.956765
28818.7 23235.8 0.956765
29005.6 23414.6 0.956765
29193.8 23594.7 0.956765
29383.2 23775.9 0.956765
29573.8 23958.2 0.956765
29765.7 24141.8 0.956765
29958.8 24326.6 0.956765
30153.1 24512.5 0.956765
30348.7 24699.7 0.956765
30545.6 24888 0.956765
30743.8 25077.6 0.956765
30943.2 25268.5 0.956765
31143.9 25460.5 0.956765
31346 25653.8 0.956765
31549.3 25848.4 0.956765
31754 26044.2 0.956765
31960 26241.3 0.956765
32167.3 26439.7 0.956765
32376 26639.3 0.956765
32586.1 26840.3 0.956765
32797.5 27042.5 0.956765
33010.2 27246.1 0.956765
33224.4 27451 0.956765
33439.9 27657.2 0.956765
33656.9 27864.8 0.956765
33875.2 28073.7 0.956765
34095 28283.9 0.956765
34316.1 28495.6 0.956765
34538.8 28708.6 0.956765
34762.8 28922.9 0.956765
34988.3 29138.7 0.956765
35215.3 29355.9 0.956765
35443.8 29574.4 0.956765
35673.7 29794.4 0.956765
35905.1 30015.9 0.956765
36138.1 30238.7 0.956765
36372.5 30463 0.956765
36608.5 30688.8 0.956765
36846 30916 0.956765
37085 31144.7 0.956765
37325.6 31374.9 0.956765
37567.7 31606.6 0.956765
37811.4 31839.7 0.956765
38056.7 32074.4 0.956765
38303.6 32310.7 0.956765
38552.1 32548.4 0.956765
38802.2 32787.7 0.956765
39053.9 33028.5 0.956765
39307.3 33270.9 0.956765
39562.3 33514.9 0.956765
39819 33760.5 0.956765
40077.3 34007.6 0.956765
40337.3 34256.4 0.956765
40599 34506.7 0.956765
40862.3 34758.7 0.956765
41127.4 35012.4 0.956765
41394.2 35267.6 0.956765
41662.8 35524.6 0.956765
41933.1 35783.2 0.956765
42205.1 36043.4 0.956765
42478.9 36305.4 0.956765
42754.5 36569.1 0.956765
43031.8 36834.4 0.956765
43311 37101.5 0.956765
43592 37370.3 0.956765
43874.8 37640.9 0.956765
44159.4 37913.2 0.956765
44445.9 38187.3 0.956765
44734.2 38463.2 0.956765
45024.4 38740.9 0.956765
45316.5 39020.3 0.956765
45610.5 39301.6 0.956765
45906.4 39584.7 0.956765
46204.2 39869.6 0.956765
46503.9 40156.4 0.956765
46805.6 40445.1 0.956765
47109.3 40735.6 0.956765
47414.9 41028 0.956765
47722.5 41322.3 0.956765
48032.1 41618.5 0.956765
48343.7 41916.6 0.956765
48657.3 42216.7 0.956765
48972.9 42518.7 0.956765
49290.7 42822.7 0.956765
49610.4 43128.6 0.956765
49932.3 43436.5 0.956765
50256.2 43746.4 0.956765
50582.2 44058.4 0.956765
50910.4 44372.3 0.956765
51240.6 44688.3 0.956765
51573.1 45006.4 0.956765
51907.6 45326.5 0.956765
52244.4 45648.7 0.956765
52583.3 45972.9 0.956765
52924.4 46299.3 0.956765
53267.8 46627.8 0.956765
53613.3 46958.4 0.956765
53961.1 47291.2 0.956765
54311.2 47626.1 0.956765
54663.5 47963.2 0.956765
55018.2 48302.5 0.956765
55375.1 48644 0.956765
55734.3 48987.7 0.956765
56095.9 49333.7 0.956765
