5.78741e-09 5.95396e-15 4.29514e-06
5.8738e-08 3.33166e-13 8.58285e-06
5.86595e-07 1.45059e-11 3.56977e-05
4.6076e-06 3.38009e-10 8.97843e-05
5.86875e-06 4.61297e-10 0.000114002
2.3369e-05 3.31505e-09 0.000192532
7.39119e-05 1.62978e-08 0.000292274
0.000147358 4.17301e-08 0.000330144
0.000152693 4.34471e-08 0.000292479
0.000165528 4.67976e-08 0.000304172
0.000294481 1.01986e-07 0.000463041
0.000466785 1.89679e-07 0.00054542
0.000739961 3.52227e-07 0.00041641
0.000792747 3.70702e-07 0.000446592
0.000859333 4.13069e-07 0.00055442
0.000931697 4.48502e-07 0.00055104
0.00117285 6.10601e-07 0.000697128
0.00147667 8.31244e-07 0.000750516
0.0017323 1.02935e-06 0.000535855
0.00185963 1.08409e-06 0.000525282
0.00294795 2.00733e-06 0.000908255
0.00467391 3.71532e-06 0.00105104
0.00633042 5.56999e-06 0.00091467
0.0070765 6.16755e-06 0.00093479
0.00933155 8.92099e-06 0.00127133
0.0117504 1.21316e-05 0.00137956
0.0154948 1.7543e-05 0.00122736
0.0177925 2.00421e-05 0.00125466
0.0234638 2.89812e-05 0.00164107
0.0295474 3.94039e-05 0.00177172
0.0354913 5.03041e-05 0.00128079
0.0389653 5.38549e-05 0.00125817
0.0549487 8.51279e-05 0.00191362
0.0590129 9.27925e-05 0.00199187
0.0713035 0.000119369 0.00114686
0.0787306 0.000125461 0.00110854
0.10265 0.000178607 0.00176378
0.112568 0.000193736 0.00180901
0.132297 0.000240204 0.00240921
0.146764 0.000275794 0.00181491
0.15911 0.000293738 0.00177613
0.191354 0.000375514 0.00260957
0.227502 0.000472769 0.000973271
0.245257 0.000484229 0.000805937
0.256566 0.000495831 0.00103354
0.268397 0.000508152 0.00104919
0.280773 0.000521236 0.00106507
0.293719 0.00053513 0.0010812
0.307263 0.000549885 0.00109757
0.321432 0.000565555 0.00111419
0.336253 0.000582195 0.00113106
0.351758 0.000599866 0.00114818
0.367978 0.000618631 0.00116556
0.384946 0.000638559 0.00118321
0.402697 0.000659722 0.00120112
0.421266 0.000682195 0.00121931
0.440691 0.000706061 0.00123777
0.461012 0.000731406 0.00125651
0.48227 0.00075832 0.00127553
0.504508 0.000786902 0.00129484
0.527771 0.000817254 0.00131445
0.552107 0.000849487 0.00133435
0.577566 0.000883717 0.00135455
0.604198 0.000920067 0.00137506
0.632059 0.000958668 0.00139588
0.661204 0.000999662 0.00141701
0.691693 0.00104319 0.00143847
0.723588 0.00108942 0.00146024
0.756953 0.00113852 0.00148235
0.791857 0.00119065 0.00150479
0.828371 0.00124602 0.00152758
0.866568 0.00130481 0.00155071
0.906527 0.00136725 0.00157418
0.948328 0.00143355 0.00159802
0.992057 0.00150396 0.00162221
1.0378 0.00157874 0.00164677
1.08566 0.00165815 0.0016717
1.13572 0.00174247 0.00169701
1.18809 0.00183202 0.00172271
1.24287 0.00192712 0.00174879
1.30018 0.00202811 0.00177526
1.36014 0.00213535 0.00180214
1.42285 0.00224924 0.00182943
1.48846 0.00237018 0.00185712
1.5571 0.00249862 0.00188524
1.6289 0.00263501 0.00191378
1.70401 0.00277985 0.00194276
1.78258 0.00293367 0.00197217
1.86478 0.00309701 0.00200203
1.95077 0.00327047 0.00203234
2.04072 0.00345468 0.00206311
2.13482 0.0036503 0.00209435
2.23326 0.00385804 0.00212606
2.33624 0.00407865 0.00215824
2.44396 0.00431292 0.00219092
2.55666 0.00456171 0.00222409
2.67455 0.00482591 0.00225776
2.79788 0.00510648 0.00229195
2.92689 0.00540443 0.00232665
3.06185 0.00572083 0.00236187
3.20304 0.00605684 0.00239763
3.35074 0.00641366 0.00243393
3.50524 0.00679259 0.00247078
3.66688 0.00719499 0.00250819
3.83596 0.00762232 0.00254616
4.01284 0.00807613 0.00258471
4.19788 0.00855804 0.00262385
4.39145 0.00906982 0.00266357
4.59395 0.00961329 0.0027039
4.80578 0.0101904 0.00274483
5.02738 0.0108033 0.00278639
5.2592 0.0114542 0.00282858
5.50171 0.0121454 0.0028714
5.7554 0.0128794 0.00291488
6.02079 0.0136589 0.00295901
6.29841 0.0144866 0.00300381
6.58884 0.0153657 0.00304928
6.89266 0.0162992 0.00309545
7.21049 0.0172905 0.00314232
7.54298 0.0183433 0.00318989
7.8908 0.0194612 0.00323819
8.25465 0.0206484 0.00328721
8.63529 0.0219092 0.00333698
9.03347 0.0232481 0.0033875
9.45002 0.0246699 0.00343879
9.88577 0.0261798 0.00349085
10.3416 0.0277832 0.00354371
10.8185 0.029486 0.00359736
11.3173 0.0312942 0.00365182
11.8392 0.0332145 0.00370711
12.3851 0.0352537 0.00376324
12.9562 0.0374193 0.00382021
13.5536 0.039719 0.00387805
14.1786 0.0421611 0.00393677
14.8324 0.0447546 0.00399637
15.5164 0.0475087 0.00405687
16.2318 0.0504335 0.00411829
16.9803 0.0535394 0.00418065
17.7633 0.0568378 0.00424394
18.5824 0.0603405 0.0043082
19.4392 0.0640601 0.00437342
20.3356 0.0680102 0.00443964
21.2733 0.072205 0.00450685
22.2543 0.0766597 0.00457509
23.2804 0.0813904 0.00464435
24.3539 0.0864141 0.00471467
25.4769 0.091749 0.00478605
26.6517 0.0974144 0.00485851
27.8806 0.103431 0.00493207
29.1662 0.10982 0.00500674
30.5111 0.116605 0.00508254
31.9181 0.12381 0.00515949
33.3898 0.131462 0.00523761
34.9295 0.139587 0.00531691
36.5401 0.148216 0.0053974
38.225 0.15738 0.00547912
39.9877 0.167111 0.00556208
41.8315 0.177445 0.00564629
43.7605 0.188419 0.00573177
45.7783 0.200073 0.00581855
47.8892 0.212449 0.00590664
50.0974 0.225592 0.00599607
52.4075 0.239549 0.00608685
54.8241 0.254371 0.00617901
57.3521 0.27011 0.00627256
59.9967 0.286825 0.00636752
62.7632 0.304575 0.00646393
65.6573 0.323425 0.00656179
68.6849 0.343443 0.00666114
71.852 0.364701 0.00676199
75.1652 0.387275 0.00686552
75.1652 0.387275 0.00686451
75.6528 0.390719 0.00725768
76.1436 0.394378 0.00765311
76.6376 0.398256 0.0080508
77.1348 0.402358 0.00845076
77.6352 0.406688 0.00885301
78.1388 0.411248 0.00925755
78.6457 0.416044 0.00966439
79.1559 0.421079 0.0100736
79.6694 0.426358 0.010485
80.1863 0.431884 0.0108989
80.7065 0.437662 0.011315
81.23 0.443696 0.0117336
81.757 0.44999 0.0121544
82.2874 0.456549 0.0125777
82.8212 0.463376 0.0130034
83.3585 0.470478 0.0134314
83.8993 0.477858 0.0138619
84.4436 0.48552 0.0142947
84.9914 0.493471 0.01473
85.5428 0.501713 0.0151678
86.0977 0.510252 0.015608
86.6563 0.519094 0.0160506
87.2184 0.528242 0.0164957
87.7842 0.537702 0.0169433
88.3537 0.547479 0.0173934
88.9269 0.557579 0.017846
89.5038 0.568005 0.0183011
90.0845 0.578765 0.0187587
90.6689 0.589862 0.0192188
91.2571 0.601302 0.0196815
91.8491 0.613092 0.0201467
92.4449 0.625236 0.0206145
93.0447 0.63774 0.0210848
93.6483 0.65061 0.0215578
94.2558 0.663851 0.0220333
94.8673 0.67747 0.0225114
95.4827 0.691472 0.0229921
96.1021 0.705864 0.0234754
96.7256 0.720651 0.0239614
97.3531 0.73584 0.02445
97.9847 0.751437 0.0249412
98.6203 0.767448 0.0254351
99.2601 0.78388 0.0259317
99.904 0.800739 0.0264309
100.552 0.818032 0.0269328
101.204 0.835765 0.0274374
101.861 0.853946 0.0279447
102.522 0.87258 0.0284547
103.187 0.891676 0.0289675
103.856 0.91124 0.0294829
104.53 0.931278 0.0300011
105.208 0.9518 0.0305221
105.891 0.97281 0.0310457
106.578 0.994318 0.0315722
107.269 1.01633 0.0321014
107.965 1.03885 0.0326334
108.665 1.0619 0.0331682
109.37 1.08547 0.0337058
110.08 1.10958 0.0342462
110.794 1.13423 0.0347894
111.513 1.15943 0.0353354
112.236 1.18519 0.0358842
112.964 1.21152 0.0364359
113.697 1.23842 0.0369904
114.435 1.26591 0.0375477
115.177 1.29399 0.038108
115.924 1.32268 0.038671
116.676 1.35197 0.039237
117.433 1.38189 0.0398058
118.195 1.41243 0.0403775
118.962 1.44361 0.0409521
119.734 1.47544 0.0415296
120.51 1.50792 0.04211
121.292 1.54107 0.0426933
122.079 1.5749 0.0432796
122.871 1.60941 0.0438687
123.668 1.64461 0.0444608
124.47 1.68052 0.0450558
125.278 1.71714 0.0456537
126.091 1.75449 0.0462546
126.909 1.79257 0.0468585
127.732 1.8314 0.0474653
128.561 1.87099 0.048075
129.395 1.91134 0.0486877
130.234 1.95247 0.0493034
131.079 1.99438 0.049922
131.929 2.0371 0.0505436
132.785 2.08062 0.0511682
133.646 2.12497 0.0517958
134.513 2.17015 0.0524263
135.386 2.21618 0.0530599
136.264 2.26306 0.0536964
137.148 2.31081 0.0543359
138.038 2.35944 0.0549784
138.934 2.40896 0.055624
139.835 2.45939 0.0562725
140.742 2.51073 0.056924
141.655 2.56301 0.0575785
142.574 2.61622 0.058236
143.499 2.67039 0.0588965
144.43 2.72553 0.05956
145.367 2.78165 0.0602265
146.31 2.83876 0.060896
147.259 2.89688 0.0615685
148.215 2.95602 0.062244
149.176 3.01619 0.0629225
150.144 3.07742 0.063604
151.118 3.1397 0.0642885
152.098 3.20306 0.064976
153.085 3.26752 0.0656664
154.078 3.33308 0.0663599
155.078 3.39976 0.0670563
156.084 3.46757 0.0677557
157.096 3.53653 0.0684581
158.115 3.60666 0.0691635
159.141 3.67797 0.0698718
160.173 3.75047 0.0705831
161.213 3.82418 0.0712973
162.258 3.89913 0.0720145
163.311 3.97531 0.0727346
164.37 4.05275 0.0734576
165.437 4.13147 0.0741836
166.51 4.21148 0.0749125
167.59 4.29279 0.0756443
168.678 4.37543 0.076379
169.772 4.45942 0.0771166
170.873 4.54476 0.0778571
171.982 4.63148 0.0786004
173.097 4.71959 0.0793466
174.22 4.80911 0.0800956
175.351 4.90006 0.0808475
176.488 4.99246 0.0816022
177.633 5.08632 0.0823597
178.785 5.18167 0.08312
179.945 5.27852 0.0838831
181.113 5.37689 0.0846489
182.288 5.4768 0.0854175
183.47 5.57826 0.0861888
184.66 5.68131 0.0869628
185.858 5.78595 0.0877396
187.064 5.89221 0.088519
188.278 6.00011 0.0893011
189.499 6.10966 0.0900858
190.728 6.22089 0.0908731
191.966 6.33382 0.091663
193.211 6.44847 0.0924555
194.464 6.56485 0.0932506
195.726 6.683 0.0940482
196.996 6.80292 0.0948483
198.274 6.92465 0.0956508
199.56 7.0482 0.0964559
200.855 7.1736 0.0972633
202.158 7.30086 0.0980732
203.469 7.43001 0.0988854
204.789 7.56108 0.0997
206.118 7.69407 0.100517
207.455 7.82903 0.101336
208.801 7.96596 0.102157
210.155 8.1049 0.102981
211.519 8.24586 0.103807
212.891 8.38887 0.104635
214.272 8.53396 0.105465
215.662 8.68114 0.106297
217.061 8.83044 0.107131
218.469 8.98189 0.107968
219.886 9.1355 0.108806
221.313 9.29131 0.109646
222.749 9.44934 0.110488
224.194 9.60961 0.111332
225.648 9.77214 0.112177
227.112 9.93698 0.113025
228.585 10.1041 0.113874
230.068 10.2736 0.114724
231.561 10.4455 0.115577
233.063 10.6198 0.11643
234.575 10.7964 0.117286
236.097 10.9756 0.118143
237.628 11.1572 0.119001
239.17 11.3413 0.11986
240.722 11.5279 0.120721
242.283 11.7171 0.121583
243.855 11.9089 0.122446
245.437 12.1033 0.12331
247.029 12.3003 0.124176
248.632 12.5 0.125042
250.245 12.7024 0.125909
251.868 12.9075 0.126777
253.502 13.1154 0.127646
255.147 13.326 0.128516
256.802 13.5395 0.129386
258.468 13.7557 0.130257
260.145 13.9749 0.131128
261.832 14.1969 0.131999
263.531 14.4219 0.132871
265.24 14.6498 0.133743
266.961 14.8807 0.134616
268.693 15.1145 0.135488
270.436 15.3515 0.136361
272.191 15.5915 0.137233
273.956 15.8346 0.138105
275.734 16.0808 0.138977
277.522 16.3302 0.139849
279.323 16.5827 0.14072
281.135 16.8385 0.14159
282.959 17.0975 0.14246
284.794 17.3599 0.143329
286.642 17.6255 0.144197
288.501 17.8944 0.145065
290.373 18.1667 0.145931
292.257 18.4424 0.146796
294.153 18.7216 0.14766
296.061 19.0042 0.148522
297.982 19.2903 0.149383
299.915 19.5799 0.150242
301.86 19.873 0.151099
303.819 20.1697 0.151955
305.79 20.4701 0.152808
307.773 20.7741 0.153659
309.77 21.0817 0.154508
311.78 21.3931 0.155355
313.802 21.7081 0.156199
315.838 22.027 0.15704
317.887 22.3496 0.157879
319.949 22.6761 0.158714
322.025 23.0064 0.159547
324.114 23.3405 0.160376
326.217 23.6786 0.161202
328.333 24.0206 0.162024
330.463 24.3666 0.162842
332.607 24.7166 0.163657
334.764 25.0706 0.164467
336.936 25.4286 0.165274
339.122 25.7908 0.166075
341.322 26.157 0.166873
343.536 26.5274 0.167665
345.765 26.902 0.168453
348.008 27.2807 0.169235
350.266 27.6636 0.170012
352.538 28.0508 0.170784
354.825 28.4423 0.17155
357.127 28.8381 0.17231
359.444 29.2381 0.173063
361.776 29.6426 0.173811
364.123 30.0514 0.174552
366.485 30.4646 0.175287
368.862 30.8822 0.176014
371.255 31.3042 0.176734
373.664 31.7307 0.177447
376.088 32.1617 0.178153
378.528 32.5973 0.17885
380.983 33.0373 0.17954
383.455 33.4819 0.180221
385.942 33.931 0.180893
388.446 34.3848 0.181557
390.966 34.8431 0.182212
393.502 35.3061 0.182857
396.055 35.7737 0.183493
398.625 36.246 0.184119
401.211 36.7229 0.184735
403.813 37.2045 0.185341
406.433 37.6908 0.185936
409.07 38.1818 0.18652
411.724 38.6776 0.187093
414.395 39.1781 0.187654
417.083 39.6833 0.188204
419.789 40.1932 0.188742
422.512 40.708 0.189267
425.253 41.2274 0.189779
428.012 41.7517 0.190279
430.788 42.2807 0.190765
433.583 42.8145 0.191237
436.396 43.353 0.191696
439.227 43.8964 0.19214
442.076 44.4445 0.19257
444.944 44.9973 0.192985
447.831 45.555 0.193384
450.736 46.1174 0.193768
453.66 46.6845 0.194135
456.603 47.2564 0.194486
459.565 47.8329 0.194821
462.547 48.4142 0.195138
465.547 49.0003 0.195438
468.567 49.5909 0.19572
471.607 50.1863 0.195984
474.667 50.7863 0.196229
477.746 51.3909 0.196454
480.845 52.0001 0.196661
483.965 52.6138 0.196847
487.104 53.2321 0.197014
490.264 53.8549 0.197159
493.445 54.4822 0.197283
496.646 55.1139 0.197386
499.868 55.75 0.197467
503.111 56.3904 0.197525
506.375 57.0352 0.197561
509.66 57.6842 0.197573
512.966 58.3374 0.197561
516.294 58.9948 0.197525
519.643 59.6563 0.197464
523.014 60.3218 0.197378
526.407 60.9913 0.197266
529.822 61.6647 0.197128
533.26 62.342 0.196963
536.719 63.023 0.196772
540.201 63.7078 0.196552
543.705 64.3962 0.196304
547.233 65.0881 0.196028
550.783 65.7835 0.195722
554.356 66.4822 0.195386
557.952 67.1842 0.195021
561.572 67.8894 0.194624
565.215 68.5977 0.194196
568.882 69.3089 0.193736
572.572 70.023 0.193243
576.287 70.7398 0.192718
580.025 71.4592 0.192159
583.788 72.1812 0.191566
587.575 72.9055 0.190938
591.387 73.632 0.190274
595.224 74.3607 0.189575
599.085 75.0913 0.188839
602.971 75.8237 0.188066
606.883 76.5578 0.187256
610.82 77.2934 0.186407
614.783 78.0303 0.185519
618.771 78.7683 0.184592
622.785 79.5074 0.183624
626.826 80.2472 0.182616
630.892 80.9877 0.181566
634.985 81.7286 0.180475
639.104 82.4697 0.17934
643.25 83.2108 0.178163
647.423 83.9517 0.176941
651.623 84.6922 0.175675
655.851 85.4321 0.174364
660.105 86.1711 0.173007
664.388 86.9089 0.171603
668.698 87.6454 0.170152
673.036 88.3803 0.168654
677.402 89.1133 0.167106
681.797 89.8442 0.16551
686.22 90.5726 0.163864
690.671 91.2983 0.162167
695.152 92.021 0.160419
699.662 92.7404 0.158619
704.201 93.4561 0.156767
708.769 94.1679 0.154861
713.367 94.8755 0.152902
717.995 95.5785 0.150888
722.653 96.2765 0.148819
727.341 96.9692 0.146694
732.06 97.6562 0.144513
736.809 98.3372 0.142274
741.589 99.0117 0.139977
746.4 99.6795 0.137622
751.242 100.34 0.135208
756.115 100.993 0.132733
761.021 101.638 0.130199
765.958 102.274 0.127603
770.927 102.902 0.124945
775.928 103.52 0.122224
780.962 104.128 0.119441
786.028 104.726 0.116593
791.127 105.313 0.113681
796.26 105.889 0.110705
801.425 106.453 0.107662
806.624 107.004 0.104553
811.857 107.543 0.101378
817.124 108.069 0.0981343
822.425 108.58 0.094823
827.76 109.077 0.0914429
833.13 109.559 0.0879937
838.535 110.025 0.0844746
843.975 110.475 0.0808851
849.45 110.907 0.0772247
854.961 111.323 0.0734928
860.507 111.72 0.069689
866.09 112.098 0.0658127
871.708 112.457 0.0618634
877.363 112.795 0.0578407
883.055 113.113 0.0537441
888.784 113.409 0.0495731
894.55 113.682 0.0453273
900.353 113.933 0.0410064
906.194 114.159 0.0366098
912.073 114.362 0.0321372
917.99 114.538 0.0275883
923.945 114.689 0.0229627
929.939 114.812 0.0182601
935.972 114.908 0.0134803
942.044 114.975 0.0086228
948.155 115.013 0.00368751
954.306 115.024 0
960.497 115.024 0
966.728 115.024 0
973 115.024 0
979.312 115.024 0
985.665 115.024 0
992.059 115.024 0
998.495 115.024 0
1004.97 115.024 0
1011.49 115.024 0
1018.05 115.024 0
1024.66 115.024 0
1031.31 115.024 0
1038 115.024 0
1044.73 115.024 0
1051.51 115.024 0
1058.33 115.024 0
1065.2 115.024 0
1072.11 115.024 0
1079.06 115.024 0
1086.06 115.024 0
1093.11 115.024 0
1100.2 115.024 0
1107.34 115.024 0
1114.52 115.024 0
1121.75 115.024 0
1129.03 115.024 0
1136.35 115.024 0
1143.72 115.024 0
1151.14 115.024 0
1158.61 115.024 0
1166.13 115.024 0
1173.69 115.024 0
1181.31 115.024 0
1188.97 115.024 0
1196.68 115.024 0
1204.45 115.024 0
1212.26 115.024 0
1220.12 115.024 0
1228.04 115.024 0
1236.01 115.024 0
1244.02 115.024 0
1252.09 115.024 0
1260.22 115.024 0
1268.39 115.024 0
1276.62 115.024 0
1284.9 115.024 0
1293.24 115.024 0
1301.63 115.024 0
1310.07 115.024 0
1318.57 115.024 0
1327.13 115.024 0
1335.74 115.024 0
1344.4 115.024 0
1353.12 115.024 0
1361.9 115.024 0
1370.74 115.024 0
1379.63 115.024 0
1388.58 115.024 0
1397.59 115.024 0
1406.65 115.024 0
1415.78 115.024 0
1424.96 115.024 0
1434.21 115.024 0
1443.51 115.024 0
1452.88 115.024 0
1462.3 115.024 0
1471.79 115.024 0
1481.34 115.024 0
1490.95 115.024 0
1500.62 115.024 0
1510.35 115.024 0
1520.15 115.024 0
1530.01 115.024 0
1539.94 115.024 0
1549.93 115.024 0
1559.98 115.024 0
1570.1 115.024 0
1580.29 115.024 0
1590.54 115.024 0
1600.86 115.024 0
1611.25 115.024 0
1621.7 115.024 0
1632.22 115.024 0
1642.81 115.024 0
1653.47 115.024 0
1664.19 115.024 0
1674.99 115.024 0
1685.85 115.024 0
1696.79 115.024 0
1707.8 115.024 0
1718.88 115.024 0
1730.03 115.024 0
1741.25 115.024 0
1752.55 115.024 0
1763.92 115.024 0
1775.36 115.024 0
1786.88 115.024 0
1798.47 115.024 0
1810.14 115.024 0
1821.88 115.024 0
1833.7 115.024 0
1845.6 115.024 0
1857.57 115.024 0
1869.62 115.024 0
1881.75 115.024 0
1893.96 115.024 0
1906.24 115.024 0
1918.61 115.024 0
1931.06 115.024 0
1943.58 115.024 0
1956.19 115.024 0
1968.88 115.024 0
1981.66 115.024 0
1994.51 115.024 0
2007.45 115.024 0
2020.47 115.024 0
2033.58 115.024 0
2046.77 115.024 0
2060.05 115.024 0
2073.42 115.024 0
2086.87 115.024 0
2100.41 115.024 0
2114.03 115.024 0
2127.75 115.024 0
2141.55 115.024 0
2155.44 115.024 0
2169.43 115.024 0
2183.5 115.024 0
2197.66 115.024 0
2211.92 115.024 0
2226.27 115.024 0
2240.71 115.024 0
2255.25 115.024 0
2269.88 115.024 0
2284.61 115.024 0
2299.43 115.024 0
2314.34 115.024 0
2329.36 115.024 0
2344.47 115.024 0
2359.68 115.024 0
2374.99 115.024 0
2390.39 115.024 0
2405.9 115.024 0
2421.51 115.024 0
2437.22 115.024 0
2453.03 115.024 0
2468.94 115.024 0
2484.96 115.024 0
2501.08 115.024 0
2517.31 115.024 0
2533.64 115.024 0
2550.07 115.024 0
2566.62 115.024 0
2583.27 115.024 0
2600.03 115.024 0
2616.89 115.024 0
2633.87 115.024 0
2650.96 115.024 0
2668.15 115.024 0
2685.46 115.024 0
2702.89 115.024 0
2720.42 115.277 0.0288977
2738.07 116.168 0.0720421
2755.83 117.819 0.113877
2773.71 120.216 0.154182
2791.7 123.337 0.192767
2809.81 127.161 0.229481
2828.04 131.66 0.264207
2846.39 136.807 0.296869
2864.85 142.571 0.327421
2883.44 148.921 0.355852
2902.15 155.823 0.38218
2920.97 163.247 0.406447
2939.92 171.16 0.428715
2958.99 179.531 0.449066
2978.19 188.329 0.467592
2997.51 197.525 0.484395
3016.96 207.092 0.499583
3036.53 217.004 0.513269
3056.23 227.236 0.525563
3076.05 237.766 0.536576
3096.01 248.571 0.546416
3116.1 259.634 0.555186
3136.31 270.936 0.562985
3156.66 282.461 0.569904
3177.14 294.195 0.57603
3197.75 306.123 0.581445
3218.49 318.235 0.58622
3239.37 330.519 0.590426
3260.39 342.965 0.594123
3281.54 355.566 0.597368
3302.83 368.313 0.600211
3324.25 381.201 0.602699
3345.82 394.222 0.604874
3367.52 407.371 0.606771
3389.37 420.645 0.608424
3411.36 434.039 0.609863
3433.49 447.549 0.611114
3455.76 461.174 0.6122
3478.18 474.909 0.613141
3500.75 488.753 0.613957
3523.46 502.705 0.614662
3546.31 516.761 0.615271
3569.32 530.922 0.615797
3592.48 545.187 0.616251
3615.78 559.553 0.616641
3639.24 574.022 0.616977
3662.85 588.591 0.617265
3686.61 603.262 0.617513
3710.53 618.033 0.617725
3734.6 632.905 0.617907
3758.82 647.877 0.618062
3783.21 662.95 0.618195
3807.75 678.124 0.618308
3832.45 693.399 0.618405
3857.32 708.775 0.618487
3882.34 724.253 0.618557
3907.53 739.832 0.618617
3932.88 755.515 0.618667
3958.39 771.3 0.61871
3984.07 787.189 0.618747
4009.92 803.181 0.618777
4035.93 819.278 0.618803
4062.11 835.48 0.618825
4088.47 851.788 0.618844
4114.99 868.202 0.61886
4141.68 884.723 0.618873
4168.55 901.351 0.618884
4195.6 918.088 0.618893
4222.81 934.933 0.618901
4250.21 951.888 0.618908
4277.78 968.953 0.618913
4305.53 986.129 0.618918
4333.46 1003.42 0.618922
4361.58 1020.82 0.618925
4389.87 1038.33 0.618927
4418.35 1055.95 0.61893
4447.01 1073.7 0.618932
4475.86 1091.55 0.618933
4504.9 1109.52 0.618934
4534.12 1127.61 0.618935
4563.54 1145.82 0.618936
4593.14 1164.14 0.618937
4622.94 1182.58 0.618938
4652.93 1201.15 0.618938
4683.12 1219.83 0.618939
4713.5 1238.63 0.618939
4744.08 1257.56 0.618939
4774.85 1276.61 0.618939
4805.83 1295.78 0.61894
4837.01 1315.08 0.61894
4868.39 1334.5 0.61894
4899.97 1354.05 0.61894
4931.76 1373.72 0.61894
4963.75 1393.52 0.61894
4995.95 1413.45 0.61894
5028.36 1433.51 0.61894
5060.98 1453.7 0.61894
5093.82 1474.03 0.61894
5126.86 1494.48 0.61894
5160.12 1515.06 0.61894
5193.6 1535.78 0.61894
5227.29 1556.64 0.618941
5261.2 1577.63 0.618941
5295.33 1598.75 0.618941
5329.68 1620.01 0.618941
5364.26 1641.41 0.618941
5399.06 1662.95 0.618941
5434.09 1684.63 0.618941
5469.34 1706.45 0.618941
5504.82 1728.41 0.618941
5540.53 1750.52 0.618941
5576.48 1772.76 0.618941
5612.65 1795.15 0.618941
5649.06 1817.69 0.618941
5685.71 1840.37 0.618941
5722.6 1863.2 0.618941
5759.72 1886.18 0.618941
5797.09 1909.31 0.618941
5834.69 1932.59 0.618941
5872.55 1956.01 0.618941
5910.64 1979.59 0.618941
5948.99 2003.33 0.618941
5987.58 2027.21 0.618941
6026.42 2051.25 0.618941
6065.52 2075.45 0.618941
6104.87 2099.81 0.618941
6144.47 2124.32 0.618941
6184.33 2148.99 0.618941
6224.45 2173.82 0.618941
6264.83 2198.82 0.618941
6305.48 2223.97 0.618941
6346.38 2249.29 0.618941
6387.55 2274.77 0.618941
6428.99 2300.42 0.618941
6470.7 2326.23 0.618941
6512.68 2352.22 0.618941
6554.93 2378.37 0.618941
6597.45 2404.69 0.618941
6640.25 2431.18 0.618941
6683.33 2457.84 0.618941
6726.69 2484.68 0.618941
6770.32 2511.68 0.618941
6814.25 2538.87 0.618941
6858.45 2566.23 0.618941
6902.95 2593.77 0.618941
6947.73 2621.49 0.618941
6992.8 2649.38 0.618941
7038.16 2677.46 0.618941
7083.82 2705.72 0.618941
7129.78 2734.17 0.618941
7176.03 2762.79 0.618941
7222.59 2791.61 0.618941
7269.44 2820.61 0.618941
7316.6 2849.8 0.618941
7364.07 2879.18 0.618941
7411.84 2908.74 0.618941
7459.92 2938.51 0.618941
7508.32 2968.46 0.618941
7557.03 2998.61 0.618941
7606.05 3028.95 0.618941
7655.39 3059.49 0.618941
7705.06 3090.23 0.618941
7755.04 3121.17 0.618941
7805.35 3152.31 0.618941
7855.99 3183.65 0.618941
7906.95 3215.19 0.618941
7958.25 3246.94 0.618941
8009.88 3278.89 0.618941
8061.84 3311.06 0.618941
8114.14 3343.43 0.618941
8166.78 3376.01 0.618941
8219.76 3408.8 0.618941
8273.08 3441.8 0.618941
8326.76 3475.02 0.618941
8380.77 3508.46 0.618941
8435.14 3542.11 0.618941
8489.86 3575.98 0.618941
8544.94 3610.07 0.618941
8600.38 3644.38 0.618941
8656.17 3678.91 0.618941
8712.32 3713.67 0.618941
8768.84 3748.65 0.618941
8825.73 3783.86 0.618941
8882.99 3819.3 0.618941
8940.61 3854.97 0.618941
8998.61 3890.86 0.618941
9056.99 3927 0.618941
9115.75 3963.36 0.618941
9174.89 3999.97 0.618941
9234.41 4036.8 0.618941
9294.31 4073.88 0.618941
9354.61 4111.2 0.618941
9415.29 4148.76 0.618941
9476.38 4186.57 0.618941
9537.85 4224.62 0.618941
9599.73 4262.92 0.618941
9662 4301.46 0.618941
9724.68 4340.26 0.618941
9787.77 4379.31 0.618941
9851.27 4418.61 0.618941
9915.18 4458.16 0.618941
9979.5 4497.97 0.618941
10044.2 4538.05 0.618941
10109.4 4578.38 0.618941
10175 4618.97 0.618941
10241 4659.82 0.618941
10307.4 4700.94 0.618941
10374.3 4742.33 0.618941
10441.6 4783.99 0.618941
10509.3 4825.91 0.618941
10577.5 4868.11 0.618941
10646.1 4910.58 0.618941
10715.2 4953.33 0.618941
10784.7 4996.35 0.618941
10854.7 5039.66 0.618941
10925.1 5083.24 0.618941
10996 5127.11 0.618941
11067.3 5171.26 0.618941
11139.1 5215.7 0.618941
11211.4 5260.43 0.618941
11284.1 5305.44 0.618941
11357.3 5350.75 0.618941
11431 5396.36 0.618941
11505.1 5442.25 0.618941
11579.8 5488.45 0.618941
11654.9 5534.95 0.618941
11730.5 5581.75 0.618941
11806.6 5628.85 0.618941
11883.2 5676.25 0.618941
11960.3 5723.97 0.618941
12037.9 5771.99 0.618941
12116 5820.33 0.618941
12194.6 5868.98 0.618941
12273.7 5917.94 0.618941
12353.3 5967.22 0.618941
12433.5 6016.83 0.618941
12514.1 6066.75 0.618941
12595.3 6117 0.618941
12677 6167.57 0.618941
12759.2 6218.47 0.618941
12842 6269.71 0.618941
12925.3 6321.27 0.618941
13009.2 6373.17 0.618941
13093.6 6425.4 0.618941
13178.5 6477.98 0.618941
13264 6530.89 0.618941
13350.1 6584.15 0.618941
13436.7 6637.76 0.618941
13523.8 6691.71 0.618941
13611.6 6746.01 0.618941
13699.9 6800.67 0.618941
13788.8 6855.67 0.618941
13878.2 6911.04 0.618941
13968.2 6966.77 0.618941
14058.9 7022.85 0.618941
14150.1 7079.3 0.618941
14241.9 7136.12 0.618941
14334.2 7193.3 0.618941
14427.2 7250.86 0.618941
14520.8 7308.79 0.618941
14615 7367.09 0.618941
14709.8 7425.78 0.618941
14805.3 7484.84 0.618941
14901.3 7544.29 0.618941
14998 7604.12 0.618941
15095.3 7664.34 0.618941
15193.2 7724.96 0.618941
15291.8 7785.96 0.618941
15391 7847.36 0.618941
15490.8 7909.16 0.618941
15591.3 7971.36 0.618941
15692.5 8033.97 0.618941
15794.3 8096.98 0.618941
15896.7 8160.39 0.618941
15999.9 8224.22 0.618941
16103.7 8288.47 0.618941
16208.1 8353.13 0.618941
16313.3 8418.21 0.618941
16419.1 8483.71 0.618941
16525.6 8549.64 0.618941
16632.8 8615.99 0.618941
16740.7 8682.78 0.618941
16849.3 8750 0.618941
16958.7 8817.65 0.618941
17068.7 8885.75 0.618941
17179.4 8954.28 0.618941
17290.8 9023.26 0.618941
17403 9092.69 0.618941
17515.9 9162.57 0.618941
17629.6 9232.9 0.618941
17743.9 9303.69 0.618941
17859 9374.93 0.618941
17974.9 9446.64 0.618941
18091.5 9518.82 0.618941
18208.9 9591.46 0.618941
18327 9664.57 0.618941
18445.9 9738.16 0.618941
18565.5 9812.23 0.618941
18686 9886.77 0.618941
18807.2 9961.8 0.618941
18929.2 10037.3 0.618941
19052 10113.3 0.618941
19175.6 10189.8 0.618941
19300 10266.8 0.618941
19425.2 10344.3 0.618941
19551.2 10422.3 0.618941
19678.1 10500.8 0.618941
19805.7 10579.8 0.618941
19934.2 10659.4 0.618941
20063.5 10739.4 0.618941
20193.7 10820 0.618941
20324.7 10901 0.618941
20456.6 10982.7 0.618941
20589.3 11064.8 0.618941
20722.8 11147.5 0.618941
20857.3 11230.7 0.618941
20992.6 11314.4 0.618941
21128.8 11398.7 0.618941
21265.8 11483.5 0.618941
21403.8 11568.9 0.618941
21542.7 11654.9 0.618941
21682.4 11741.4 0.618941
21823.1 11828.4 0.618941
21964.6 11916.1 0.618941
22107.1 12004.3 0.618941
22250.6 12093 0.618941
22394.9 12182.4 0.618941
22540.2 12272.3 0.618941
22686.4 12362.8 0.618941
22833.6 12453.9 0.618941
22981.7 12545.6 0.618941
23130.8 12637.9 0.618941
23280.9 12730.7 0.618941
23431.9 12824.2 0.618941
23583.9 12918.3 0.618941
23736.9 13013 0.618941
23890.9 13108.3 0.618941
24045.9 13204.2 0.618941
24201.9 13300.8 0.618941
24358.9 13398 0.618941
24516.9 13495.8 0.618941
24676 13594.2 0.618941
24836 13693.3 0.618941
24997.2 13793 0.618941
25159.3 13893.4 0.618941
25322.5 13994.4 0.618941
25486.8 14096.1 0.618941
25652.2 14198.4 0.618941
25818.6 14301.4 0.618941
25986.1 14405.1 0.618941
26154.7 14509.4 0.618941
26324.3 14614.4 0.618941
26495.1 14720.1 0.618941
26667 14826.5 0.618941
26840 14933.6 0.618941
27014.1 15041.4 0.618941
27189.4 15149.8 0.618941
27365.7 15259 0.618941
27543.3 15368.9 0.618941
27722 15479.5 0.618941
27901.8 15590.8 0.618941
28082.8 15702.8 0.618941
28265 15815.6 0.618941
28448.4 15929.1 0.618941
28632.9 16043.3 0.618941
28818.7 16158.3 0.618941
29005.6 16274 0.618941
29193.8 16390.5 0.618941
29383.2 16507.7 0.618941
29573.8 16625.7 0.618941
29765.7 16744.4 0.618941
29958.8 16863.9 0.618941
30153.1 16984.2 0.618941
30348.7 17105.3 0.618941
30545.6 17227.2 0.618941
30743.8 17349.8 0.618941
30943.2 17473.3 0.618941
31143.9 17597.5 0.618941
31346 17722.6 0.618941
31549.3 17848.4 0.618941
31754 17975.1 0.618941
31960 18102.6 0.618941
32167.3 18230.9 0.618941
32376 18360.1 0.618941
32586.1 18490.1 0.618941
32797.5 18620.9 0.618941
33010.2 18752.6 0.618941
33224.4 18885.2 0.618941
33439.9 19018.6 0.618941
33656.9 19152.8 0.618941
33875.2 19288 0.618941
34095 19424 0.618941
34316.1 19560.9 0.618941
34538.8 19698.7 0.618941
34762.8 19837.4 0.618941
34988.3 19977 0.618941
35215.3 20117.5 0.618941
35443.8 20258.9 0.618941
35673.7 20401.2 0.618941
35905.1 20544.4 0.618941
36138.1 20688.6 0.618941
36372.5 20833.7 0.618941
36608.5 20979.7 0.618941
36846 21126.7 0.618941
37085 21274.7 0.618941
37325.6 21423.6 0.618941
37567.7 21573.5 0.618941
37811.4 21724.3 0.618941
38056.7 21876.1 0.618941
38303.6 22028.9 0.618941
38552.1 22182.7 0.618941
38802.2 22337.5 0.618941
39053.9 22493.3 0.618941
39307.3 22650.1 0.618941
39562.3 22808 0.618941
39819 22966.8 0.618941
40077.3 23126.7 0.618941
40337.3 23287.6 0.618941
40599 23449.6 0.618941
40862.3 23612.6 0.618941
41127.4 23776.7 0.618941
41394.2 23941.8 0.618941
41662.8 24108 0.618941
41933.1 24275.3 0.618941
42205.1 24443.7 0.618941
42478.9 24613.2 0.618941
42754.5 24783.7 0.618941
43031.8 24955.4 0.618941
43311 25128.2 0.618941
43592 25302.1 0.618941
43874.8 25477.1 0.618941
44159.4 25653.3 0.618941
44445.9 25830.6 0.618941
44734.2 26009.1 0.618941
45024.4 26188.7 0.618941
45316.5 26369.5 0.618941
45610.5 26551.4 0.618941
45906.4 26734.6 0.618941
46204.2 26918.9 0.618941
46503.9 27104.4 0.618941
46805.6 27291.2 0.618941
47109.3 27479.1 0.618941
47414.9 27668.2 0.618941
47722.5 27858.6 0.618941
48032.1 28050.3 0.618941
48343.7 28243.1 0.618941
48657.3 28437.2 0.618941
48972.9 28632.6 0.618941
49290.7 28829.2 0.618941
49610.4 29027.2 0.618941
49932.3 29226.4 0.618941
50256.2 29426.8 0.618941
50582.2 29628.6 0.618941
50910.4 29831.7 0.618941
51240.6 30036.2 0.618941
51573.1 30241.9 0.618941
51907.6 30449 0.618941
52244.4 30657.4 0.618941
52583.3 30867.2 0.618941
52924.4 31078.3 0.618941
53267.8 31290.8 0.618941
53613.3 31504.7 0.618941
53961.1 31720 0.618941
54311.2 31936.7 0.618941
54663.5 32154.7 0.618941
55018.2 32374.2 0.618941
55375.1 32595.1 0.618941
55734.3 32817.5 0.618941
56095.9 33041.3 0.618941
