5.78741e-09 5.95396e-15 4.29514e-06
5.8738e-08 3.33166e-13 8.58285e-06
5.86595e-07 1.45059e-11 3.56977e-05
4.6076e-06 3.38009e-10 8.97843e-05
5.86875e-06 4.61297e-10 0.000114002
2.3369e-05 3.31505e-09 0.000192532
7.39119e-05 1.62978e-08 0.000292274
0.000147358 4.17301e-08 0.000330144
0.000152693 4.34471e-08 0.000292479
0.000165528 4.67976e-08 0.000304172
0.000294481 1.01986e-07 0.000463041
0.000466785 1.89679e-07 0.00054542
0.000739961 3.52227e-07 0.00041641
0.000792747 3.70702e-07 0.000446592
0.000859333 4.13069e-07 0.00055442
0.000931697 4.48502e-07 0.00055104
0.00117285 6.10601e-07 0.000697128
0.00147667 8.31244e-07 0.000750516
0.0017323 1.02935e-06 0.000535855
0.00185963 1.08409e-06 0.000525282
0.00294795 2.00733e-06 0.000908255
0.00467391 3.71532e-06 0.00105104
0.00633042 5.56999e-06 0.00091467
0.0070765 6.16755e-06 0.00093479
0.00933155 8.92099e-06 0.00127133
0.0117504 1.21316e-05 0.00137956
0.0154948 1.7543e-05 0.00122736
0.0177925 2.00421e-05 0.00125466
0.0234638 2.89812e-05 0.00164107
0.0295474 3.94039e-05 0.00177172
0.0354913 5.03041e-05 0.00128079
0.0389653 5.38549e-05 0.00125817
0.0549487 8.51279e-05 0.00191362
0.0590129 9.27925e-05 0.00199187
0.0713035 0.000119369 0.00114686
0.0787306 0.000125461 0.00110854
0.10265 0.000178607 0.00176378
0.112568 0.000193736 0.00180901
0.132297 0.000240204 0.00240921
0.146764 0.000275794 0.00181491
0.15911 0.000293738 0.00177613
0.191354 0.000375514 0.00260957
0.227502 0.000472769 0.000973271
0.245257 0.000484229 0.000805937
0.256566 0.000495831 0.00103354
0.268397 0.000508152 0.00104919
0.280773 0.000521236 0.00106507
0.293719 0.00053513 0.0010812
0.307263 0.000549885 0.00109757
0.321432 0.000565555 0.00111419
0.336253 0.000582195 0.00113106
0.351758 0.000599866 0.00114818
0.367978 0.000618631 0.00116556
0.384946 0.000638559 0.00118321
0.402697 0.000659722 0.00120112
0.421266 0.000682195 0.00121931
0.440691 0.000706061 0.00123777
0.461012 0.000731406 0.00125651
0.48227 0.00075832 0.00127553
0.504508 0.000786902 0.00129484
0.527771 0.000817254 0.00131445
0.552107 0.000849487 0.00133435
0.577566 0.000883717 0.00135455
0.604198 0.000920067 0.00137506
0.632059 0.000958668 0.00139588
0.661204 0.000999662 0.00141701
0.691693 0.00104319 0.00143847
0.723588 0.00108942 0.00146024
0.756953 0.00113852 0.00148235
0.791857 0.00119065 0.00150479
0.828371 0.00124602 0.00152758
0.866568 0.00130481 0.00155071
0.906527 0.00136725 0.00157418
0.948328 0.00143355 0.00159802
0.992057 0.00150396 0.00162221
1.0378 0.00157874 0.00164677
1.08566 0.00165815 0.0016717
1.13572 0.00174247 0.00169701
1.18809 0.00183202 0.00172271
1.24287 0.00192712 0.00174879
1.30018 0.00202811 0.00177526
1.36014 0.00213535 0.00180214
1.42285 0.00224924 0.00182943
1.48846 0.00237018 0.00185712
1.5571 0.00249862 0.00188524
1.6289 0.00263501 0.00191378
1.70401 0.00277985 0.00194276
1.78258 0.00293367 0.00197217
1.86478 0.00309701 0.00200203
1.95077 0.00327047 0.00203234
2.04072 0.00345468 0.00206311
2.13482 0.0036503 0.00209435
2.23326 0.00385804 0.00212606
2.33624 0.00407865 0.00215824
2.44396 0.00431292 0.00219092
2.55666 0.00456171 0.00222409
2.67455 0.00482591 0.00225776
2.79788 0.00510648 0.00229195
2.92689 0.00540443 0.00232665
3.06185 0.00572083 0.00236187
3.20304 0.00605684 0.00239763
3.35074 0.00641366 0.00243393
3.50524 0.00679259 0.00247078
3.66688 0.00719499 0.00250819
3.83596 0.00762232 0.00254616
4.01284 0.00807613 0.00258471
4.19788 0.00855804 0.00262385
4.39145 0.00906982 0.00266357
4.59395 0.00961329 0.0027039
4.80578 0.0101904 0.00274483
5.02738 0.0108033 0.00278639
5.2592 0.0114542 0.00282858
5.50171 0.0121454 0.0028714
5.7554 0.0128794 0.00291488
6.02079 0.0136589 0.00295901
6.29841 0.0144866 0.00300381
6.58884 0.0153657 0.00304928
6.89266 0.0162992 0.00309545
7.21049 0.0172905 0.00314232
7.54298 0.0183433 0.00318989
7.8908 0.0194612 0.00323819
8.25465 0.0206484 0.00328721
8.63529 0.0219092 0.00333698
9.03347 0.0232481 0.0033875
9.45002 0.0246699 0.00343879
9.88577 0.0261798 0.00349085
10.3416 0.0277832 0.00354371
10.8185 0.029486 0.00359736
11.3173 0.0312942 0.00365182
11.8392 0.0332145 0.00370711
12.3851 0.0352537 0.00376324
12.9562 0.0374193 0.00382021
13.5536 0.039719 0.00387805
14.1786 0.0421611 0.00393677
14.8324 0.0447546 0.00399637
15.5164 0.0475087 0.00405687
16.2318 0.0504335 0.00411829
16.9803 0.0535394 0.00418065
17.7633 0.0568378 0.00424394
18.5824 0.0603405 0.0043082
19.4392 0.0640601 0.00437342
20.3356 0.0680102 0.00443964
21.2733 0.072205 0.00450685
22.2543 0.0766597 0.00457509
23.2804 0.0813904 0.00464435
24.3539 0.0864141 0.00471467
25.4769 0.091749 0.00478605
26.6517 0.0974144 0.00485851
27.8806 0.103431 0.00493207
29.1662 0.10982 0.00500674
30.5111 0.116605 0.00508254
31.9181 0.12381 0.00515949
33.3898 0.131462 0.00523761
34.9295 0.139587 0.00531691
36.5401 0.148216 0.0053974
38.225 0.15738 0.00547912
39.9877 0.167111 0.00556208
41.8315 0.177445 0.00564629
43.7605 0.188419 0.00573177
45.7783 0.200073 0.00581855
47.8892 0.212449 0.00590664
50.0974 0.225592 0.00599607
52.4075 0.239549 0.00608685
54.8241 0.254371 0.00617901
57.3521 0.27011 0.00627256
59.9967 0.286825 0.00636752
62.7632 0.304575 0.00646393
65.6573 0.323425 0.00656179
68.6849 0.343443 0.00666114
71.852 0.364701 0.00676199
75.1652 0.387275 0.00686552
75.1652 0.387275 0.00686451
75.6528 0.390718 0.00725634
76.1436 0.394376 0.00765043
76.6376 0.398253 0.0080468
77.1348 0.402353 0.00844546
77.6352 0.406679 0.00884642
78.1388 0.411236 0.00924969
78.6457 0.416028 0.00965529
79.1559 0.421058 0.0100632
79.6694 0.426331 0.0104735
80.1863 0.431851 0.0108861
80.7065 0.437622 0.0113011
81.23 0.443648 0.0117185
81.757 0.449934 0.0121382
82.2874 0.456484 0.0125604
82.8212 0.463302 0.0129849
83.3585 0.470394 0.0134119
83.8993 0.477763 0.0138413
84.4436 0.485414 0.0142732
84.9914 0.493352 0.0147075
85.5428 0.501581 0.0151442
86.0977 0.510107 0.0155835
86.6563 0.518935 0.0160252
87.2184 0.528069 0.0164694
87.7842 0.537514 0.0169161
88.3537 0.547275 0.0173654
88.9269 0.557358 0.0178171
89.5038 0.567768 0.0182714
90.0845 0.57851 0.0187283
90.6689 0.589589 0.0191877
91.2571 0.601011 0.0196497
91.8491 0.612781 0.0201142
92.4449 0.624906 0.0205814
93.0447 0.63739 0.0210511
93.6483 0.650239 0.0215235
94.2558 0.66346 0.0219985
94.8673 0.677057 0.0224761
95.4827 0.691037 0.0229564
96.1021 0.705407 0.0234393
96.7256 0.720172 0.0239249
97.3531 0.735337 0.0244131
97.9847 0.750911 0.0249041
98.6203 0.766898 0.0253977
99.2601 0.783306 0.0258941
99.904 0.800141 0.0263931
100.552 0.817409 0.0268949
101.204 0.835118 0.0273995
101.861 0.853274 0.0279067
102.522 0.871883 0.0284168
103.187 0.890954 0.0289296
103.856 0.910492 0.0294451
104.53 0.930505 0.0299635
105.208 0.951001 0.0304847
105.891 0.971986 0.0310086
106.578 0.993468 0.0315354
107.269 1.01546 0.032065
107.965 1.03795 0.0325975
108.665 1.06097 0.0331327
109.37 1.08452 0.0336709
110.08 1.1086 0.0342119
110.794 1.13323 0.0347557
111.513 1.15841 0.0353025
112.236 1.18414 0.0358521
112.964 1.21045 0.0364047
113.697 1.23733 0.0369601
114.435 1.2648 0.0375185
115.177 1.29286 0.0380798
115.924 1.32152 0.038644
116.676 1.3508 0.0392112
117.433 1.38069 0.0397813
118.195 1.41122 0.0403544
118.962 1.44238 0.0409305
119.734 1.47419 0.0415095
120.51 1.50666 0.0420915
121.292 1.5398 0.0426765
122.079 1.57361 0.0432645
122.871 1.60811 0.0438555
123.668 1.6433 0.0444496
124.47 1.6792 0.0450466
125.278 1.71582 0.0456467
126.091 1.75316 0.0462498
126.909 1.79124 0.0468559
127.732 1.83007 0.0474651
128.561 1.86966 0.0480774
129.395 1.91001 0.0486927
130.234 1.95114 0.0493111
131.079 1.99307 0.0499325
131.929 2.03579 0.0505571
132.785 2.07933 0.0511847
133.646 2.1237 0.0518154
134.513 2.1689 0.0524492
135.386 2.21494 0.0530861
136.264 2.26185 0.0537261
137.148 2.30963 0.0543693
138.038 2.35829 0.0550155
138.934 2.40785 0.0556649
139.835 2.45831 0.0563173
140.742 2.5097 0.056973
141.655 2.56202 0.0576317
142.574 2.61528 0.0582936
143.499 2.66951 0.0589586
144.43 2.7247 0.0596267
145.367 2.78089 0.060298
146.31 2.83807 0.0609725
147.259 2.89626 0.06165
148.215 2.95548 0.0623308
149.176 3.01575 0.0630146
150.144 3.07706 0.0637017
151.118 3.13944 0.0643919
152.098 3.20291 0.0650852
153.085 3.26748 0.0657817
154.078 3.33315 0.0664813
155.078 3.39996 0.0671841
156.084 3.4679 0.0678901
157.096 3.537 0.0685992
158.115 3.60728 0.0693114
159.141 3.67874 0.0700268
160.173 3.75141 0.0707453
161.213 3.82529 0.071467
162.258 3.90042 0.0721918
163.311 3.97679 0.0729198
164.37 4.05443 0.0736509
165.437 4.13336 0.0743851
166.51 4.21359 0.0751224
167.59 4.29514 0.0758629
168.678 4.37802 0.0766065
169.772 4.46226 0.0773532
170.873 4.54787 0.078103
171.982 4.63486 0.0788559
173.097 4.72326 0.0796118
174.22 4.81309 0.0803709
175.351 4.90436 0.081133
176.488 4.99709 0.0818982
177.633 5.09129 0.0826665
178.785 5.187 0.0834378
179.945 5.28423 0.0842121
181.113 5.38299 0.0849895
182.288 5.4833 0.0857699
183.47 5.58519 0.0865533
184.66 5.68868 0.0873397
185.858 5.79378 0.088129
187.064 5.90052 0.0889214
188.278 6.00891 0.0897167
189.499 6.11898 0.0905149
190.728 6.23075 0.091316
191.966 6.34423 0.0921201
193.211 6.45946 0.092927
194.464 6.57644 0.0937368
195.726 6.69521 0.0945495
196.996 6.81578 0.095365
198.274 6.93818 0.0961833
199.56 7.06243 0.0970045
200.855 7.18854 0.0978284
202.158 7.31655 0.098655
203.469 7.44648 0.0994844
204.789 7.57835 0.100317
206.118 7.71217 0.101151
207.455 7.84799 0.101989
208.801 7.98582 0.102829
210.155 8.12567 0.103672
211.519 8.26759 0.104517
212.891 8.41159 0.105365
214.272 8.5577 0.106215
215.662 8.70593 0.107068
217.061 8.85633 0.107923
218.469 9.00891 0.108781
219.886 9.16369 0.109641
221.313 9.32071 0.110504
222.749 9.47998 0.111369
224.194 9.64154 0.112236
225.648 9.80541 0.113105
227.112 9.97162 0.113977
228.585 10.1402 0.114851
230.068 10.3112 0.115727
231.561 10.4845 0.116605
233.063 10.6604 0.117485
234.575 10.8387 0.118368
236.097 11.0195 0.119252
237.628 11.2028 0.120138
239.17 11.3887 0.121026
240.722 11.5772 0.121916
242.283 11.7682 0.122808
243.855 11.962 0.123701
245.437 12.1584 0.124596
247.029 12.3575 0.125493
248.632 12.5593 0.126391
250.245 12.7639 0.127291
251.868 12.9713 0.128192
253.502 13.1815 0.129095
255.147 13.3945 0.129999
256.802 13.6104 0.130905
258.468 13.8293 0.131811
260.145 14.0511 0.132719
261.832 14.2758 0.133628
263.531 14.5036 0.134538
265.24 14.7343 0.135449
266.961 14.9682 0.136361
268.693 15.2052 0.137274
270.436 15.4452 0.138187
272.191 15.6885 0.139101
273.956 15.9349 0.140016
275.734 16.1846 0.140931
277.522 16.4375 0.141847
279.323 16.6937 0.142763
281.135 16.9532 0.143679
282.959 17.2161 0.144595
284.794 17.4823 0.145512
286.642 17.752 0.146429
288.501 18.0252 0.147345
290.373 18.3018 0.148262
292.257 18.582 0.149178
294.153 18.8657 0.150093
296.061 19.153 0.151009
297.982 19.4439 0.151923
299.915 19.7384 0.152837
301.86 20.0367 0.153751
303.819 20.3387 0.154663
305.79 20.6444 0.155574
307.773 20.9539 0.156485
309.77 21.2673 0.157394
311.78 21.5845 0.158301
313.802 21.9056 0.159208
315.838 22.2306 0.160112
317.887 22.5596 0.161015
319.949 22.8926 0.161917
322.025 23.2296 0.162816
324.114 23.5707 0.163713
326.217 23.9159 0.164608
328.333 24.2652 0.1655
330.463 24.6186 0.16639
332.607 24.9763 0.167277
334.764 25.3382 0.168162
336.936 25.7043 0.169044
339.122 26.0748 0.169922
341.322 26.4496 0.170797
343.536 26.8287 0.171669
345.765 27.2123 0.172538
348.008 27.6003 0.173402
350.266 27.9927 0.174263
352.538 28.3897 0.175119
354.825 28.7912 0.175972
357.127 29.1972 0.17682
359.444 29.6079 0.177663
361.776 30.0231 0.178501
364.123 30.443 0.179335
366.485 30.8676 0.180163
368.862 31.2969 0.180987
371.255 31.731 0.181804
373.664 32.1699 0.182616
376.088 32.6135 0.183422
378.528 33.062 0.184222
380.983 33.5154 0.185015
383.455 33.9736 0.185802
385.942 34.4368 0.186582
388.446 34.9049 0.187355
390.966 35.378 0.188121
393.502 35.8561 0.188879
396.055 36.3392 0.189629
398.625 36.8274 0.190372
401.211 37.3207 0.191107
403.813 37.819 0.191833
406.433 38.3225 0.19255
409.07 38.8311 0.193258
411.724 39.3449 0.193958
414.395 39.8639 0.194647
417.083 40.3881 0.195328
419.789 40.9175 0.195998
422.512 41.4522 0.196658
425.253 41.9921 0.197307
428.012 42.5373 0.197945
430.788 43.0878 0.198573
433.583 43.6436 0.199189
436.396 44.2047 0.199793
439.227 44.7712 0.200385
442.076 45.343 0.200965
444.944 45.9202 0.201533
447.831 46.5027 0.202087
450.736 47.0906 0.202628
453.66 47.6839 0.203156
456.603 48.2825 0.203669
459.565 48.8866 0.204169
462.547 49.496 0.204653
465.547 50.1108 0.205123
468.567 50.731 0.205578
471.607 51.3566 0.206016
474.667 51.9875 0.206439
477.746 52.6238 0.206846
480.845 53.2655 0.207235
483.965 53.9125 0.207608
487.104 54.5649 0.207963
490.264 55.2226 0.2083
493.445 55.8856 0.208618
496.646 56.5539 0.208918
499.868 57.2275 0.209199
503.111 57.9063 0.20946
506.375 58.5903 0.209702
509.66 59.2796 0.209923
512.966 59.974 0.210123
516.294 60.6735 0.210302
519.643 61.3782 0.210459
523.014 62.0879 0.210594
526.407 62.8026 0.210707
529.822 63.5223 0.210796
533.26 64.247 0.210862
536.719 64.9765 0.210905
540.201 65.7109 0.210922
543.705 66.4501 0.210915
547.233 67.194 0.210882
550.783 67.9425 0.210823
554.356 68.6956 0.210738
557.952 69.4533 0.210626
561.572 70.2155 0.210487
565.215 70.982 0.21032
568.882 71.7528 0.210124
572.572 72.5279 0.209899
576.287 73.3071 0.209645
580.025 74.0903 0.20936
583.788 74.8775 0.209045
587.575 75.6685 0.208699
591.387 76.4633 0.208321
595.224 77.2618 0.207911
599.085 78.0638 0.207468
602.971 78.8692 0.206992
606.883 79.6778 0.206481
610.82 80.4897 0.205936
614.783 81.3046 0.205356
618.771 82.1224 0.20474
622.785 82.9429 0.204087
626.826 83.7661 0.203398
630.892 84.5917 0.202671
634.985 85.4197 0.201906
639.104 86.2497 0.201102
643.25 87.0818 0.200258
647.423 87.9156 0.199374
651.623 88.7511 0.19845
655.851 89.5879 0.197484
660.105 90.426 0.196476
664.388 91.2651 0.195426
668.698 92.1051 0.194332
673.036 92.9457 0.193194
677.402 93.7866 0.192011
681.797 94.6277 0.190784
686.22 95.4687 0.18951
690.671 96.3094 0.188189
695.152 97.1496 0.186821
699.662 97.9889 0.185405
704.201 98.8271 0.18394
708.769 99.664 0.182426
713.367 100.499 0.180862
717.995 101.332 0.179247
722.653 102.163 0.17758
727.341 102.992 0.175861
732.06 103.818 0.174089
736.809 104.64 0.172264
741.589 105.459 0.170384
746.4 106.274 0.16845
751.242 107.085 0.166459
756.115 107.891 0.164412
761.021 108.692 0.162308
765.958 109.488 0.160146
770.927 110.279 0.157926
775.928 111.063 0.155646
780.962 111.84 0.153307
786.028 112.611 0.150906
791.127 113.374 0.148445
796.26 114.13 0.145921
801.425 114.877 0.143334
806.624 115.615 0.140685
811.857 116.344 0.13797
817.124 117.063 0.135191
822.425 117.773 0.132347
827.76 118.471 0.129436
833.13 119.158 0.126459
838.535 119.833 0.123414
843.975 120.496 0.1203
849.45 121.146 0.117118
854.961 121.783 0.113867
860.507 122.405 0.110545
866.09 123.013 0.107153
871.708 123.605 0.103689
877.363 124.181 0.100153
883.055 124.741 0.0965442
888.784 125.284 0.0928624
894.55 125.808 0.0891069
900.353 126.314 0.085277
906.194 126.801 0.0813722
912.073 127.267 0.077392
917.99 127.713 0.0733357
923.945 128.138 0.0692029
929.939 128.54 0.0649931
935.972 128.919 0.0607058
942.044 129.275 0.0563405
948.155 129.605 0.0518968
954.306 129.911 0.0473742
960.497 130.19 0.0427723
966.728 130.442 0.0380907
973 130.666 0.033329
979.312 130.861 0.028487
985.665 131.026 0.0235641
992.059 131.161 0.0185602
998.495 131.264 0.0134749
1004.97 131.334 0.00830795
1011.49 131.371 0.00305913
1018.05 131.381 0
1024.66 131.381 0
1031.31 131.381 0
1038 131.381 0
1044.73 131.381 0
1051.51 131.381 0
1058.33 131.381 0
1065.2 131.381 0
1072.11 131.381 0
1079.06 131.381 0
1086.06 131.381 0
1093.11 131.381 0
1100.2 131.381 0
1107.34 131.381 0
1114.52 131.381 0
1121.75 131.381 0
1129.03 131.381 0
1136.35 131.381 0
1143.72 131.381 0
1151.14 131.381 0
1158.61 131.381 0
1166.13 131.381 0
1173.69 131.381 0
1181.31 131.381 0
1188.97 131.381 0
1196.68 131.381 0
1204.45 131.381 0
1212.26 131.381 0
1220.12 131.381 0
1228.04 131.381 0
1236.01 131.381 0
1244.02 131.381 0
1252.09 131.381 0
1260.22 131.381 0
1268.39 131.381 0
1276.62 131.381 0
1284.9 131.381 0
1293.24 131.381 0
1301.63 131.381 0
1310.07 131.381 0
1318.57 131.381 0
1327.13 131.381 0
1335.74 131.381 0
1344.4 131.381 0
1353.12 131.381 0
1361.9 131.381 0
1370.74 131.381 0
1379.63 131.381 0
1388.58 131.381 0
1397.59 131.381 0
1406.65 131.381 0
1415.78 131.381 0
1424.96 131.381 0
1434.21 131.381 0
1443.51 131.381 0
1452.88 131.381 0
1462.3 131.381 0
1471.79 131.381 0
1481.34 131.381 0
1490.95 131.381 0
1500.62 131.381 0
1510.35 131.381 0
1520.15 131.381 0
1530.01 131.381 0
1539.94 131.381 0
1549.93 131.381 0
1559.98 131.381 0
1570.1 131.381 0
1580.29 131.381 0
1590.54 131.381 0
1600.86 131.381 0
1611.25 131.381 0
1621.7 131.381 0
1632.22 131.381 0
1642.81 131.381 0
1653.47 131.381 0
1664.19 131.381 0
1674.99 131.381 0
1685.85 131.381 0
1696.79 131.381 0
1707.8 131.381 0
1718.88 131.381 0
1730.03 131.381 0
1741.25 131.381 0
1752.55 131.381 0
1763.92 131.381 0
1775.36 131.381 0
1786.88 131.381 0
1798.47 131.381 0
1810.14 131.381 0
1821.88 131.381 0
1833.7 131.381 0
1845.6 131.381 0
1857.57 131.381 0
1869.62 131.381 0
1881.75 131.381 0
1893.96 131.381 0
1906.24 131.381 0
1918.61 131.381 0
1931.06 131.381 0
1943.58 131.381 0
1956.19 131.381 0
1968.88 131.381 0
1981.66 131.381 0
1994.51 131.381 0
2007.45 131.381 0
2020.47 131.381 0
2033.58 131.381 0
2046.77 131.381 0
2060.05 131.381 0
2073.42 131.381 0
2086.87 131.381 0
2100.41 131.381 0
2114.03 131.381 0
2127.75 131.381 0
2141.55 131.381 0
2155.44 131.381 0
2169.43 131.381 0
2183.5 131.381 0
2197.66 131.381 0
2211.92 131.381 0
2226.27 131.381 0
2240.71 131.381 0
2255.25 131.381 0
2269.88 131.381 0
2284.61 131.381 0
2299.43 131.381 0
2314.34 131.381 0
2329.36 131.381 0
2344.47 131.381 0
2359.68 131.381 0
2374.99 131.381 0
2390.39 131.381 0
2405.9 131.381 0
2421.51 131.381 0
2437.22 131.381 0
2453.03 131.381 0
2468.94 131.381 0
2484.96 131.381 0
2501.08 131.381 0
2517.31 131.381 0
2533.64 131.381 0
2550.07 131.381 0
2566.62 131.381 0
2583.27 131.381 0
2600.03 131.381 0
2616.89 131.381 0
2633.87 131.381 0
2650.96 131.381 0
2668.15 131.381 0
2685.46 131.381 0
2702.89 131.381 0
2720.42 131.381 0
2738.07 131.381 0
2755.83 131.381 0
2773.71 131.381 0
2791.7 131.381 0
2809.81 131.381 0
2828.04 131.381 0
2846.39 131.381 0
2864.85 131.381 0
2883.44 131.836 0.0489638
2902.15 133.228 0.0998518
2920.97 135.584 0.150448
2939.92 138.909 0.200488
2958.99 143.203 0.249717
2978.19 148.459 0.297894
2997.51 154.667 0.344797
3016.96 161.814 0.390226
3036.53 169.88 0.434006
3056.23 178.843 0.475991
3076.05 188.678 0.516063
3096.01 199.356 0.554132
3116.1 210.847 0.590138
3136.31 223.119 0.624046
3156.66 236.14 0.655848
3177.14 249.875 0.685557
3197.75 264.29 0.713207
3218.49 279.351 0.738849
3239.37 295.026 0.762548
3260.39 311.28 0.784381
3281.54 328.083 0.804435
3302.83 345.403 0.822801
3324.25 363.213 0.839576
3345.82 381.484 0.854858
3367.52 400.189 0.868747
3389.37 419.306 0.88134
3411.36 438.81 0.892735
3433.49 458.681 0.903024
3455.76 478.898 0.912297
3478.18 499.444 0.920638
3500.75 520.302 0.928129
3523.46 541.457 0.934844
3546.31 562.894 0.940855
3569.32 584.602 0.946228
3592.48 606.567 0.951024
3615.78 628.781 0.955298
3639.24 651.234 0.959102
3662.85 673.918 0.962484
3686.61 696.824 0.965487
3710.53 719.947 0.96815
3734.6 743.28 0.970509
3758.82 766.819 0.972596
3783.21 790.558 0.974441
3807.75 814.493 0.976069
3832.45 838.622 0.977506
3857.32 862.941 0.978772
3882.34 887.448 0.979886
3907.53 912.139 0.980865
3932.88 937.015 0.981726
3958.39 962.072 0.982481
3984.07 987.31 0.983143
4009.92 1012.73 0.983723
4035.93 1038.33 0.98423
4062.11 1064.1 0.984674
4088.47 1090.05 0.985061
4114.99 1116.19 0.985399
4141.68 1142.5 0.985694
4168.55 1168.98 0.985951
4195.6 1195.65 0.986174
4222.81 1222.49 0.986368
4250.21 1249.52 0.986537
4277.78 1276.72 0.986683
4305.53 1304.1 0.98681
4333.46 1331.67 0.986919
4361.58 1359.42 0.987014
4389.87 1387.34 0.987097
4418.35 1415.46 0.987167
4447.01 1443.75 0.987229
4475.86 1472.23 0.987281
4504.9 1500.9 0.987327
4534.12 1529.76 0.987366
4563.54 1558.8 0.987399
4593.14 1588.03 0.987428
4622.94 1617.46 0.987453
4652.93 1647.07 0.987474
4683.12 1676.88 0.987492
4713.5 1706.88 0.987507
4744.08 1737.08 0.987521
4774.85 1767.47 0.987532
4805.83 1798.06 0.987541
4837.01 1828.85 0.98755
4868.39 1859.84 0.987557
4899.97 1891.03 0.987562
4931.76 1922.42 0.987567
4963.75 1954.02 0.987572
4995.95 1985.82 0.987575
5028.36 2017.82 0.987578
5060.98 2050.04 0.987581
5093.82 2082.46 0.987583
5126.86 2115.1 0.987585
5160.12 2147.95 0.987586
5193.6 2181.01 0.987588
5227.29 2214.28 0.987589
5261.2 2247.77 0.98759
5295.33 2281.48 0.98759
5329.68 2315.41 0.987591
5364.26 2349.55 0.987592
5399.06 2383.92 0.987592
5434.09 2418.51 0.987592
5469.34 2453.33 0.987593
5504.82 2488.37 0.987593
5540.53 2523.64 0.987593
5576.48 2559.13 0.987593
5612.65 2594.86 0.987594
5649.06 2630.82 0.987594
5685.71 2667.01 0.987594
5722.6 2703.44 0.987594
5759.72 2740.11 0.987594
5797.09 2777.01 0.987594
5834.69 2814.15 0.987594
5872.55 2851.53 0.987594
5910.64 2889.16 0.987594
5948.99 2927.02 0.987594
5987.58 2965.14 0.987594
6026.42 3003.5 0.987594
6065.52 3042.11 0.987594
6104.87 3080.97 0.987594
6144.47 3120.09 0.987594
6184.33 3159.45 0.987594
6224.45 3199.07 0.987594
6264.83 3238.95 0.987594
6305.48 3279.09 0.987594
6346.38 3319.49 0.987594
6387.55 3360.15 0.987594
6428.99 3401.07 0.987594
6470.7 3442.26 0.987594
6512.68 3483.72 0.987594
6554.93 3525.45 0.987594
6597.45 3567.44 0.987594
6640.25 3609.71 0.987594
6683.33 3652.26 0.987594
6726.69 3695.08 0.987594
6770.32 3738.17 0.987594
6814.25 3781.55 0.987594
6858.45 3825.21 0.987594
6902.95 3869.15 0.987594
6947.73 3913.37 0.987594
6992.8 3957.89 0.987594
7038.16 4002.69 0.987594
7083.82 4047.78 0.987594
7129.78 4093.17 0.987594
7176.03 4138.85 0.987594
7222.59 4184.82 0.987594
7269.44 4231.1 0.987594
7316.6 4277.67 0.987594
7364.07 4324.55 0.987594
7411.84 4371.73 0.987594
7459.92 4419.22 0.987594
7508.32 4467.01 0.987594
7557.03 4515.12 0.987594
7606.05 4563.53 0.987594
7655.39 4612.26 0.987594
7705.06 4661.31 0.987594
7755.04 4710.68 0.987594
7805.35 4760.36 0.987594
7855.99 4810.37 0.987594
7906.95 4860.7 0.987594
7958.25 4911.36 0.987594
8009.88 4962.35 0.987594
8061.84 5013.67 0.987594
8114.14 5065.32 0.987594
8166.78 5117.3 0.987594
8219.76 5169.63 0.987594
8273.08 5222.29 0.987594
8326.76 5275.29 0.987594
8380.77 5328.64 0.987594
8435.14 5382.34 0.987594
8489.86 5436.38 0.987594
8544.94 5490.77 0.987594
8600.38 5545.52 0.987594
8656.17 5600.62 0.987594
8712.32 5656.08 0.987594
8768.84 5711.9 0.987594
8825.73 5768.08 0.987594
8882.99 5824.63 0.987594
8940.61 5881.54 0.987594
8998.61 5938.82 0.987594
9056.99 5996.47 0.987594
9115.75 6054.5 0.987594
9174.89 6112.9 0.987594
9234.41 6171.69 0.987594
9294.31 6230.85 0.987594
9354.61 6290.4 0.987594
9415.29 6350.33 0.987594
9476.38 6410.65 0.987594
9537.85 6471.37 0.987594
9599.73 6532.47 0.987594
9662 6593.98 0.987594
9724.68 6655.88 0.987594
9787.77 6718.19 0.987594
9851.27 6780.9 0.987594
9915.18 6844.01 0.987594
9979.5 6907.54 0.987594
10044.2 6971.47 0.987594
10109.4 7035.83 0.987594
10175 7100.6 0.987594
10241 7165.79 0.987594
10307.4 7231.4 0.987594
10374.3 7297.44 0.987594
10441.6 7363.9 0.987594
10509.3 7430.8 0.987594
10577.5 7498.13 0.987594
10646.1 7565.9 0.987594
10715.2 7634.11 0.987594
10784.7 7702.76 0.987594
10854.7 7771.86 0.987594
10925.1 7841.4 0.987594
10996 7911.4 0.987594
11067.3 7981.85 0.987594
11139.1 8052.76 0.987594
11211.4 8124.12 0.987594
11284.1 8195.95 0.987594
11357.3 8268.25 0.987594
11431 8341.01 0.987594
11505.1 8414.25 0.987594
11579.8 8487.96 0.987594
11654.9 8562.15 0.987594
11730.5 8636.82 0.987594
11806.6 8711.98 0.987594
11883.2 8787.62 0.987594
11960.3 8863.76 0.987594
12037.9 8940.39 0.987594
12116 9017.51 0.987594
12194.6 9095.14 0.987594
12273.7 9173.26 0.987594
12353.3 9251.9 0.987594
12433.5 9331.05 0.987594
12514.1 9410.71 0.987594
12595.3 9490.88 0.987594
12677 9571.58 0.987594
12759.2 9652.8 0.987594
12842 9734.55 0.987594
12925.3 9816.82 0.987594
13009.2 9899.63 0.987594
13093.6 9982.98 0.987594
13178.5 10066.9 0.987594
13264 10151.3 0.987594
13350.1 10236.3 0.987594
13436.7 10321.8 0.987594
13523.8 10407.9 0.987594
13611.6 10494.6 0.987594
13699.9 10581.8 0.987594
13788.8 10669.5 0.987594
13878.2 10757.9 0.987594
13968.2 10846.8 0.987594
14058.9 10936.3 0.987594
14150.1 11026.4 0.987594
14241.9 11117 0.987594
14334.2 11208.3 0.987594
14427.2 11300.1 0.987594
14520.8 11392.5 0.987594
14615 11485.6 0.987594
14709.8 11579.2 0.987594
14805.3 11673.4 0.987594
14901.3 11768.3 0.987594
14998 11863.8 0.987594
15095.3 11959.9 0.987594
15193.2 12056.6 0.987594
15291.8 12153.9 0.987594
15391 12251.9 0.987594
15490.8 12350.5 0.987594
15591.3 12449.7 0.987594
15692.5 12549.6 0.987594
15794.3 12650.2 0.987594
15896.7 12751.4 0.987594
15999.9 12853.2 0.987594
16103.7 12955.7 0.987594
16208.1 13058.9 0.987594
16313.3 13162.7 0.987594
16419.1 13267.3 0.987594
16525.6 13372.5 0.987594
16632.8 13478.3 0.987594
16740.7 13584.9 0.987594
16849.3 13692.2 0.987594
16958.7 13800.1 0.987594
17068.7 13908.8 0.987594
17179.4 14018.1 0.987594
17290.8 14128.2 0.987594
17403 14239 0.987594
17515.9 14350.5 0.987594
17629.6 14462.7 0.987594
17743.9 14575.6 0.987594
17859 14689.3 0.987594
17974.9 14803.7 0.987594
18091.5 14918.9 0.987594
18208.9 15034.8 0.987594
18327 15151.5 0.987594
18445.9 15268.9 0.987594
18565.5 15387.1 0.987594
18686 15506 0.987594
18807.2 15625.7 0.987594
18929.2 15746.2 0.987594
19052 15867.5 0.987594
19175.6 15989.6 0.987594
19300 16112.4 0.987594
19425.2 16236.1 0.987594
19551.2 16360.5 0.987594
19678.1 16485.8 0.987594
19805.7 16611.9 0.987594
19934.2 16738.8 0.987594
20063.5 16866.5 0.987594
20193.7 16995 0.987594
20324.7 17124.4 0.987594
20456.6 17254.6 0.987594
20589.3 17385.7 0.987594
20722.8 17517.6 0.987594
20857.3 17650.4 0.987594
20992.6 17784 0.987594
21128.8 17918.5 0.987594
21265.8 18053.9 0.987594
21403.8 18190.1 0.987594
21542.7 18327.2 0.987594
21682.4 18465.3 0.987594
21823.1 18604.2 0.987594
21964.6 18744 0.987594
22107.1 18884.7 0.987594
22250.6 19026.4 0.987594
22394.9 19168.9 0.987594
22540.2 19312.4 0.987594
22686.4 19456.8 0.987594
22833.6 19602.2 0.987594
22981.7 19748.4 0.987594
23130.8 19895.7 0.987594
23280.9 20043.9 0.987594
23431.9 20193 0.987594
23583.9 20343.2 0.987594
23736.9 20494.3 0.987594
23890.9 20646.3 0.987594
24045.9 20799.4 0.987594
24201.9 20953.5 0.987594
24358.9 21108.5 0.987594
24516.9 21264.6 0.987594
24676 21421.7 0.987594
24836 21579.8 0.987594
24997.2 21738.9 0.987594
25159.3 21899 0.987594
25322.5 22060.2 0.987594
25486.8 22222.5 0.987594
25652.2 22385.8 0.987594
25818.6 22550.1 0.987594
25986.1 22715.5 0.987594
26154.7 22882 0.987594
26324.3 23049.6 0.987594
26495.1 23218.2 0.987594
26667 23388 0.987594
26840 23558.8 0.987594
27014.1 23730.8 0.987594
27189.4 23903.9 0.987594
27365.7 24078.1 0.987594
27543.3 24253.4 0.987594
27722 24429.9 0.987594
27901.8 24607.5 0.987594
28082.8 24786.3 0.987594
28265 24966.2 0.987594
28448.4 25147.3 0.987594
28632.9 25329.5 0.987594
28818.7 25513 0.987594
29005.6 25697.6 0.987594
29193.8 25883.5 0.987594
29383.2 26070.5 0.987594
29573.8 26258.7 0.987594
29765.7 26448.2 0.987594
29958.8 26638.9 0.987594
30153.1 26830.9 0.987594
30348.7 27024.1 0.987594
30545.6 27218.5 0.987594
30743.8 27414.2 0.987594
30943.2 27611.2 0.987594
31143.9 27809.4 0.987594
31346 28009 0.987594
31549.3 28209.8 0.987594
31754 28411.9 0.987594
31960 28615.4 0.987594
32167.3 28820.1 0.987594
32376 29026.2 0.987594
32586.1 29233.6 0.987594
32797.5 29442.4 0.987594
33010.2 29652.6 0.987594
33224.4 29864 0.987594
33439.9 30076.9 0.987594
33656.9 30291.2 0.987594
33875.2 30506.8 0.987594
34095 30723.8 0.987594
34316.1 30942.3 0.987594
34538.8 31162.1 0.987594
34762.8 31383.4 0.987594
34988.3 31606.1 0.987594
35215.3 31830.3 0.987594
35443.8 32055.9 0.987594
35673.7 32283 0.987594
35905.1 32511.6 0.987594
36138.1 32741.6 0.987594
36372.5 32973.1 0.987594
36608.5 33206.2 0.987594
36846 33440.7 0.987594
37085 33676.8 0.987594
37325.6 33914.4 0.987594
37567.7 34153.5 0.987594
37811.4 34394.2 0.987594
38056.7 34636.5 0.987594
38303.6 34880.3 0.987594
38552.1 35125.7 0.987594
38802.2 35372.7 0.987594
39053.9 35621.3 0.987594
39307.3 35871.5 0.987594
39562.3 36123.3 0.987594
39819 36376.8 0.987594
40077.3 36631.9 0.987594
40337.3 36888.7 0.987594
40599 37147.1 0.987594
40862.3 37407.2 0.987594
41127.4 37669 0.987594
41394.2 37932.5 0.987594
41662.8 38197.8 0.987594
41933.1 38464.7 0.987594
42205.1 38733.3 0.987594
42478.9 39003.7 0.987594
42754.5 39275.9 0.987594
43031.8 39549.8 0.987594
43311 39825.5 0.987594
43592 40103 0.987594
43874.8 40382.3 0.987594
44159.4 40663.4 0.987594
44445.9 40946.3 0.987594
44734.2 41231.1 0.987594
45024.4 41517.7 0.987594
45316.5 41806.2 0.987594
45610.5 42096.5 0.987594
45906.4 42388.7 0.987594
46204.2 42682.8 0.987594
46503.9 42978.9 0.987594
46805.6 43276.8 0.987594
47109.3 43576.7 0.987594
47414.9 43878.5 0.987594
47722.5 44182.3 0.987594
48032.1 44488 0.987594
48343.7 44795.8 0.987594
48657.3 45105.5 0.987594
48972.9 45417.2 0.987594
49290.7 45731 0.987594
49610.4 46046.8 0.987594
49932.3 46364.6 0.987594
50256.2 46684.6 0.987594
50582.2 47006.5 0.987594
50910.4 47330.6 0.987594
51240.6 47656.8 0.987594
51573.1 47985.1 0.987594
51907.6 48315.5 0.987594
52244.4 48648.1 0.987594
52583.3 48982.8 0.987594
52924.4 49319.7 0.987594
53267.8 49658.8 0.987594
53613.3 50000 0.987594
53961.1 50343.5 0.987594
54311.2 50689.3 0.987594
54663.5 51037.2 0.987594
55018.2 51387.5 0.987594
55375.1 51739.9 0.987594
55734.3 52094.7 0.987594
56095.9 52451.8 0.987594
