5.78741e-09 5.95396e-15 4.29514e-06
5.8738e-08 3.33166e-13 8.58285e-06
5.86595e-07 1.45059e-11 3.56977e-05
4.6076e-06 3.38009e-10 8.97843e-05
5.86875e-06 4.61297e-10 0.000114002
2.3369e-05 3.31505e-09 0.000192532
7.39119e-05 1.62978e-08 0.000292274
0.000147358 4.17301e-08 0.000330144
0.000152693 4.34471e-08 0.000292479
0.000165528 4.67976e-08 0.000304172
0.000294481 1.01986e-07 0.000463041
0.000466785 1.89679e-07 0.00054542
0.000739961 3.52227e-07 0.00041641
0.000792747 3.70702e-07 0.000446592
0.000859333 4.13069e-07 0.00055442
0.000931697 4.48502e-07 0.00055104
0.00117285 6.10601e-07 0.000697128
0.00147667 8.31244e-07 0.000750516
0.0017323 1.02935e-06 0.000535855
0.00185963 1.08409e-06 0.000525282
0.00294795 2.00733e-06 0.000908255
0.00467391 3.71532e-06 0.00105104
0.00633042 5.56999e-06 0.00091467
0.0070765 6.16755e-06 0.00093479
0.00933155 8.92099e-06 0.00127133
0.0117504 1.21316e-05 0.00137956
0.0154948 1.7543e-05 0.00122736
0.0177925 2.00421e-05 0.00125466
0.0234638 2.89812e-05 0.00164107
0.0295474 3.94039e-05 0.00177172
0.0354913 5.03041e-05 0.00128079
0.0389653 5.38549e-05 0.00125817
0.0549487 8.51279e-05 0.00191362
0.0590129 9.27925e-05 0.00199187
0.0713035 0.000119369 0.00114686
0.0787306 0.000125461 0.00110854
0.10265 0.000178607 0.00176378
0.112568 0.000193736 0.00180901
0.132297 0.000240204 0.00240921
0.146764 0.000275794 0.00181491
0.15911 0.000293738 0.00177613
0.191354 0.000375514 0.00260957
0.227502 0.000472769 0.000973271
0.245257 0.000484229 0.000805937
0.256566 0.000495831 0.00103354
0.268397 0.000508152 0.00104919
0.280773 0.000521236 0.00106507
0.293719 0.00053513 0.0010812
0.307263 0.000549885 0.00109757
0.321432 0.000565555 0.00111419
0.336253 0.000582195 0.00113106
0.351758 0.000599866 0.00114818
0.367978 0.000618631 0.00116556
0.384946 0.000638559 0.00118321
0.402697 0.000659722 0.00120112
0.421266 0.000682195 0.00121931
0.440691 0.000706061 0.00123777
0.461012 0.000731406 0.00125651
0.48227 0.00075832 0.00127553
0.504508 0.000786902 0.00129484
0.527771 0.000817254 0.00131445
0.552107 0.000849487 0.00133435
0.577566 0.000883717 0.00135455
0.604198 0.000920067 0.00137506
0.632059 0.000958668 0.00139588
0.661204 0.000999662 0.00141701
0.691693 0.00104319 0.00143847
0.723588 0.00108942 0.00146024
0.756953 0.00113852 0.00148235
0.791857 0.00119065 0.00150479
0.828371 0.00124602 0.00152758
0.866568 0.00130481 0.00155071
0.906527 0.00136725 0.00157418
0.948328 0.00143355 0.00159802
0.992057 0.00150396 0.00162221
1.0378 0.00157874 0.00164677
1.08566 0.00165815 0.0016717
1.13572 0.00174247 0.00169701
1.18809 0.00183202 0.00172271
1.24287 0.00192712 0.00174879
1.30018 0.00202811 0.00177526
1.36014 0.00213535 0.00180214
1.42285 0.00224924 0.00182943
1.48846 0.00237018 0.00185712
1.5571 0.00249862 0.00188524
1.6289 0.00263501 0.00191378
1.70401 0.00277985 0.00194276
1.78258 0.00293367 0.00197217
1.86478 0.00309701 0.00200203
1.95077 0.00327047 0.00203234
2.04072 0.00345468 0.00206311
2.13482 0.0036503 0.00209435
2.23326 0.00385804 0.00212606
2.33624 0.00407865 0.00215824
2.44396 0.00431292 0.00219092
2.55666 0.00456171 0.00222409
2.67455 0.00482591 0.00225776
2.79788 0.00510648 0.00229195
2.92689 0.00540443 0.00232665
3.06185 0.00572083 0.00236187
3.20304 0.00605684 0.00239763
3.35074 0.00641366 0.00243393
3.50524 0.00679259 0.00247078
3.66688 0.00719499 0.00250819
3.83596 0.00762232 0.00254616
4.01284 0.00807613 0.00258471
4.19788 0.00855804 0.00262385
4.39145 0.00906982 0.00266357
4.59395 0.00961329 0.0027039
4.80578 0.0101904 0.00274483
5.02738 0.0108033 0.00278639
5.2592 0.0114542 0.00282858
5.50171 0.0121454 0.0028714
5.7554 0.0128794 0.00291488
6.02079 0.0136589 0.00295901
6.29841 0.0144866 0.00300381
6.58884 0.0153657 0.00304928
6.89266 0.0162992 0.00309545
7.21049 0.0172905 0.00314232
7.54298 0.0183433 0.00318989
7.8908 0.0194612 0.00323819
8.25465 0.0206484 0.00328721
8.63529 0.0219092 0.00333698
9.03347 0.0232481 0.0033875
9.45002 0.0246699 0.00343879
9.88577 0.0261798 0.00349085
10.3416 0.0277832 0.00354371
10.8185 0.029486 0.00359736
11.3173 0.0312942 0.00365182
11.8392 0.0332145 0.00370711
12.3851 0.0352537 0.00376324
12.9562 0.0374193 0.00382021
13.5536 0.039719 0.00387805
14.1786 0.0421611 0.00393677
14.8324 0.0447546 0.00399637
15.5164 0.0475087 0.00405687
16.2318 0.0504335 0.00411829
16.9803 0.0535394 0.00418065
17.7633 0.0568378 0.00424394
18.5824 0.0603405 0.0043082
19.4392 0.0640601 0.00437342
20.3356 0.0680102 0.00443964
21.2733 0.072205 0.00450685
22.2543 0.0766597 0.00457509
23.2804 0.0813904 0.00464435
24.3539 0.0864141 0.00471467
25.4769 0.091749 0.00478605
26.6517 0.0974144 0.00485851
27.8806 0.103431 0.00493207
29.1662 0.10982 0.00500674
30.5111 0.116605 0.00508254
31.9181 0.12381 0.00515949
33.3898 0.131462 0.00523761
34.9295 0.139587 0.00531691
36.5401 0.148216 0.0053974
38.225 0.15738 0.00547912
39.9877 0.167111 0.00556208
41.8315 0.177445 0.00564629
43.7605 0.188419 0.00573177
45.7783 0.200073 0.00581855
47.8892 0.212449 0.00590664
50.0974 0.225592 0.00599607
52.4075 0.239549 0.00608685
54.8241 0.254371 0.00617901
57.3521 0.27011 0.00627256
59.9967 0.286825 0.00636752
62.7632 0.304575 0.00646393
65.6573 0.323425 0.00656179
68.6849 0.343443 0.00666114
71.852 0.364701 0.00676199
75.1652 0.387275 0.00686552
75.1652 0.387275 0.00686451
75.6528 0.390653 0.00698834
76.1436 0.394114 0.00711426
76.6376 0.397659 0.0072423
77.1348 0.401292 0.0073725
77.6352 0.405015 0.00750492
78.1388 0.408829 0.00763959
78.6457 0.412736 0.00777655
79.1559 0.416739 0.00791586
79.6694 0.42084 0.00805756
80.1863 0.425042 0.00820169
80.7065 0.429347 0.00834831
81.23 0.433757 0.00849746
81.757 0.438275 0.0086492
82.2874 0.442903 0.00880357
82.8212 0.447644 0.00896063
83.3585 0.452502 0.00912044
83.8993 0.457478 0.00928305
84.4436 0.462576 0.00944851
84.9914 0.467798 0.00961688
85.5428 0.473147 0.00978823
86.0977 0.478628 0.0099626
86.6563 0.484242 0.0101401
87.2184 0.489993 0.0103207
87.7842 0.495885 0.0105045
88.3537 0.50192 0.0106917
88.9269 0.508103 0.0108822
89.5038 0.514437 0.0110761
90.0845 0.520925 0.0112735
90.6689 0.527573 0.0114744
91.2571 0.534382 0.011679
91.8491 0.541358 0.0118874
92.4449 0.548504 0.0120995
93.0447 0.555825 0.0123154
93.6483 0.563325 0.0125353
94.2558 0.571009 0.0127593
94.8673 0.578881 0.0129873
95.4827 0.586945 0.0132196
96.1021 0.595207 0.0134561
96.7256 0.603671 0.013697
97.3531 0.612343 0.0139424
97.9847 0.621227 0.0141923
98.6203 0.63033 0.0144469
99.2601 0.639656 0.0147062
99.904 0.649211 0.0149704
100.552 0.659 0.0152395
101.204 0.669031 0.0155137
101.861 0.679308 0.0157931
102.522 0.689838 0.0160777
103.187 0.700628 0.0163677
103.856 0.711683 0.0166632
104.53 0.723012 0.0169643
105.208 0.73462 0.0172711
105.891 0.746514 0.0175838
106.578 0.758703 0.0179024
107.269 0.771193 0.0182271
107.965 0.783992 0.0185581
108.665 0.797109 0.0188954
109.37 0.81055 0.0192393
110.08 0.824325 0.0195897
110.794 0.838442 0.019947
111.513 0.85291 0.0203111
112.236 0.867738 0.0206823
112.964 0.882935 0.0210608
113.697 0.89851 0.0214466
114.435 0.914474 0.0218399
115.177 0.930837 0.0222409
115.924 0.947608 0.0226497
116.676 0.964798 0.0230666
117.433 0.982418 0.0234916
118.195 1.00048 0.0239251
118.962 1.01899 0.024367
119.734 1.03797 0.0248177
120.51 1.05743 0.0252773
121.292 1.07737 0.0257459
122.079 1.09782 0.0262239
122.871 1.11878 0.0267114
123.668 1.14027 0.0272085
124.47 1.1623 0.0277155
125.278 1.18489 0.0282327
126.091 1.20805 0.0287601
126.909 1.2318 0.0292981
127.732 1.25615 0.0298469
128.561 1.28111 0.0304066
129.395 1.30671 0.0309776
130.234 1.33296 0.0315601
131.079 1.35987 0.0321542
131.929 1.38747 0.0327603
132.785 1.41577 0.0333786
133.646 1.4448 0.0340094
134.513 1.47456 0.0346529
135.386 1.50509 0.0353094
136.264 1.5364 0.0359791
137.148 1.5685 0.0366624
138.038 1.60143 0.0373596
138.934 1.63521 0.0380708
139.835 1.66985 0.0387965
140.742 1.70538 0.0395368
141.655 1.74182 0.0402922
142.574 1.7792 0.0410629
143.499 1.81755 0.0418493
144.43 1.85688 0.0426516
145.367 1.89723 0.0434703
146.31 1.93862 0.0443055
147.259 1.98107 0.0451578
148.215 2.02463 0.0460273
149.176 2.06931 0.0469146
150.144 2.11515 0.0478199
151.118 2.16218 0.0487435
152.098 2.21043 0.049686
153.085 2.25993 0.0506476
154.078 2.31071 0.0516287
155.078 2.36282 0.0526298
156.084 2.41628 0.0536511
157.096 2.47113 0.0546932
158.115 2.52742 0.0557564
159.141 2.58517 0.0568412
160.173 2.64442 0.0579479
161.213 2.70522 0.059077
162.258 2.76761 0.0602289
163.311 2.83162 0.0614041
164.37 2.89731 0.062603
165.437 2.96472 0.063826
166.51 3.03389 0.0650737
167.59 3.10487 0.0663464
168.678 3.17771 0.0676446
169.772 3.25246 0.0689688
170.873 3.32916 0.0703196
171.982 3.40788 0.0716973
173.097 3.48865 0.0731024
174.22 3.57155 0.0745355
175.351 3.65662 0.075997
176.488 3.74391 0.0774874
177.633 3.8335 0.0790073
178.785 3.92544 0.0805572
179.945 4.01979 0.0821375
181.113 4.11662 0.0837487
182.288 4.21598 0.0853915
183.47 4.31795 0.0870662
184.66 4.4226 0.0887735
185.858 4.52999 0.0905139
187.064 4.64019 0.0922878
188.278 4.75329 0.0940957
189.499 4.86934 0.0959384
190.728 4.98844 0.0978161
191.966 5.11065 0.0997295
193.211 5.23606 0.101679
194.464 5.36476 0.103665
195.726 5.49681 0.105689
196.996 5.63232 0.10775
198.274 5.77136 0.10985
199.56 5.91403 0.111988
200.855 6.06043 0.114165
202.158 6.21063 0.116382
203.469 6.36474 0.11864
204.789 6.52286 0.120938
206.118 6.68508 0.123277
207.455 6.85152 0.125658
208.801 7.02226 0.12808
210.155 7.19742 0.130546
211.519 7.37711 0.133054
212.891 7.56144 0.135605
214.272 7.75051 0.1382
215.662 7.94445 0.140839
217.061 8.14338 0.143522
218.469 8.3474 0.14625
219.886 8.55664 0.149023
221.313 8.77123 0.151841
222.749 8.99129 0.154705
224.194 9.21695 0.157614
225.648 9.44833 0.160569
227.112 9.68558 0.16357
228.585 9.92882 0.166618
230.068 10.1782 0.169711
231.561 10.4338 0.172851
233.063 10.6959 0.176037
234.575 10.9645 0.17927
236.097 11.2398 0.182549
237.628 11.5219 0.185873
239.17 11.8111 0.189244
240.722 12.1074 0.192661
242.283 12.4109 0.196122
243.855 12.7219 0.199629
245.437 13.0406 0.203181
247.029 13.3669 0.206777
248.632 13.7012 0.210417
250.245 14.0436 0.2141
251.868 14.3942 0.217825
253.502 14.7532 0.221592
255.147 15.1207 0.2254
256.802 15.497 0.229249
258.468 15.8822 0.233137
260.145 16.2764 0.237062
261.832 16.6798 0.241025
263.531 17.0926 0.245024
265.24 17.5149 0.249057
266.961 17.947 0.253124
268.693 18.3889 0.257222
270.436 18.8409 0.26135
272.191 19.3031 0.265507
273.956 19.7756 0.26969
275.734 20.2586 0.273898
277.522 20.7524 0.278128
279.323 21.2569 0.282379
281.135 21.7725 0.286649
282.959 22.2992 0.290934
284.794 22.8372 0.295233
286.642 23.3866 0.299542
288.501 23.9477 0.30386
290.373 24.5204 0.308183
292.257 25.105 0.312508
294.153 25.7016 0.316832
296.061 26.3103 0.321152
297.982 26.9313 0.325465
299.915 27.5646 0.329766
301.86 28.2104 0.334053
303.819 28.8688 0.338322
305.79 29.5398 0.342568
307.773 30.2235 0.346787
309.77 30.9201 0.350977
311.78 31.6296 0.355131
313.802 32.3521 0.359246
315.838 33.0875 0.363317
317.887 33.8361 0.36734
319.949 34.5977 0.37131
322.025 35.3725 0.375221
324.114 36.1604 0.379069
326.217 36.9614 0.382849
328.333 37.7755 0.386555
330.463 38.6028 0.390182
332.607 39.443 0.393725
334.764 40.2963 0.397178
336.936 41.1625 0.400535
339.122 42.0416 0.403792
341.322 42.9334 0.406941
343.536 43.8378 0.409978
345.765 44.7548 0.412897
348.008 45.6841 0.415691
350.266 46.6256 0.418355
352.538 47.5791 0.420884
354.825 48.5444 0.42327
357.127 49.5213 0.425509
359.444 50.5095 0.427594
361.776 51.5088 0.42952
364.123 52.519 0.431281
366.485 53.5396 0.432871
368.862 54.5705 0.434285
371.255 55.6112 0.435518
373.664 56.6613 0.436563
376.088 57.7206 0.437416
378.528 58.7887 0.438072
380.983 59.865 0.438527
383.455 60.9491 0.438774
385.942 62.0407 0.438811
388.446 63.1391 0.438632
390.966 64.244 0.438234
393.502 65.3547 0.437613
396.055 66.4707 0.436766
398.625 67.5916 0.43569
401.211 68.7166 0.434382
403.813 69.8452 0.432839
406.433 70.9767 0.43106
409.07 72.1106 0.429043
411.724 73.2462 0.426787
414.395 74.3828 0.42429
417.083 75.5198 0.421554
419.789 76.6564 0.418576
422.512 77.7919 0.41536
425.253 78.9257 0.411904
428.012 80.0569 0.408211
430.788 81.185 0.404283
433.583 82.309 0.400122
436.396 83.4283 0.395731
439.227 84.5421 0.391114
442.076 85.6496 0.386275
444.944 86.7502 0.381219
447.831 87.843 0.37595
450.736 88.9272 0.370474
453.66 90.0022 0.364798
456.603 91.0672 0.358928
459.565 92.1214 0.352871
462.547 93.1642 0.346634
465.547 94.1947 0.340227
468.567 95.2123 0.333658
471.607 96.2164 0.326935
474.667 97.2061 0.320068
477.746 98.1809 0.313068
480.845 99.1402 0.305944
483.965 100.083 0.298706
487.104 101.01 0.291367
490.264 101.919 0.283937
493.445 102.81 0.276427
496.646 103.682 0.26885
499.868 104.536 0.261216
503.111 105.371 0.253539
506.375 106.186 0.245831
509.66 106.981 0.238102
512.966 107.755 0.230367
516.294 108.509 0.222637
519.643 109.242 0.214923
523.014 109.953 0.207239
526.407 110.644 0.199597
529.822 111.312 0.192007
533.26 111.959 0.184481
536.719 112.585 0.17703
540.201 113.188 0.169667
543.705 113.77 0.162399
547.233 114.33 0.155239
550.783 114.869 0.148196
554.356 115.386 0.141278
557.952 115.882 0.134495
561.572 116.357 0.127855
565.215 116.811 0.121365
568.882 117.244 0.115033
572.572 117.657 0.108864
576.287 118.05 0.102865
580.025 118.424 0.0970407
583.788 118.779 0.0913959
587.575 119.114 0.0859343
591.387 119.432 0.0806591
595.224 119.732 0.075573
599.085 120.014 0.0706777
602.971 120.28 0.0659746
606.883 120.529 0.0614643
610.82 120.762 0.0571468
614.783 120.981 0.0530214
618.771 121.184 0.049087
622.785 121.374 0.0453418
626.826 121.55 0.0417835
630.892 121.713 0.0384094
634.985 121.863 0.0352161
639.104 122.002 0.0322001
643.25 122.13 0.029357
647.423 122.247 0.0266825
651.623 122.354 0.0241718
655.851 122.451 0.0218197
660.105 122.539 0.0196208
664.388 122.619 0.0175696
668.698 122.69 0.0156603
673.036 122.754 0.0138869
677.402 122.811 0.0122435
681.797 122.862 0.0107239
686.22 122.906 0.00932202
690.671 122.945 0.00803174
695.152 122.978 0.00684696
699.662 123.007 0.00576162
704.201 123.03 0.00476978
708.769 123.05 0.00386558
713.367 123.066 0.00304334
717.995 123.078 0.00229748
722.653 123.088 0.00162265
727.341 123.094 0.00101364
732.06 123.097 0.000465472
736.809 123.098 0
741.589 123.098 0
746.4 123.098 0
751.242 123.098 0
756.115 123.098 0
761.021 123.098 0
765.958 123.098 0
770.927 123.098 0
775.928 123.098 0
780.962 123.098 0
786.028 123.098 0
791.127 123.098 0
796.26 123.098 0
801.425 123.098 0
806.624 123.098 0
811.857 123.098 0
817.124 123.098 0
822.425 123.098 0
827.76 123.098 0
833.13 123.098 0
838.535 123.098 0
843.975 123.098 0
849.45 123.098 0
854.961 123.098 0
860.507 123.098 0
866.09 123.098 0
871.708 123.098 0
877.363 123.098 0
883.055 123.098 0
888.784 123.098 0
894.55 123.098 0
900.353 123.098 0
906.194 123.098 0
912.073 123.098 0
917.99 123.098 0
923.945 123.098 0
929.939 123.098 0
935.972 123.098 0
942.044 123.098 0
948.155 123.098 0
954.306 123.098 0
960.497 123.098 0
966.728 123.098 0
973 123.098 0
979.312 123.098 0
985.665 123.098 0
992.059 123.098 0
998.495 123.098 0
1004.97 123.098 0
1011.49 123.098 0
1018.05 123.098 0
1024.66 123.098 0
1031.31 123.098 0
1038 123.098 0
1044.73 123.098 0
1051.51 123.098 0
1058.33 123.098 0
1065.2 123.098 0
1072.11 123.098 0
1079.06 123.098 0
1086.06 123.098 0
1093.11 123.098 0
1100.2 123.098 0
1107.34 123.098 0
1114.52 123.098 0
1121.75 123.098 0
1129.03 123.098 0
1136.35 123.098 0
1143.72 123.098 0
1151.14 123.098 0
1158.61 123.098 0
1166.13 123.098 0
1173.69 123.098 0
1181.31 123.098 0
1188.97 123.098 0
1196.68 123.098 0
1204.45 123.098 0
1212.26 123.098 0
1220.12 123.098 0
1228.04 123.098 0
1236.01 123.098 0
1244.02 123.098 0
1252.09 123.098 0
1260.22 123.098 0
1268.39 123.098 0
1276.62 123.098 0
1284.9 123.098 0
1293.24 123.098 0
1301.63 123.098 0
1310.07 123.098 0
1318.57 123.098 0
1327.13 123.098 0
1335.74 123.098 0
1344.4 123.098 0
1353.12 123.098 0
1361.9 123.098 0
1370.74 123.098 0
1379.63 123.098 0
1388.58 123.098 0
1397.59 123.098 0
1406.65 123.098 0
1415.78 123.098 0
1424.96 123.098 0
1434.21 123.098 0
1443.51 123.098 0
1452.88 123.098 0
1462.3 123.098 0
1471.79 123.098 0
1481.34 123.098 0
1490.95 123.098 0
1500.62 123.098 0
1510.35 123.098 0
1520.15 123.098 0
1530.01 123.098 0
1539.94 123.098 0
1549.93 123.098 0
1559.98 123.098 0
1570.1 123.098 0
1580.29 123.098 0
1590.54 123.098 0
1600.86 123.098 0
1611.25 123.098 0
1621.7 123.098 0
1632.22 123.098 0
1642.81 123.098 0
1653.47 123.098 0
1664.19 123.098 0
1674.99 123.098 0
1685.85 123.098 0
1696.79 123.098 0
1707.8 123.098 0
1718.88 123.098 0
1730.03 123.098 0
1741.25 123.098 0
1752.55 123.098 0
1763.92 123.098 0
1775.36 123.098 0
1786.88 123.098 0
1798.47 123.098 0
1810.14 123.098 0
1821.88 123.098 0
1833.7 123.098 0
1845.6 123.098 0
1857.57 123.098 0
1869.62 123.098 0
1881.75 123.098 0
1893.96 123.098 0
1906.24 123.098 0
1918.61 123.098 0
1931.06 123.098 0
1943.58 123.098 0
1956.19 123.098 0
1968.88 123.098 0
1981.66 123.098 0
1994.51 123.098 0
2007.45 123.098 0
2020.47 123.098 0
2033.58 123.098 0
2046.77 123.098 0
2060.05 123.098 0
2073.42 123.098 0
2086.87 123.098 0
2100.41 123.098 0
2114.03 123.098 0
2127.75 123.098 0
2141.55 123.098 0
2155.44 123.098 0
2169.43 123.098 0
2183.5 123.098 0
2197.66 123.098 0
2211.92 123.098 0
2226.27 123.098 0
2240.71 123.098 0
2255.25 123.098 0
2269.88 123.098 0
2284.61 123.098 0
2299.43 123.098 0
2314.34 123.098 0
2329.36 123.098 0
2344.47 123.098 0
2359.68 123.098 0
2374.99 123.098 0
2390.39 123.098 0
2405.9 123.098 0
2421.51 123.098 0
2437.22 123.098 0
2453.03 123.098 0
2468.94 123.098 0
2484.96 123.098 0
2501.08 123.098 0
2517.31 123.098 0
2533.64 123.098 0
2550.07 123.098 0
2566.62 123.098 0
2583.27 123.098 0
2600.03 123.098 0
2616.89 123.098 0
2633.87 123.098 0
2650.96 123.098 0
2668.15 123.098 0
2685.46 123.098 0
2702.89 123.098 0
2720.42 123.098 0
2738.07 123.098 0
2755.83 123.098 0
2773.71 123.098 0
2791.7 123.098 0
2809.81 123.098 0
2828.04 123.098 0
2846.39 123.098 0
2864.85 123.098 0
2883.44 123.098 0
2902.15 123.098 0
2920.97 123.098 0
2939.92 123.098 0
2958.99 123.098 0
2978.19 123.098 0
2997.51 123.098 0
3016.96 123.098 0
3036.53 123.098 0
3056.23 123.098 0
3076.05 123.098 0
3096.01 123.098 0
3116.1 123.098 0
3136.31 123.098 0
3156.66 123.098 0
3177.14 123.098 0
3197.75 123.098 0
3218.49 123.098 0
3239.37 123.098 0
3260.39 123.098 0
3281.54 123.098 0
3302.83 123.098 0
3324.25 123.098 0
3345.82 123.098 0
3367.52 123.098 0
3389.37 123.098 0
3411.36 123.098 0
3433.49 123.098 0
3455.76 123.098 0
3478.18 123.098 0
3500.75 123.098 0
3523.46 123.098 0
3546.31 123.098 0
3569.32 123.098 0
3592.48 123.098 0
3615.78 123.098 0
3639.24 123.098 0
3662.85 123.098 0
3686.61 123.098 0
3710.53 123.098 0
3734.6 123.098 0
3758.82 123.098 0
3783.21 123.098 0
3807.75 123.098 0
3832.45 123.098 0
3857.32 123.098 0
3882.34 123.098 0
3907.53 123.098 0
3932.88 123.098 0
3958.39 123.098 0
3984.07 123.098 0
4009.92 123.098 0
4035.93 123.1 0.000128541
4062.11 123.108 0.000494747
4088.47 123.126 0.00089956
4114.99 123.156 0.00134729
4141.68 123.199 0.00184272
4168.55 123.256 0.00239124
4195.6 123.329 0.00299883
4222.81 123.419 0.00367217
4250.21 123.53 0.00441874
4277.78 123.664 0.00524688
4305.53 123.822 0.00616591
4333.46 124.008 0.00718625
4361.58 124.226 0.00831952
4389.87 124.48 0.00957869
4418.35 124.772 0.0109783
4447.01 125.109 0.0125343
4475.86 125.496 0.014265
4504.9 125.938 0.0161901
4534.12 126.442 0.0183322
4563.54 127.017 0.0207158
4593.14 127.669 0.0233685
4622.94 128.41 0.0263207
4652.93 129.248 0.029606
4683.12 130.197 0.0332614
4713.5 131.269 0.0373276
4744.08 132.48 0.0418491
4774.85 133.845 0.0468745
4805.83 135.384 0.0524565
4837.01 137.116 0.0586521
4868.39 139.064 0.065522
4899.97 141.253 0.0731312
4931.76 143.712 0.081548
4963.75 146.47 0.0908435
4995.95 149.56 0.101091
5028.36 153.019 0.112363
5060.98 156.886 0.124734
5093.82 161.204 0.138274
5126.86 166.017 0.153047
5160.12 171.375 0.169109
5193.6 177.327 0.186508
5227.29 183.927 0.205273
5261.2 191.229 0.225416
5295.33 199.29 0.246929
5329.68 208.165 0.269777
5364.26 217.91 0.293896
5399.06 228.578 0.319192
5434.09 240.219 0.345541
5469.34 252.881 0.372787
5504.82 266.604 0.400748
5540.53 281.423 0.429214
5576.48 297.367 0.457959
5612.65 314.455 0.486743
5649.06 332.699 0.515322
5685.71 352.1 0.543457
5722.6 372.652 0.57092
5759.72 394.34 0.597501
5797.09 417.143 0.623016
5834.69 441.03 0.647313
5872.55 465.966 0.670269
5910.64 491.912 0.691797
5948.99 518.822 0.711843
5987.58 546.652 0.730382
6026.42 575.354 0.74742
6065.52 604.879 0.762984
6104.87 635.18 0.777122
6144.47 666.211 0.7899
6184.33 697.926 0.801392
6224.45 730.284 0.811682
6264.83 763.245 0.820857
6305.48 796.772 0.829007
6346.38 830.831 0.836221
6387.55 865.391 0.842587
6428.99 900.422 0.848187
6470.7 935.9 0.853099
6512.68 971.801 0.857398
6554.93 1008.11 0.86115
6597.45 1044.79 0.864419
6640.25 1081.85 0.86726
6683.33 1119.27 0.869724
6726.69 1157.02 0.871858
6770.32 1195.11 0.873703
6814.25 1233.52 0.875295
6858.45 1272.24 0.876667
6902.95 1311.27 0.877847
6947.73 1350.61 0.878861
6992.8 1390.24 0.879731
7038.16 1430.16 0.880476
7083.82 1470.38 0.881114
7129.78 1510.88 0.881659
7176.03 1551.68 0.882124
7222.59 1592.75 0.882521
7269.44 1634.11 0.882858
7316.6 1675.75 0.883145
7364.07 1717.68 0.883389
7411.84 1759.88 0.883596
7459.92 1802.37 0.883771
7508.32 1845.15 0.883919
7557.03 1888.21 0.884044
7606.05 1931.55 0.88415
7655.39 1975.18 0.884239
7705.06 2019.09 0.884314
7755.04 2063.3 0.884378
7805.35 2107.79 0.884431
7855.99 2152.58 0.884475
7906.95 2197.65 0.884513
7958.25 2243.03 0.884544
8009.88 2288.69 0.88457
8061.84 2334.66 0.884592
8114.14 2380.92 0.88461
8166.78 2427.49 0.884625
8219.76 2474.36 0.884638
8273.08 2521.53 0.884648
8326.76 2569.01 0.884657
8380.77 2616.8 0.884664
8435.14 2664.9 0.88467
8489.86 2713.31 0.884675
8544.94 2762.03 0.884679
8600.38 2811.08 0.884683
8656.17 2860.44 0.884685
8712.32 2910.12 0.884688
8768.84 2960.12 0.88469
8825.73 3010.45 0.884691
8882.99 3061.1 0.884692
8940.61 3112.08 0.884693
8998.61 3163.39 0.884694
9056.99 3215.04 0.884695
9115.75 3267.02 0.884696
9174.89 3319.34 0.884696
9234.41 3372 0.884696
9294.31 3425 0.884697
9354.61 3478.34 0.884697
9415.29 3532.03 0.884697
9476.38 3586.07 0.884697
9537.85 3640.46 0.884697
9599.73 3695.2 0.884698
9662 3750.29 0.884698
9724.68 3805.75 0.884698
9787.77 3861.56 0.884698
9851.27 3917.74 0.884698
9915.18 3974.27 0.884698
9979.5 4031.18 0.884698
10044.2 4088.46 0.884698
10109.4 4146.1 0.884698
10175 4204.13 0.884698
10241 4262.52 0.884698
10307.4 4321.3 0.884698
10374.3 4380.46 0.884698
10441.6 4440 0.884698
10509.3 4499.93 0.884698
10577.5 4560.25 0.884698
10646.1 4620.95 0.884698
10715.2 4682.06 0.884698
10784.7 4743.55 0.884698
10854.7 4805.45 0.884698
10925.1 4867.75 0.884698
10996 4930.45 0.884698
11067.3 4993.56 0.884698
11139.1 5057.08 0.884698
11211.4 5121.01 0.884698
11284.1 5185.36 0.884698
11357.3 5250.12 0.884698
11431 5315.31 0.884698
11505.1 5380.91 0.884698
11579.8 5446.94 0.884698
11654.9 5513.4 0.884698
11730.5 5580.3 0.884698
11806.6 5647.62 0.884698
11883.2 5715.38 0.884698
11960.3 5783.59 0.884698
12037.9 5852.23 0.884698
12116 5921.32 0.884698
12194.6 5990.86 0.884698
12273.7 6060.85 0.884698
12353.3 6131.29 0.884698
12433.5 6202.19 0.884698
12514.1 6273.55 0.884698
12595.3 6345.37 0.884698
12677 6417.66 0.884698
12759.2 6490.42 0.884698
12842 6563.65 0.884698
12925.3 6637.35 0.884698
13009.2 6711.54 0.884698
13093.6 6786.2 0.884698
13178.5 6861.35 0.884698
13264 6936.99 0.884698
13350.1 7013.11 0.884698
13436.7 7089.73 0.884698
13523.8 7166.85 0.884698
13611.6 7244.47 0.884698
13699.9 7322.59 0.884698
13788.8 7401.22 0.884698
13878.2 7480.36 0.884698
13968.2 7560.01 0.884698
14058.9 7640.18 0.884698
14150.1 7720.87 0.884698
14241.9 7802.08 0.884698
14334.2 7883.82 0.884698
14427.2 7966.09 0.884698
14520.8 8048.89 0.884698
14615 8132.23 0.884698
14709.8 8216.11 0.884698
14805.3 8300.54 0.884698
14901.3 8385.51 0.884698
14998 8471.03 0.884698
15095.3 8557.11 0.884698
15193.2 8643.75 0.884698
15291.8 8730.95 0.884698
15391 8818.71 0.884698
15490.8 8907.05 0.884698
15591.3 8995.95 0.884698
15692.5 9085.44 0.884698
15794.3 9175.5 0.884698
15896.7 9266.15 0.884698
15999.9 9357.39 0.884698
16103.7 9449.22 0.884698
16208.1 9541.64 0.884698
16313.3 9634.67 0.884698
16419.1 9728.29 0.884698
16525.6 9822.53 0.884698
16632.8 9917.37 0.884698
16740.7 10012.8 0.884698
16849.3 10108.9 0.884698
16958.7 10205.6 0.884698
17068.7 10303 0.884698
17179.4 10400.9 0.884698
17290.8 10499.5 0.884698
17403 10598.8 0.884698
17515.9 10698.6 0.884698
17629.6 10799.2 0.884698
17743.9 10900.3 0.884698
17859 11002.2 0.884698
17974.9 11104.7 0.884698
18091.5 11207.8 0.884698
18208.9 11311.7 0.884698
18327 11416.2 0.884698
18445.9 11521.4 0.884698
18565.5 11627.2 0.884698
18686 11733.8 0.884698
18807.2 11841 0.884698
18929.2 11949 0.884698
19052 12057.6 0.884698
19175.6 12167 0.884698
19300 12277 0.884698
19425.2 12387.8 0.884698
19551.2 12499.3 0.884698
19678.1 12611.5 0.884698
19805.7 12724.4 0.884698
19934.2 12838.1 0.884698
20063.5 12952.5 0.884698
20193.7 13067.7 0.884698
20324.7 13183.6 0.884698
20456.6 13300.2 0.884698
20589.3 13417.6 0.884698
20722.8 13535.8 0.884698
20857.3 13654.7 0.884698
20992.6 13774.4 0.884698
21128.8 13894.9 0.884698
21265.8 14016.2 0.884698
21403.8 14138.2 0.884698
21542.7 14261.1 0.884698
21682.4 14384.7 0.884698
21823.1 14509.2 0.884698
21964.6 14634.4 0.884698
22107.1 14760.5 0.884698
22250.6 14887.4 0.884698
22394.9 15015.1 0.884698
22540.2 15143.6 0.884698
22686.4 15273 0.884698
22833.6 15403.2 0.884698
22981.7 15534.2 0.884698
23130.8 15666.1 0.884698
23280.9 15798.9 0.884698
23431.9 15932.5 0.884698
23583.9 16067 0.884698
23736.9 16202.3 0.884698
23890.9 16338.6 0.884698
24045.9 16475.7 0.884698
24201.9 16613.7 0.884698
24358.9 16752.6 0.884698
24516.9 16892.4 0.884698
24676 17033.1 0.884698
24836 17174.7 0.884698
24997.2 17317.3 0.884698
25159.3 17460.7 0.884698
25322.5 17605.1 0.884698
25486.8 17750.5 0.884698
25652.2 17896.8 0.884698
25818.6 18044 0.884698
25986.1 18192.2 0.884698
26154.7 18341.3 0.884698
26324.3 18491.4 0.884698
26495.1 18642.5 0.884698
26667 18794.6 0.884698
26840 18947.6 0.884698
27014.1 19101.7 0.884698
27189.4 19256.7 0.884698
27365.7 19412.8 0.884698
27543.3 19569.8 0.884698
27722 19727.9 0.884698
27901.8 19887 0.884698
28082.8 20047.1 0.884698
28265 20208.3 0.884698
28448.4 20370.5 0.884698
28632.9 20533.8 0.884698
28818.7 20698.1 0.884698
29005.6 20863.5 0.884698
29193.8 21030 0.884698
29383.2 21197.6 0.884698
29573.8 21366.2 0.884698
29765.7 21535.9 0.884698
29958.8 21706.8 0.884698
30153.1 21878.7 0.884698
30348.7 22051.8 0.884698
30545.6 22226 0.884698
30743.8 22401.3 0.884698
30943.2 22577.7 0.884698
31143.9 22755.3 0.884698
31346 22934.1 0.884698
31549.3 23114 0.884698
31754 23295 0.884698
31960 23477.3 0.884698
32167.3 23660.7 0.884698
32376 23845.3 0.884698
32586.1 24031.2 0.884698
32797.5 24218.2 0.884698
33010.2 24406.4 0.884698
33224.4 24595.9 0.884698
33439.9 24786.6 0.884698
33656.9 24978.5 0.884698
33875.2 25171.7 0.884698
34095 25366.1 0.884698
34316.1 25561.8 0.884698
34538.8 25758.7 0.884698
34762.8 25956.9 0.884698
34988.3 26156.5 0.884698
35215.3 26357.3 0.884698
35443.8 26559.4 0.884698
35673.7 26762.8 0.884698
35905.1 26967.6 0.884698
36138.1 27173.6 0.884698
36372.5 27381 0.884698
36608.5 27589.8 0.884698
36846 27799.9 0.884698
37085 28011.4 0.884698
37325.6 28224.2 0.884698
37567.7 28438.4 0.884698
37811.4 28654 0.884698
38056.7 28871.1 0.884698
38303.6 29089.5 0.884698
38552.1 29309.3 0.884698
38802.2 29530.6 0.884698
39053.9 29753.3 0.884698
39307.3 29977.4 0.884698
39562.3 30203 0.884698
39819 30430.1 0.884698
40077.3 30658.6 0.884698
40337.3 30888.6 0.884698
40599 31120.2 0.884698
40862.3 31353.2 0.884698
41127.4 31587.7 0.884698
41394.2 31823.7 0.884698
41662.8 32061.3 0.884698
41933.1 32300.4 0.884698
42205.1 32541.1 0.884698
42478.9 32783.3 0.884698
42754.5 33027.1 0.884698
43031.8 33272.5 0.884698
43311 33519.5 0.884698
43592 33768.1 0.884698
43874.8 34018.2 0.884698
44159.4 34270.1 0.884698
44445.9 34523.5 0.884698
44734.2 34778.6 0.884698
45024.4 35035.3 0.884698
45316.5 35293.8 0.884698
45610.5 35553.8 0.884698
45906.4 35815.6 0.884698
46204.2 36079.1 0.884698
46503.9 36344.3 0.884698
46805.6 36611.2 0.884698
47109.3 36879.8 0.884698
47414.9 37150.2 0.884698
47722.5 37422.3 0.884698
48032.1 37696.2 0.884698
48343.7 37971.9 0.884698
48657.3 38249.3 0.884698
48972.9 38528.6 0.884698
49290.7 38809.7 0.884698
49610.4 39092.6 0.884698
49932.3 39377.3 0.884698
50256.2 39663.9 0.884698
50582.2 39952.3 0.884698
50910.4 40242.6 0.884698
51240.6 40534.8 0.884698
51573.1 40828.9 0.884698
51907.6 41124.9 0.884698
52244.4 41422.8 0.884698
52583.3 41722.7 0.884698
52924.4 42024.5 0.884698
53267.8 42328.2 0.884698
53613.3 42633.9 0.884698
53961.1 42941.6 0.884698
54311.2 43251.3 0.884698
54663.5 43563.1 0.884698
55018.2 43876.8 0.884698
55375.1 44192.6 0.884698
55734.3 44510.4 0.884698
56095.9 44830.3 0.884698
