5.78741e-09 5.95396e-15 4.29514e-06
5.8738e-08 3.33166e-13 8.58285e-06
5.86595e-07 1.45059e-11 3.56977e-05
4.6076e-06 3.38009e-10 8.97843e-05
5.86875e-06 4.61297e-10 0.000114002
2.3369e-05 3.31505e-09 0.000192532
7.39119e-05 1.62978e-08 0.000292274
0.000147358 4.17301e-08 0.000330144
0.000152693 4.34471e-08 0.000292479
0.000165528 4.67976e-08 0.000304172
0.000294481 1.01986e-07 0.000463041
0.000466785 1.89679e-07 0.00054542
0.000739961 3.52227e-07 0.00041641
0.000792747 3.70702e-07 0.000446592
0.000859333 4.13069e-07 0.00055442
0.000931697 4.48502e-07 0.00055104
0.00117285 6.10601e-07 0.000697128
0.00147667 8.31244e-07 0.000750516
0.0017323 1.02935e-06 0.000535855
0.00185963 1.08409e-06 0.000525282
0.00294795 2.00733e-06 0.000908255
0.00467391 3.71532e-06 0.00105104
0.00633042 5.56999e-06 0.00091467
0.0070765 6.16755e-06 0.00093479
0.00933155 8.92099e-06 0.00127133
0.0117504 1.21316e-05 0.00137956
0.0154948 1.7543e-05 0.00122736
0.0177925 2.00421e-05 0.00125466
0.0234638 2.89812e-05 0.00164107
0.0295474 3.94039e-05 0.00177172
0.0354913 5.03041e-05 0.00128079
0.0389653 5.38549e-05 0.00125817
0.0549487 8.51279e-05 0.00191362
0.0590129 9.27925e-05 0.00199187
0.0713035 0.000119369 0.00114686
0.0787306 0.000125461 0.00110854
0.10265 0.000178607 0.00176378
0.112568 0.000193736 0.00180901
0.132297 0.000240204 0.00240921
0.146764 0.000275794 0.00181491
0.15911 0.000293738 0.00177613
0.191354 0.000375514 0.00260957
0.227502 0.000472769 0.000973271
0.245257 0.000484229 0.000805937
0.256566 0.000495831 0.00103354
0.268397 0.000508152 0.00104919
0.280773 0.000521236 0.00106507
0.293719 0.00053513 0.0010812
0.307263 0.000549885 0.00109757
0.321432 0.000565555 0.00111419
0.336253 0.000582195 0.00113106
0.351758 0.000599866 0.00114818
0.367978 0.000618631 0.00116556
0.384946 0.000638559 0.00118321
0.402697 0.000659722 0.00120112
0.421266 0.000682195 0.00121931
0.440691 0.000706061 0.00123777
0.461012 0.000731406 0.00125651
0.48227 0.00075832 0.00127553
0.504508 0.000786902 0.00129484
0.527771 0.000817254 0.00131445
0.552107 0.000849487 0.00133435
0.577566 0.000883717 0.00135455
0.604198 0.000920067 0.00137506
0.632059 0.000958668 0.00139588
0.661204 0.000999662 0.00141701
0.691693 0.00104319 0.00143847
0.723588 0.00108942 0.00146024
0.756953 0.00113852 0.00148235
0.791857 0.00119065 0.00150479
0.828371 0.00124602 0.00152758
0.866568 0.00130481 0.00155071
0.906527 0.00136725 0.00157418
0.948328 0.00143355 0.00159802
0.992057 0.00150396 0.00162221
1.0378 0.00157874 0.00164677
1.08566 0.00165815 0.0016717
1.13572 0.00174247 0.00169701
1.18809 0.00183202 0.00172271
1.24287 0.00192712 0.00174879
1.30018 0.00202811 0.00177526
1.36014 0.00213535 0.00180214
1.42285 0.00224924 0.00182943
1.48846 0.00237018 0.00185712
1.5571 0.00249862 0.00188524
1.6289 0.00263501 0.00191378
1.70401 0.00277985 0.00194276
1.78258 0.00293367 0.00197217
1.86478 0.00309701 0.00200203
1.95077 0.00327047 0.00203234
2.04072 0.00345468 0.00206311
2.13482 0.0036503 0.00209435
2.23326 0.00385804 0.00212606
2.33624 0.00407865 0.00215824
2.44396 0.00431292 0.00219092
2.55666 0.00456171 0.00222409
2.67455 0.00482591 0.00225776
2.79788 0.00510648 0.00229195
2.92689 0.00540443 0.00232665
3.06185 0.00572083 0.00236187
3.20304 0.00605684 0.00239763
3.35074 0.00641366 0.00243393
3.50524 0.00679259 0.00247078
3.66688 0.00719499 0.00250819
3.83596 0.00762232 0.00254616
4.01284 0.00807613 0.00258471
4.19788 0.00855804 0.00262385
4.39145 0.00906982 0.00266357
4.59395 0.00961329 0.0027039
4.80578 0.0101904 0.00274483
5.02738 0.0108033 0.00278639
5.2592 0.0114542 0.00282858
5.50171 0.0121454 0.0028714
5.7554 0.0128794 0.00291488
6.02079 0.0136589 0.00295901
6.29841 0.0144866 0.00300381
6.58884 0.0153657 0.00304928
6.89266 0.0162992 0.00309545
7.21049 0.0172905 0.00314232
7.54298 0.0183433 0.00318989
7.8908 0.0194612 0.00323819
8.25465 0.0206484 0.00328721
8.63529 0.0219092 0.00333698
9.03347 0.0232481 0.0033875
9.45002 0.0246699 0.00343879
9.88577 0.0261798 0.00349085
10.3416 0.0277832 0.00354371
10.8185 0.029486 0.00359736
11.3173 0.0312942 0.00365182
11.8392 0.0332145 0.00370711
12.3851 0.0352537 0.00376324
12.9562 0.0374193 0.00382021
13.5536 0.039719 0.00387805
14.1786 0.0421611 0.00393677
14.8324 0.0447546 0.00399637
15.5164 0.0475087 0.00405687
16.2318 0.0504335 0.00411829
16.9803 0.0535394 0.00418065
17.7633 0.0568378 0.00424394
18.5824 0.0603405 0.0043082
19.4392 0.0640601 0.00437342
20.3356 0.0680102 0.00443964
21.2733 0.072205 0.00450685
22.2543 0.0766597 0.00457509
23.2804 0.0813904 0.00464435
24.3539 0.0864141 0.00471467
25.4769 0.091749 0.00478605
26.6517 0.0974144 0.00485851
27.8806 0.103431 0.00493207
29.1662 0.10982 0.00500674
30.5111 0.116605 0.00508254
31.9181 0.12381 0.00515949
33.3898 0.131462 0.00523761
34.9295 0.139587 0.00531691
36.5401 0.148216 0.0053974
38.225 0.15738 0.00547912
39.9877 0.167111 0.00556208
41.8315 0.177445 0.00564629
43.7605 0.188419 0.00573177
45.7783 0.200073 0.00581855
47.8892 0.212449 0.00590664
50.0974 0.225592 0.00599607
52.4075 0.239549 0.00608685
54.8241 0.254371 0.00617901
57.3521 0.27011 0.00627256
59.9967 0.286825 0.00636752
62.7632 0.304575 0.00646393
65.6573 0.323425 0.00656179
68.6849 0.343443 0.00666114
71.852 0.364701 0.00676199
75.1652 0.387275 0.00686552
75.1652 0.387275 0.00686451
75.6528 0.390659 0.00701464
76.1436 0.394139 0.00716712
76.6376 0.397718 0.00732199
77.1348 0.401397 0.00747931
77.6352 0.40518 0.00763911
78.1388 0.409068 0.00780145
78.6457 0.413065 0.00796636
79.1559 0.417172 0.0081339
79.6694 0.421393 0.00830411
80.1863 0.425729 0.00847704
80.7065 0.430185 0.00865275
81.23 0.434762 0.00883128
81.757 0.439463 0.0090127
82.2874 0.444292 0.00919704
82.8212 0.449252 0.00938437
83.3585 0.454345 0.00957474
83.8993 0.459575 0.00976821
84.4436 0.464946 0.00996484
84.9914 0.470459 0.0101647
85.5428 0.47612 0.0103678
86.0977 0.481931 0.0105743
86.6563 0.487895 0.0107841
87.2184 0.494018 0.0109975
87.7842 0.500302 0.0112143
88.3537 0.506751 0.0114348
88.9269 0.513369 0.0116589
89.5038 0.520161 0.0118868
90.0845 0.52713 0.0121184
90.6689 0.534281 0.012354
91.2571 0.541618 0.0125935
91.8491 0.549146 0.012837
92.4449 0.556869 0.0130847
93.0447 0.564792 0.0133365
93.6483 0.572919 0.0135926
94.2558 0.581256 0.0138531
94.8673 0.589808 0.0141179
95.4827 0.598579 0.0143873
96.1021 0.607576 0.0146613
96.7256 0.616804 0.01494
97.3531 0.626267 0.0152235
97.9847 0.635973 0.0155118
98.6203 0.645926 0.0158052
99.2601 0.656134 0.0161036
99.904 0.666601 0.0164071
100.552 0.677335 0.0167159
101.204 0.688342 0.0170301
101.861 0.699628 0.0173498
102.522 0.7112 0.0176751
103.187 0.723066 0.018006
103.856 0.735232 0.0183427
104.53 0.747706 0.0186854
105.208 0.760495 0.019034
105.891 0.773607 0.0193889
106.578 0.78705 0.0197499
107.269 0.800833 0.0201174
107.965 0.814962 0.0204914
108.665 0.829448 0.020872
109.37 0.844298 0.0212594
110.08 0.859522 0.0216537
110.794 0.875129 0.022055
111.513 0.891128 0.0224636
112.236 0.907529 0.0228794
112.964 0.924342 0.0233027
113.697 0.941577 0.0237336
114.435 0.959245 0.0241722
115.177 0.977355 0.0246188
115.924 0.99592 0.0250734
116.676 1.01495 0.0255363
117.433 1.03446 0.0260075
118.195 1.05445 0.0264873
118.962 1.07495 0.0269758
119.734 1.09596 0.0274732
120.51 1.1175 0.0279797
121.292 1.13957 0.0284954
122.079 1.1622 0.0290205
122.871 1.1854 0.0295552
123.668 1.20917 0.0300997
124.47 1.23354 0.0306542
125.278 1.25852 0.0312189
126.091 1.28413 0.0317939
126.909 1.31038 0.0323796
127.732 1.33728 0.032976
128.561 1.36486 0.0335834
129.395 1.39313 0.034202
130.234 1.4221 0.0348321
131.079 1.4518 0.0354738
131.929 1.48224 0.0361274
132.785 1.51345 0.036793
133.646 1.54543 0.0374711
134.513 1.57822 0.0381617
135.386 1.61183 0.0388651
136.264 1.64628 0.0395816
137.148 1.68159 0.0403114
138.038 1.71779 0.0410548
138.934 1.75489 0.041812
139.835 1.79293 0.0425833
140.742 1.83191 0.043369
141.655 1.87188 0.0441693
142.574 1.91284 0.0449846
143.499 1.95483 0.045815
144.43 1.99788 0.0466609
145.367 2.042 0.0475226
146.31 2.08723 0.0484003
147.259 2.13359 0.0492944
148.215 2.18112 0.0502052
149.176 2.22984 0.051133
150.144 2.27978 0.052078
151.118 2.33098 0.0530407
152.098 2.38346 0.0540213
153.085 2.43725 0.0550202
154.078 2.4924 0.0560376
155.078 2.54893 0.057074
156.084 2.60688 0.0581297
157.096 2.66628 0.0592049
158.115 2.72718 0.0603002
159.141 2.78961 0.0614157
160.173 2.8536 0.0625519
161.213 2.9192 0.0637092
162.258 2.98644 0.0648878
163.311 3.05538 0.0660883
164.37 3.12604 0.0673108
165.437 3.19848 0.0685559
166.51 3.27274 0.0698239
167.59 3.34886 0.0711152
168.678 3.4269 0.0724302
169.772 3.50689 0.0737692
170.873 3.58888 0.0751327
171.982 3.67294 0.0765211
173.097 3.7591 0.0779347
174.22 3.84743 0.079374
175.351 3.93797 0.0808393
176.488 4.03077 0.0823311
177.633 4.12591 0.0838499
178.785 4.22342 0.0853959
179.945 4.32338 0.0869696
181.113 4.42584 0.0885714
182.288 4.53087 0.0902018
183.47 4.63852 0.0918611
184.66 4.74886 0.0935497
185.858 4.86196 0.0952682
187.064 4.97788 0.0970168
188.278 5.09669 0.098796
189.499 5.21847 0.100606
190.728 5.34328 0.102448
191.966 5.4712 0.104321
193.211 5.60231 0.106227
194.464 5.73667 0.108165
195.726 5.87437 0.110136
196.996 6.01549 0.112141
198.274 6.1601 0.114179
199.56 6.3083 0.116252
200.855 6.46017 0.118359
202.158 6.61578 0.120501
203.469 6.77525 0.122678
204.789 6.93864 0.12489
206.118 7.10605 0.127139
207.455 7.27758 0.129424
208.801 7.45333 0.131745
210.155 7.63338 0.134103
211.519 7.81785 0.136498
212.891 8.00682 0.13893
214.272 8.2004 0.1414
215.662 8.3987 0.143908
217.061 8.60182 0.146454
218.469 8.80986 0.149038
219.886 9.02295 0.151661
221.313 9.24119 0.154322
222.749 9.46469 0.157021
224.194 9.69358 0.15976
225.648 9.92795 0.162537
227.112 10.1679 0.165353
228.585 10.4137 0.168208
230.068 10.6653 0.171102
231.561 10.9228 0.174035
233.063 11.1865 0.177006
234.575 11.4564 0.180016
236.097 11.7327 0.183065
237.628 12.0154 0.186151
239.17 12.3048 0.189276
240.722 12.6009 0.192439
242.283 12.9039 0.195638
243.855 13.214 0.198875
245.437 13.5312 0.202149
247.029 13.8557 0.205459
248.632 14.1876 0.208804
250.245 14.5271 0.212184
251.868 14.8744 0.215599
253.502 15.2295 0.219047
255.147 15.5926 0.222528
256.802 15.9638 0.226042
258.468 16.3433 0.229586
260.145 16.7313 0.233161
261.832 17.1278 0.236765
263.531 17.5331 0.240397
265.24 17.9472 0.244056
266.961 18.3703 0.24774
268.693 18.8026 0.251449
270.436 19.2442 0.255181
272.191 19.6951 0.258935
273.956 20.1557 0.262708
275.734 20.626 0.266499
277.522 21.1061 0.270307
279.323 21.5962 0.274129
281.135 22.0964 0.277964
282.959 22.6069 0.281809
284.794 23.1277 0.285663
286.642 23.659 0.289523
288.501 24.201 0.293387
290.373 24.7537 0.297253
292.257 25.3173 0.301117
294.153 25.8919 0.304978
296.061 26.4776 0.308832
297.982 27.0744 0.312677
299.915 27.6826 0.31651
301.86 28.3021 0.320327
303.819 28.9331 0.324126
305.79 29.5757 0.327903
307.773 30.2299 0.331656
309.77 30.8958 0.335379
311.78 31.5735 0.339071
313.802 32.263 0.342727
315.838 32.9644 0.346343
317.887 33.6777 0.349915
319.949 34.4029 0.353441
322.025 35.1401 0.356915
324.114 35.8893 0.360333
326.217 36.6505 0.363691
328.333 37.4237 0.366985
330.463 38.2088 0.370211
332.607 39.0058 0.373364
334.764 39.8148 0.376439
336.936 40.6355 0.379431
339.122 41.4681 0.382337
341.322 42.3123 0.385151
343.536 43.1682 0.387869
345.765 44.0355 0.390485
348.008 44.9142 0.392996
350.266 45.8042 0.395395
352.538 46.7052 0.397679
354.825 47.6172 0.399842
357.127 48.5399 0.40188
359.444 49.4732 0.403787
361.776 50.4169 0.405558
364.123 51.3706 0.40719
366.485 52.3342 0.408677
368.862 53.3074 0.410014
371.255 54.29 0.411197
373.664 55.2816 0.412221
376.088 56.2819 0.413082
378.528 57.2906 0.413776
380.983 58.3073 0.414297
383.455 59.3317 0.414643
385.942 60.3634 0.41481
388.446 61.4019 0.414792
390.966 62.447 0.414588
393.502 63.498 0.414193
396.055 64.5546 0.413605
398.625 65.6163 0.41282
401.211 66.6826 0.411836
403.813 67.7529 0.41065
406.433 68.8269 0.40926
409.07 69.9039 0.407665
411.724 70.9833 0.405863
414.395 72.0647 0.403852
417.083 73.1474 0.401632
419.789 74.2308 0.399201
422.512 75.3144 0.396561
425.253 76.3975 0.393711
428.012 77.4794 0.390651
430.788 78.5596 0.387382
433.583 79.6373 0.383906
436.396 80.712 0.380224
439.227 81.7829 0.37634
442.076 82.8495 0.372254
444.944 83.9109 0.36797
447.831 84.9666 0.363491
450.736 86.0158 0.358822
453.66 87.058 0.353967
456.603 88.0923 0.34893
459.565 89.1181 0.343716
462.547 90.1349 0.338331
465.547 91.1418 0.33278
468.567 92.1382 0.327071
471.607 93.1235 0.32121
474.667 94.0971 0.315204
477.746 95.0582 0.309061
480.845 96.0064 0.302788
483.965 96.9409 0.296394
487.104 97.8613 0.289887
490.264 98.7669 0.283276
493.445 99.6572 0.276571
496.646 100.532 0.26978
499.868 101.39 0.262913
503.111 102.231 0.255981
506.375 103.055 0.248993
509.66 103.862 0.241959
512.966 104.65 0.23489
516.294 105.42 0.227796
519.643 106.171 0.220687
523.014 106.903 0.213574
526.407 107.615 0.206468
529.822 108.308 0.199378
533.26 108.982 0.192315
536.719 109.635 0.18529
540.201 110.268 0.178312
543.705 110.88 0.17139
547.233 111.473 0.164536
550.783 112.045 0.157757
554.356 112.597 0.151064
557.952 113.128 0.144465
561.572 113.639 0.137968
565.215 114.13 0.131581
568.882 114.601 0.125312
572.572 115.052 0.119169
576.287 115.484 0.113157
580.025 115.896 0.107283
583.788 116.289 0.101553
587.575 116.663 0.0959726
591.387 117.018 0.0905458
595.224 117.356 0.085277
599.085 117.675 0.08017
602.971 117.977 0.0752277
606.883 118.262 0.0704528
610.82 118.53 0.0658472
614.783 118.782 0.0614124
618.771 119.019 0.0571493
622.785 119.24 0.0530584
626.826 119.447 0.0491393
630.892 119.639 0.0453916
634.985 119.817 0.0418141
639.104 119.982 0.0384052
643.25 120.135 0.0351628
647.423 120.275 0.0320845
651.623 120.404 0.0291675
655.851 120.521 0.0264084
660.105 120.628 0.0238037
664.388 120.725 0.0213496
668.698 120.812 0.0190418
673.036 120.89 0.0168759
677.402 120.959 0.0148473
681.797 121.02 0.0129512
686.22 121.074 0.0111824
690.671 121.12 0.00953604
695.152 121.159 0.00800674
699.662 121.192 0.00658926
704.201 121.219 0.00527828
708.769 121.24 0.00406845
713.367 121.256 0.00295448
717.995 121.268 0.00193108
722.653 121.274 0.000993037
727.341 121.277 0.000135241
732.06 121.277 0
736.809 121.277 0
741.589 121.277 0
746.4 121.277 0
751.242 121.277 0
756.115 121.277 0
761.021 121.277 0
765.958 121.277 0
770.927 121.277 0
775.928 121.277 0
780.962 121.277 0
786.028 121.277 0
791.127 121.277 0
796.26 121.277 0
801.425 121.277 0
806.624 121.277 0
811.857 121.277 0
817.124 121.277 0
822.425 121.277 0
827.76 121.277 0
833.13 121.277 0
838.535 121.277 0
843.975 121.277 0
849.45 121.277 0
854.961 121.277 0
860.507 121.277 0
866.09 121.277 0
871.708 121.277 0
877.363 121.277 0
883.055 121.277 0
888.784 121.277 0
894.55 121.277 0
900.353 121.277 0
906.194 121.277 0
912.073 121.277 0
917.99 121.277 0
923.945 121.277 0
929.939 121.277 0
935.972 121.277 0
942.044 121.277 0
948.155 121.277 0
954.306 121.277 0
960.497 121.277 0
966.728 121.277 0
973 121.277 0
979.312 121.277 0
985.665 121.277 0
992.059 121.277 0
998.495 121.277 0
1004.97 121.277 0
1011.49 121.277 0
1018.05 121.277 0
1024.66 121.277 0
1031.31 121.277 0
1038 121.277 0
1044.73 121.277 0
1051.51 121.277 0
1058.33 121.277 0
1065.2 121.277 0
1072.11 121.277 0
1079.06 121.277 0
1086.06 121.277 0
1093.11 121.277 0
1100.2 121.277 0
1107.34 121.277 0
1114.52 121.277 0
1121.75 121.277 0
1129.03 121.277 0
1136.35 121.277 0
1143.72 121.277 0
1151.14 121.277 0
1158.61 121.277 0
1166.13 121.277 0
1173.69 121.277 0
1181.31 121.277 0
1188.97 121.277 0
1196.68 121.277 0
1204.45 121.277 0
1212.26 121.277 0
1220.12 121.277 0
1228.04 121.277 0
1236.01 121.277 0
1244.02 121.277 0
1252.09 121.277 0
1260.22 121.277 0
1268.39 121.277 0
1276.62 121.277 0
1284.9 121.277 0
1293.24 121.277 0
1301.63 121.277 0
1310.07 121.277 0
1318.57 121.277 0
1327.13 121.277 0
1335.74 121.277 0
1344.4 121.277 0
1353.12 121.277 0
1361.9 121.277 0
1370.74 121.277 0
1379.63 121.277 0
1388.58 121.277 0
1397.59 121.277 0
1406.65 121.277 0
1415.78 121.277 0
1424.96 121.277 0
1434.21 121.277 0
1443.51 121.277 0
1452.88 121.277 0
1462.3 121.277 0
1471.79 121.277 0
1481.34 121.277 0
1490.95 121.277 0
1500.62 121.277 0
1510.35 121.277 0
1520.15 121.277 0
1530.01 121.277 0
1539.94 121.277 0
1549.93 121.277 0
1559.98 121.277 0
1570.1 121.277 0
1580.29 121.277 0
1590.54 121.277 0
1600.86 121.277 0
1611.25 121.277 0
1621.7 121.277 0
1632.22 121.277 0
1642.81 121.277 0
1653.47 121.277 0
1664.19 121.277 0
1674.99 121.277 0
1685.85 121.277 0
1696.79 121.277 0
1707.8 121.277 0
1718.88 121.277 0
1730.03 121.277 0
1741.25 121.277 0
1752.55 121.277 0
1763.92 121.277 0
1775.36 121.277 0
1786.88 121.277 0
1798.47 121.277 0
1810.14 121.277 0
1821.88 121.277 0
1833.7 121.277 0
1845.6 121.277 0
1857.57 121.277 0
1869.62 121.277 0
1881.75 121.277 0
1893.96 121.277 0
1906.24 121.277 0
1918.61 121.277 0
1931.06 121.277 0
1943.58 121.277 0
1956.19 121.277 0
1968.88 121.277 0
1981.66 121.277 0
1994.51 121.277 0
2007.45 121.277 0
2020.47 121.277 0
2033.58 121.277 0
2046.77 121.277 0
2060.05 121.277 0
2073.42 121.277 0
2086.87 121.277 0
2100.41 121.277 0
2114.03 121.277 0
2127.75 121.277 0
2141.55 121.277 0
2155.44 121.277 0
2169.43 121.277 0
2183.5 121.277 0
2197.66 121.277 0
2211.92 121.277 0
2226.27 121.277 0
2240.71 121.277 0
2255.25 121.277 0
2269.88 121.277 0
2284.61 121.277 0
2299.43 121.277 0
2314.34 121.277 0
2329.36 121.277 0
2344.47 121.277 0
2359.68 121.277 0
2374.99 121.277 0
2390.39 121.277 0
2405.9 121.277 0
2421.51 121.277 0
2437.22 121.277 0
2453.03 121.277 0
2468.94 121.277 0
2484.96 121.277 0
2501.08 121.277 0
2517.31 121.277 0
2533.64 121.277 0
2550.07 121.277 0
2566.62 121.277 0
2583.27 121.277 0
2600.03 121.277 0
2616.89 121.277 0
2633.87 121.277 0
2650.96 121.277 0
2668.15 121.277 0
2685.46 121.277 0
2702.89 121.277 0
2720.42 121.277 0
2738.07 121.277 0
2755.83 121.277 0
2773.71 121.277 0
2791.7 121.277 0
2809.81 121.277 0
2828.04 121.277 0
2846.39 121.277 0
2864.85 121.277 0
2883.44 121.277 0
2902.15 121.277 0
2920.97 121.277 0
2939.92 121.277 0
2958.99 121.277 0
2978.19 121.277 0
2997.51 121.277 0
3016.96 121.277 0
3036.53 121.277 0
3056.23 121.277 0
3076.05 121.277 0
3096.01 121.277 0
3116.1 121.277 0
3136.31 121.277 0
3156.66 121.277 0
3177.14 121.277 0
3197.75 121.277 0
3218.49 121.277 0
3239.37 121.277 0
3260.39 121.277 0
3281.54 121.277 0
3302.83 121.277 0
3324.25 121.277 0
3345.82 121.277 0
3367.52 121.277 0
3389.37 121.277 0
3411.36 121.277 0
3433.49 121.277 0
3455.76 121.277 0
3478.18 121.277 0
3500.75 121.277 0
3523.46 121.277 0
3546.31 121.277 0
3569.32 121.277 0
3592.48 121.277 0
3615.78 121.277 0
3639.24 121.277 0
3662.85 121.277 0
3686.61 121.277 0
3710.53 121.277 0
3734.6 121.277 0
3758.82 121.277 0
3783.21 121.277 0
3807.75 121.277 0
3832.45 121.277 0
3857.32 121.277 0
3882.34 121.277 0
3907.53 121.277 0
3932.88 121.277 0
3958.39 121.283 0.000431154
3984.07 121.302 0.00109153
4009.92 121.34 0.00181358
4035.93 121.397 0.00260337
4062.11 121.477 0.00346761
4088.47 121.581 0.0044137
4114.99 121.712 0.00544978
4141.68 121.872 0.00658483
4168.55 122.066 0.00782874
4195.6 122.296 0.0091924
4222.81 122.566 0.0106878
4250.21 122.882 0.0123282
4277.78 123.246 0.014128
4305.53 123.666 0.0161033
4333.46 124.146 0.0182715
4361.58 124.693 0.020652
4389.87 125.314 0.0232658
4418.35 126.018 0.026136
4447.01 126.812 0.0292879
4475.86 127.707 0.032749
4504.9 128.713 0.0365492
4534.12 129.842 0.0407213
4563.54 131.107 0.0453004
4593.14 132.523 0.0503247
4622.94 134.105 0.0558352
4652.93 135.87 0.0618756
4683.12 137.837 0.0684929
4713.5 140.028 0.0757365
4744.08 142.465 0.0836587
4774.85 145.173 0.0923139
4805.83 148.179 0.101758
4837.01 151.512 0.11205
4868.39 155.204 0.123246
4899.97 159.288 0.135406
4931.76 163.802 0.148584
4963.75 168.784 0.162834
4995.95 174.275 0.178204
5028.36 180.318 0.194736
5060.98 186.96 0.212463
5093.82 194.246 0.231407
5126.86 202.227 0.251578
5160.12 210.95 0.272968
5193.6 220.466 0.295554
5227.29 230.823 0.319293
5261.2 242.072 0.344118
5295.33 254.258 0.369945
5329.68 267.426 0.396664
5364.26 281.616 0.424145
5399.06 296.865 0.45224
5434.09 313.204 0.48078
5469.34 330.661 0.509586
5504.82 349.254 0.538468
5540.53 368.997 0.567232
5576.48 389.897 0.595684
5612.65 411.952 0.623637
5649.06 435.156 0.650915
5685.71 459.495 0.677355
5722.6 484.949 0.702815
5759.72 511.493 0.727174
5797.09 539.097 0.750335
5834.69 567.727 0.772224
5872.55 597.346 0.79279
5910.64 627.915 0.812008
5948.99 659.394 0.829871
5987.58 691.74 0.846391
6026.42 724.912 0.861598
6065.52 758.869 0.875534
6104.87 793.571 0.888251
6144.47 828.979 0.899811
6184.33 865.055 0.910281
6224.45 901.765 0.919731
6264.83 939.076 0.928233
6305.48 976.956 0.935859
6346.38 1015.38 0.942682
6387.55 1054.31 0.948769
6428.99 1093.74 0.954187
6470.7 1133.64 0.958998
6512.68 1173.98 0.963262
6554.93 1214.76 0.967033
6597.45 1255.96 0.970361
6640.25 1297.55 0.973294
6683.33 1339.53 0.975874
6726.69 1381.89 0.978139
6770.32 1424.62 0.980126
6814.25 1467.71 0.981866
6858.45 1511.15 0.983387
6902.95 1554.93 0.984716
6947.73 1599.05 0.985874
6992.8 1643.51 0.986883
7038.16 1688.3 0.987761
7083.82 1733.42 0.988523
7129.78 1778.86 0.989185
7176.03 1824.63 0.989758
7222.59 1870.72 0.990255
7269.44 1917.12 0.990685
7316.6 1963.85 0.991056
7364.07 2010.9 0.991376
7411.84 2058.27 0.991652
7459.92 2105.96 0.991889
7508.32 2153.97 0.992094
7557.03 2202.29 0.992269
7606.05 2250.94 0.99242
7655.39 2299.92 0.992549
7705.06 2349.21 0.99266
7755.04 2398.83 0.992754
7805.35 2448.78 0.992835
7855.99 2499.05 0.992904
7906.95 2549.66 0.992963
7958.25 2600.59 0.993013
8009.88 2651.86 0.993056
8061.84 2703.47 0.993092
8114.14 2755.41 0.993123
8166.78 2807.68 0.993149
8219.76 2860.3 0.993171
8273.08 2913.26 0.99319
8326.76 2966.57 0.993206
8380.77 3020.22 0.993219
8435.14 3074.22 0.99323
8489.86 3128.57 0.99324
8544.94 3183.28 0.993248
8600.38 3238.34 0.993254
8656.17 3293.75 0.99326
8712.32 3349.53 0.993265
8768.84 3405.67 0.993269
8825.73 3462.17 0.993272
8882.99 3519.05 0.993275
8940.61 3576.28 0.993277
8998.61 3633.9 0.993279
9056.99 3691.88 0.993281
9115.75 3750.24 0.993282
9174.89 3808.98 0.993283
9234.41 3868.1 0.993284
9294.31 3927.61 0.993285
9354.61 3987.5 0.993285
9415.29 4047.78 0.993286
9476.38 4108.45 0.993286
9537.85 4169.51 0.993287
9599.73 4230.97 0.993287
9662 4292.83 0.993287
9724.68 4355.09 0.993287
9787.77 4417.75 0.993287
9851.27 4480.82 0.993288
9915.18 4544.3 0.993288
9979.5 4608.2 0.993288
10044.2 4672.5 0.993288
10109.4 4737.23 0.993288
10175 4802.37 0.993288
10241 4867.93 0.993288
10307.4 4933.92 0.993288
10374.3 5000.34 0.993288
10441.6 5067.19 0.993288
10509.3 5134.48 0.993288
10577.5 5202.2 0.993288
10646.1 5270.36 0.993288
10715.2 5338.96 0.993288
10784.7 5408.01 0.993288
10854.7 5477.5 0.993288
10925.1 5547.45 0.993288
10996 5617.85 0.993288
11067.3 5688.7 0.993288
11139.1 5760.02 0.993288
11211.4 5831.8 0.993288
11284.1 5904.04 0.993288
11357.3 5976.75 0.993288
11431 6049.94 0.993288
11505.1 6123.6 0.993288
11579.8 6197.73 0.993288
11654.9 6272.35 0.993288
11730.5 6347.45 0.993288
11806.6 6423.04 0.993288
11883.2 6499.12 0.993288
11960.3 6575.69 0.993288
12037.9 6652.76 0.993288
12116 6730.33 0.993288
12194.6 6808.41 0.993288
12273.7 6886.99 0.993288
12353.3 6966.08 0.993288
12433.5 7045.68 0.993288
12514.1 7125.8 0.993288
12595.3 7206.44 0.993288
12677 7287.6 0.993288
12759.2 7369.29 0.993288
12842 7451.5 0.993288
12925.3 7534.26 0.993288
13009.2 7617.54 0.993288
13093.6 7701.37 0.993288
13178.5 7785.75 0.993288
13264 7870.67 0.993288
13350.1 7956.14 0.993288
13436.7 8042.16 0.993288
13523.8 8128.74 0.993288
13611.6 8215.89 0.993288
13699.9 8303.6 0.993288
13788.8 8391.88 0.993288
13878.2 8480.73 0.993288
13968.2 8570.16 0.993288
14058.9 8660.17 0.993288
14150.1 8750.76 0.993288
14241.9 8841.94 0.993288
14334.2 8933.71 0.993288
14427.2 9026.08 0.993288
14520.8 9119.05 0.993288
14615 9212.62 0.993288
14709.8 9306.79 0.993288
14805.3 9401.58 0.993288
14901.3 9496.98 0.993288
14998 9593 0.993288
15095.3 9689.65 0.993288
15193.2 9786.92 0.993288
15291.8 9884.82 0.993288
15391 9983.36 0.993288
15490.8 10082.5 0.993288
15591.3 10182.4 0.993288
15692.5 10282.8 0.993288
15794.3 10383.9 0.993288
15896.7 10485.7 0.993288
15999.9 10588.2 0.993288
16103.7 10691.3 0.993288
16208.1 10795 0.993288
16313.3 10899.5 0.993288
16419.1 11004.6 0.993288
16525.6 11110.4 0.993288
16632.8 11216.9 0.993288
16740.7 11324.1 0.993288
16849.3 11431.9 0.993288
16958.7 11540.5 0.993288
17068.7 11649.8 0.993288
17179.4 11759.8 0.993288
17290.8 11870.5 0.993288
17403 11981.9 0.993288
17515.9 12094 0.993288
17629.6 12206.9 0.993288
17743.9 12320.5 0.993288
17859 12434.8 0.993288
17974.9 12549.9 0.993288
18091.5 12665.7 0.993288
18208.9 12782.3 0.993288
18327 12899.7 0.993288
18445.9 13017.8 0.993288
18565.5 13136.6 0.993288
18686 13256.2 0.993288
18807.2 13376.7 0.993288
18929.2 13497.8 0.993288
19052 13619.8 0.993288
19175.6 13742.6 0.993288
19300 13866.2 0.993288
19425.2 13990.5 0.993288
19551.2 14115.7 0.993288
19678.1 14241.7 0.993288
19805.7 14368.5 0.993288
19934.2 14496.1 0.993288
20063.5 14624.6 0.993288
20193.7 14753.8 0.993288
20324.7 14884 0.993288
20456.6 15014.9 0.993288
20589.3 15146.8 0.993288
20722.8 15279.4 0.993288
20857.3 15413 0.993288
20992.6 15547.4 0.993288
21128.8 15682.6 0.993288
21265.8 15818.8 0.993288
21403.8 15955.8 0.993288
21542.7 16093.7 0.993288
21682.4 16232.6 0.993288
21823.1 16372.3 0.993288
21964.6 16512.9 0.993288
22107.1 16654.4 0.993288
22250.6 16796.9 0.993288
22394.9 16940.3 0.993288
22540.2 17084.6 0.993288
22686.4 17229.8 0.993288
22833.6 17376 0.993288
22981.7 17523.1 0.993288
23130.8 17671.2 0.993288
23280.9 17820.3 0.993288
23431.9 17970.3 0.993288
23583.9 18121.3 0.993288
23736.9 18273.3 0.993288
23890.9 18426.2 0.993288
24045.9 18580.2 0.993288
24201.9 18735.1 0.993288
24358.9 18891.1 0.993288
24516.9 19048 0.993288
24676 19206 0.993288
24836 19365 0.993288
24997.2 19525.1 0.993288
25159.3 19686.1 0.993288
25322.5 19848.3 0.993288
25486.8 20011.4 0.993288
25652.2 20175.7 0.993288
25818.6 20341 0.993288
25986.1 20507.3 0.993288
26154.7 20674.8 0.993288
26324.3 20843.3 0.993288
26495.1 21012.9 0.993288
26667 21183.7 0.993288
26840 21355.5 0.993288
27014.1 21528.5 0.993288
27189.4 21702.5 0.993288
27365.7 21877.7 0.993288
27543.3 22054.1 0.993288
27722 22231.6 0.993288
27901.8 22410.2 0.993288
28082.8 22590 0.993288
28265 22771 0.993288
28448.4 22953.1 0.993288
28632.9 23136.4 0.993288
28818.7 23320.9 0.993288
29005.6 23506.6 0.993288
29193.8 23693.5 0.993288
29383.2 23881.6 0.993288
29573.8 24071 0.993288
29765.7 24261.5 0.993288
29958.8 24453.3 0.993288
30153.1 24646.4 0.993288
30348.7 24840.7 0.993288
30545.6 25036.3 0.993288
30743.8 25233.1 0.993288
30943.2 25431.2 0.993288
31143.9 25630.6 0.993288
31346 25831.3 0.993288
31549.3 26033.3 0.993288
31754 26236.6 0.993288
31960 26441.2 0.993288
32167.3 26647.1 0.993288
32376 26854.4 0.993288
32586.1 27063 0.993288
32797.5 27273 0.993288
33010.2 27484.3 0.993288
33224.4 27697.1 0.993288
33439.9 27911.1 0.993288
33656.9 28126.6 0.993288
33875.2 28343.5 0.993288
34095 28561.8 0.993288
34316.1 28781.5 0.993288
34538.8 29002.6 0.993288
34762.8 29225.2 0.993288
34988.3 29449.2 0.993288
35215.3 29674.6 0.993288
35443.8 29901.6 0.993288
35673.7 30130 0.993288
35905.1 30359.8 0.993288
36138.1 30591.2 0.993288
36372.5 30824.1 0.993288
36608.5 31058.4 0.993288
36846 31294.3 0.993288
37085 31531.8 0.993288
37325.6 31770.7 0.993288
37567.7 32011.3 0.993288
37811.4 32253.3 0.993288
38056.7 32497 0.993288
38303.6 32742.2 0.993288
38552.1 32989 0.993288
38802.2 33237.5 0.993288
39053.9 33487.5 0.993288
39307.3 33739.2 0.993288
39562.3 33992.4 0.993288
39819 34247.4 0.993288
40077.3 34504 0.993288
40337.3 34762.2 0.993288
40599 35022.1 0.993288
40862.3 35283.7 0.993288
41127.4 35547.1 0.993288
41394.2 35812.1 0.993288
41662.8 36078.8 0.993288
41933.1 36347.3 0.993288
42205.1 36617.5 0.993288
42478.9 36889.4 0.993288
42754.5 37163.2 0.993288
43031.8 37438.7 0.993288
43311 37716 0.993288
43592 37995.1 0.993288
43874.8 38276 0.993288
44159.4 38558.7 0.993288
44445.9 38843.2 0.993288
44734.2 39129.6 0.993288
45024.4 39417.9 0.993288
45316.5 39708 0.993288
45610.5 40000 0.993288
45906.4 40293.9 0.993288
46204.2 40589.7 0.993288
46503.9 40887.5 0.993288
46805.6 41187.1 0.993288
47109.3 41488.7 0.993288
47414.9 41792.3 0.993288
47722.5 42097.8 0.993288
48032.1 42405.4 0.993288
48343.7 42714.9 0.993288
48657.3 43026.4 0.993288
48972.9 43339.9 0.993288
49290.7 43655.5 0.993288
49610.4 43973.1 0.993288
49932.3 44292.8 0.993288
50256.2 44614.5 0.993288
50582.2 44938.4 0.993288
50910.4 45264.3 0.993288
51240.6 45592.4 0.993288
51573.1 45922.6 0.993288
51907.6 46254.9 0.993288
52244.4 46589.4 0.993288
52583.3 46926 0.993288
52924.4 47264.9 0.993288
53267.8 47605.9 0.993288
53613.3 47949.2 0.993288
53961.1 48294.6 0.993288
54311.2 48642.3 0.993288
54663.5 48992.3 0.993288
55018.2 49344.6 0.993288
55375.1 49699.1 0.993288
55734.3 50055.9 0.993288
56095.9 50415.1 0.993288
