5.78741e-09 5.95396e-15 4.29514e-06
5.8738e-08 3.33166e-13 8.58285e-06
5.86595e-07 1.45059e-11 3.56977e-05
4.6076e-06 3.38009e-10 8.97843e-05
5.86875e-06 4.61297e-10 0.000114002
2.3369e-05 3.31505e-09 0.000192532
7.39119e-05 1.62978e-08 0.000292274
0.000147358 4.17301e-08 0.000330144
0.000152693 4.34471e-08 0.000292479
0.000165528 4.67976e-08 0.000304172
0.000294481 1.01986e-07 0.000463041
0.000466785 1.89679e-07 0.00054542
0.000739961 3.52227e-07 0.00041641
0.000792747 3.70702e-07 0.000446592
0.000859333 4.13069e-07 0.00055442
0.000931697 4.48502e-07 0.00055104
0.00117285 6.10601e-07 0.000697128
0.00147667 8.31244e-07 0.000750516
0.0017323 1.02935e-06 0.000535855
0.00185963 1.08409e-06 0.000525282
0.00294795 2.00733e-06 0.000908255
0.00467391 3.71532e-06 0.00105104
0.00633042 5.56999e-06 0.00091467
0.0070765 6.16755e-06 0.00093479
0.00933155 8.92099e-06 0.00127133
0.0117504 1.21316e-05 0.00137956
0.0154948 1.7543e-05 0.00122736
0.0177925 2.00421e-05 0.00125466
0.0234638 2.89812e-05 0.00164107
0.0295474 3.94039e-05 0.00177172
0.0354913 5.03041e-05 0.00128079
0.0389653 5.38549e-05 0.00125817
0.0549487 8.51279e-05 0.00191362
0.0590129 9.27925e-05 0.00199187
0.0713035 0.000119369 0.00114686
0.0787306 0.000125461 0.00110854
0.10265 0.000178607 0.00176378
0.112568 0.000193736 0.00180901
0.132297 0.000240204 0.00240921
0.146764 0.000275794 0.00181491
0.15911 0.000293738 0.00177613
0.191354 0.000375514 0.00260957
0.227502 0.000472769 0.000973271
0.245257 0.000484229 0.000805937
0.256566 0.000495831 0.00103354
0.268397 0.000508152 0.00104919
0.280773 0.000521236 0.00106507
0.293719 0.00053513 0.0010812
0.307263 0.000549885 0.00109757
0.321432 0.000565555 0.00111419
0.336253 0.000582195 0.00113106
0.351758 0.000599866 0.00114818
0.367978 0.000618631 0.00116556
0.384946 0.000638559 0.00118321
0.402697 0.000659722 0.00120112
0.421266 0.000682195 0.00121931
0.440691 0.000706061 0.00123777
0.461012 0.000731406 0.00125651
0.48227 0.00075832 0.00127553
0.504508 0.000786902 0.00129484
0.527771 0.000817254 0.00131445
0.552107 0.000849487 0.00133435
0.577566 0.000883717 0.00135455
0.604198 0.000920067 0.00137506
0.632059 0.000958668 0.00139588
0.661204 0.000999662 0.00141701
0.691693 0.00104319 0.00143847
0.723588 0.00108942 0.00146024
0.756953 0.00113852 0.00148235
0.791857 0.00119065 0.00150479
0.828371 0.00124602 0.00152758
0.866568 0.00130481 0.00155071
0.906527 0.00136725 0.00157418
0.948328 0.00143355 0.00159802
0.992057 0.00150396 0.00162221
1.0378 0.00157874 0.00164677
1.08566 0.00165815 0.0016717
1.13572 0.00174247 0.00169701
1.18809 0.00183202 0.00172271
1.24287 0.00192712 0.00174879
1.30018 0.00202811 0.00177526
1.36014 0.00213535 0.00180214
1.42285 0.00224924 0.00182943
1.48846 0.00237018 0.00185712
1.5571 0.00249862 0.00188524
1.6289 0.00263501 0.00191378
1.70401 0.00277985 0.00194276
1.78258 0.00293367 0.00197217
1.86478 0.00309701 0.00200203
1.95077 0.00327047 0.00203234
2.04072 0.00345468 0.00206311
2.13482 0.0036503 0.00209435
2.23326 0.00385804 0.00212606
2.33624 0.00407865 0.00215824
2.44396 0.00431292 0.00219092
2.55666 0.00456171 0.00222409
2.67455 0.00482591 0.00225776
2.79788 0.00510648 0.00229195
2.92689 0.00540443 0.00232665
3.06185 0.00572083 0.00236187
3.20304 0.00605684 0.00239763
3.35074 0.00641366 0.00243393
3.50524 0.00679259 0.00247078
3.66688 0.00719499 0.00250819
3.83596 0.00762232 0.00254616
4.01284 0.00807613 0.00258471
4.19788 0.00855804 0.00262385
4.39145 0.00906982 0.00266357
4.59395 0.00961329 0.0027039
4.80578 0.0101904 0.00274483
5.02738 0.0108033 0.00278639
5.2592 0.0114542 0.00282858
5.50171 0.0121454 0.0028714
5.7554 0.0128794 0.00291488
6.02079 0.0136589 0.00295901
6.29841 0.0144866 0.00300381
6.58884 0.0153657 0.00304928
6.89266 0.0162992 0.00309545
7.21049 0.0172905 0.00314232
7.54298 0.0183433 0.00318989
7.8908 0.0194612 0.00323819
8.25465 0.0206484 0.00328721
8.63529 0.0219092 0.00333698
9.03347 0.0232481 0.0033875
9.45002 0.0246699 0.00343879
9.88577 0.0261798 0.00349085
10.3416 0.0277832 0.00354371
10.8185 0.029486 0.00359736
11.3173 0.0312942 0.00365182
11.8392 0.0332145 0.00370711
12.3851 0.0352537 0.00376324
12.9562 0.0374193 0.00382021
13.5536 0.039719 0.00387805
14.1786 0.0421611 0.00393677
14.8324 0.0447546 0.00399637
15.5164 0.0475087 0.00405687
16.2318 0.0504335 0.00411829
16.9803 0.0535394 0.00418065
17.7633 0.0568378 0.00424394
18.5824 0.0603405 0.0043082
19.4392 0.0640601 0.00437342
20.3356 0.0680102 0.00443964
21.2733 0.072205 0.00450685
22.2543 0.0766597 0.00457509
23.2804 0.0813904 0.00464435
24.3539 0.0864141 0.00471467
25.4769 0.091749 0.00478605
26.6517 0.0974144 0.00485851
27.8806 0.103431 0.00493207
29.1662 0.10982 0.00500674
30.5111 0.116605 0.00508254
31.9181 0.12381 0.00515949
33.3898 0.131462 0.00523761
34.9295 0.139587 0.00531691
36.5401 0.148216 0.0053974
38.225 0.15738 0.00547912
39.9877 0.167111 0.00556208
41.8315 0.177445 0.00564629
43.7605 0.188419 0.00573177
45.7783 0.200073 0.00581855
47.8892 0.212449 0.00590664
50.0974 0.225592 0.00599607
52.4075 0.239549 0.00608685
54.8241 0.254371 0.00617901
57.3521 0.27011 0.00627256
59.9967 0.286825 0.00636752
62.7632 0.304575 0.00646393
65.6573 0.323425 0.00656179
68.6849 0.343443 0.00666114
71.852 0.364701 0.00676199
75.1652 0.387275 0.00686552
75.1652 0.387275 0.00686451
75.6528 0.390651 0.00698207
76.1436 0.394107 0.0071016
76.6376 0.397645 0.00722313
77.1348 0.401267 0.0073467
77.6352 0.404975 0.00747236
78.1388 0.408771 0.00760015
78.6457 0.412656 0.00773011
79.1559 0.416634 0.00786227
79.6694 0.420706 0.00799669
80.1863 0.424874 0.00813341
80.7065 0.429141 0.00827248
81.23 0.433509 0.00841393
81.757 0.437981 0.00855783
82.2874 0.442559 0.00870421
82.8212 0.447245 0.00885313
83.3585 0.452043 0.00900464
83.8993 0.456954 0.00915879
84.4436 0.461982 0.00931563
84.9914 0.467129 0.00947522
85.5428 0.472398 0.00963761
86.0977 0.477792 0.00980286
86.6563 0.483314 0.00997103
87.2184 0.488968 0.0101422
87.7842 0.494756 0.0103164
88.3537 0.500681 0.0104936
88.9269 0.506748 0.0106741
89.5038 0.512958 0.0108578
90.0845 0.519317 0.0110447
90.6689 0.525827 0.0112351
91.2571 0.532493 0.0114288
91.8491 0.539317 0.0116261
92.4449 0.546305 0.0118269
93.0447 0.553459 0.0120314
93.6483 0.560784 0.0122396
94.2558 0.568284 0.0124516
94.8673 0.575964 0.0126674
95.4827 0.583828 0.0128873
96.1021 0.59188 0.0131111
96.7256 0.600125 0.0133391
97.3531 0.608568 0.0135713
97.9847 0.617214 0.0138078
98.6203 0.626068 0.0140487
99.2601 0.635134 0.0142941
99.904 0.644419 0.014544
100.552 0.653928 0.0147986
101.204 0.663666 0.015058
101.861 0.673639 0.0153222
102.522 0.683853 0.0155914
103.187 0.694314 0.0158657
103.856 0.705028 0.0161452
104.53 0.716002 0.0164299
105.208 0.727242 0.0167201
105.891 0.738754 0.0170158
106.578 0.750547 0.0173171
107.269 0.762626 0.0176241
107.965 0.775 0.0179371
108.665 0.787675 0.018256
109.37 0.800659 0.0185811
110.08 0.81396 0.0189124
110.794 0.827586 0.0192501
111.513 0.841546 0.0195943
112.236 0.855848 0.0199452
112.964 0.870501 0.020303
113.697 0.885513 0.0206676
114.435 0.900895 0.0210394
115.177 0.916655 0.0214184
115.924 0.932803 0.0218049
116.676 0.949349 0.0221989
117.433 0.966304 0.0226006
118.195 0.983678 0.0230102
118.962 1.00148 0.0234279
119.734 1.01973 0.0238539
120.51 1.03842 0.0242882
121.292 1.05759 0.0247311
122.079 1.07722 0.0251829
122.871 1.09735 0.0256435
123.668 1.11798 0.0261134
124.47 1.13912 0.0265926
125.278 1.16079 0.0270813
126.091 1.183 0.0275798
126.909 1.20577 0.0280883
127.732 1.22911 0.028607
128.561 1.25303 0.029136
129.395 1.27756 0.0296757
130.234 1.3027 0.0302262
131.079 1.32847 0.0307878
131.929 1.3549 0.0313608
132.785 1.38199 0.0319452
133.646 1.40976 0.0325415
134.513 1.43824 0.0331499
135.386 1.46744 0.0337705
136.264 1.49738 0.0344038
137.148 1.52808 0.0350498
138.038 1.55956 0.035709
138.934 1.59183 0.0363816
139.835 1.62494 0.0370679
140.742 1.65888 0.0377681
141.655 1.69369 0.0384825
142.574 1.72939 0.0392116
143.499 1.766 0.0399555
144.43 1.80355 0.0407145
145.367 1.84206 0.0414891
146.31 1.88156 0.0422795
147.259 1.92207 0.043086
148.215 1.96363 0.043909
149.176 2.00625 0.0447488
150.144 2.04997 0.0456058
151.118 2.09482 0.0464803
152.098 2.14082 0.0473727
153.085 2.18802 0.0482833
154.078 2.23643 0.0492126
155.078 2.28609 0.0501609
156.084 2.33704 0.0511286
157.096 2.38931 0.052116
158.115 2.44294 0.0531236
159.141 2.49796 0.0541519
160.173 2.55441 0.0552011
161.213 2.61232 0.0562717
162.258 2.67175 0.0573642
163.311 2.73272 0.0584789
164.37 2.79527 0.0596164
165.437 2.85946 0.060777
166.51 2.92533 0.0619612
167.59 2.99291 0.0631694
168.678 3.06226 0.0644022
169.772 3.13342 0.06566
170.873 3.20645 0.0669432
171.982 3.28138 0.0682524
173.097 3.35827 0.069588
174.22 3.43718 0.0709505
175.351 3.51816 0.0723404
176.488 3.60126 0.0737583
177.633 3.68653 0.0752046
178.785 3.77405 0.0766798
179.945 3.86386 0.0781845
181.113 3.95602 0.0797191
182.288 4.05061 0.0812843
183.47 4.14767 0.0828805
184.66 4.24729 0.0845082
185.858 4.34952 0.0861681
187.064 4.45444 0.0878606
188.278 4.56211 0.0895862
189.499 4.6726 0.0913456
190.728 4.786 0.0931393
191.966 4.90238 0.0949678
193.211 5.02181 0.0968316
194.464 5.14437 0.0987314
195.726 5.27014 0.100668
196.996 5.39922 0.102641
198.274 5.53168 0.104652
199.56 5.6676 0.1067
200.855 5.80709 0.108788
202.158 5.95023 0.110914
203.469 6.09711 0.113081
204.789 6.24783 0.115287
206.118 6.40249 0.117535
207.455 6.56118 0.119823
208.801 6.72401 0.122153
210.155 6.89108 0.124526
211.519 7.0625 0.126941
212.891 7.23838 0.1294
214.272 7.41882 0.131902
215.662 7.60394 0.134448
217.061 7.79385 0.137039
218.469 7.98868 0.139674
219.886 8.18854 0.142356
221.313 8.39355 0.145082
222.749 8.60384 0.147855
224.194 8.81954 0.150675
225.648 9.04077 0.153541
227.112 9.26766 0.156454
228.585 9.50035 0.159414
230.068 9.73898 0.162422
231.561 9.98368 0.165478
233.063 10.2346 0.168582
234.575 10.4919 0.171733
236.097 10.7556 0.174933
237.628 11.0261 0.178181
239.17 11.3033 0.181477
240.722 11.5875 0.184821
242.283 11.8787 0.188214
243.855 12.1773 0.191654
245.437 12.4832 0.195142
247.029 12.7967 0.198678
248.632 13.118 0.202261
250.245 13.4472 0.205891
251.868 13.7844 0.209568
253.502 14.1299 0.21329
255.147 14.4837 0.217059
256.802 14.8462 0.220872
258.468 15.2174 0.224729
260.145 15.5975 0.228631
261.832 15.9866 0.232574
263.531 16.3851 0.23656
265.24 16.7929 0.240586
266.961 17.2104 0.244653
268.693 17.6377 0.248758
270.436 18.0749 0.2529
272.191 18.5222 0.257078
273.956 18.9799 0.261291
275.734 19.4481 0.265536
277.522 19.9269 0.269813
279.323 20.4165 0.27412
281.135 20.9172 0.278454
282.959 21.429 0.282814
284.794 21.9522 0.287197
286.642 22.4869 0.291602
288.501 23.0332 0.296026
290.373 23.5914 0.300466
292.257 24.1616 0.30492
294.153 24.744 0.309386
296.061 25.3386 0.31386
297.982 25.9457 0.318339
299.915 26.5655 0.32282
301.86 27.1979 0.327301
303.819 27.8432 0.331777
305.79 28.5016 0.336245
307.773 29.173 0.340701
309.77 29.8577 0.345142
311.78 30.5557 0.349563
313.802 31.2672 0.353962
315.838 31.9923 0.358332
317.887 32.7309 0.362671
319.949 33.4833 0.366972
322.025 34.2494 0.371233
324.114 35.0293 0.375448
326.217 35.8231 0.379612
328.333 36.6308 0.383721
330.463 37.4525 0.387768
332.607 38.2881 0.391749
334.764 39.1376 0.395659
336.936 40.001 0.399492
339.122 40.8783 0.403242
341.322 41.7695 0.406904
343.536 42.6744 0.410472
345.765 43.5931 0.41394
348.008 44.5254 0.417302
350.266 45.4712 0.420553
352.538 46.4303 0.423686
354.825 47.4028 0.426696
357.127 48.3883 0.429575
359.444 49.3867 0.432319
361.776 50.3978 0.434921
364.123 51.4215 0.437374
366.485 52.4573 0.439673
368.862 53.5052 0.441812
371.255 54.5648 0.443785
373.664 55.6358 0.445585
376.088 56.7179 0.447207
378.528 57.8108 0.448645
380.983 58.914 0.449894
383.455 60.0273 0.450948
385.942 61.1501 0.451801
388.446 62.2821 0.452449
390.966 63.4228 0.452886
393.502 64.5718 0.453108
396.055 65.7285 0.45311
398.625 66.8924 0.452888
401.211 68.063 0.452438
403.813 69.2397 0.451755
406.433 70.422 0.450837
409.07 71.6091 0.449681
411.724 72.8006 0.448283
414.395 73.9958 0.446641
417.083 75.194 0.444754
419.789 76.3945 0.442619
422.512 77.5966 0.440236
425.253 78.7997 0.437603
428.012 80.003 0.434721
430.788 81.2057 0.43159
433.583 82.4071 0.42821
436.396 83.6065 0.424583
439.227 84.803 0.420709
442.076 85.996 0.416592
444.944 87.1845 0.412235
447.831 88.3677 0.40764
450.736 89.545 0.402811
453.66 90.7155 0.397752
456.603 91.8783 0.39247
459.565 93.0327 0.386968
462.547 94.1779 0.381253
465.547 95.313 0.375332
468.567 96.4374 0.369212
471.607 97.5501 0.3629
474.667 98.6504 0.356404
477.746 99.7376 0.349733
480.845 100.811 0.342896
483.965 101.87 0.335903
487.104 102.913 0.328764
490.264 103.941 0.321488
493.445 104.951 0.314087
496.646 105.945 0.306572
499.868 106.92 0.298955
503.111 107.877 0.291246
506.375 108.815 0.283459
509.66 109.733 0.275605
512.966 110.631 0.267696
516.294 111.509 0.259746
519.643 112.366 0.251767
523.014 113.201 0.243772
526.407 114.014 0.235773
529.822 114.806 0.227783
533.26 115.575 0.219815
536.719 116.322 0.211881
540.201 117.046 0.203993
543.705 117.747 0.196164
547.233 118.425 0.188405
550.783 119.081 0.180728
554.356 119.713 0.173144
557.952 120.322 0.165664
561.572 120.908 0.158299
565.215 121.472 0.151057
568.882 122.013 0.143949
572.572 122.531 0.136983
576.287 123.027 0.130169
580.025 123.501 0.123512
583.788 123.954 0.117021
587.575 124.385 0.110702
591.387 124.795 0.104561
595.224 125.185 0.0986023
599.085 125.555 0.0928313
602.971 125.905 0.0872515
606.883 126.236 0.0818659
610.82 126.548 0.0766769
614.783 126.842 0.0716864
618.771 127.118 0.0668952
622.785 127.377 0.062304
626.826 127.62 0.0579123
630.892 127.847 0.0537194
634.985 128.059 0.0497238
639.104 128.256 0.0459235
643.25 128.439 0.0423158
647.423 128.608 0.0388978
651.623 128.765 0.0356657
655.851 128.909 0.0326156
660.105 129.042 0.0297432
664.388 129.163 0.0270434
668.698 129.274 0.0245114
673.036 129.376 0.0221415
677.402 129.467 0.0199282
681.797 129.55 0.0178655
686.22 129.625 0.0159475
690.671 129.692 0.0141678
695.152 129.752 0.0125203
699.662 129.805 0.0109985
704.201 129.852 0.00959616
708.769 129.893 0.00830685
713.367 129.928 0.00712427
717.995 129.959 0.0060422
722.653 129.985 0.00505449
727.341 130.006 0.00415513
732.06 130.024 0.00333826
736.809 130.038 0.0025982
741.589 130.049 0.00192944
746.4 130.057 0.00132669
751.242 130.062 0.000784856
756.115 130.064 0.000299092
761.021 130.065 0
765.958 130.065 0
770.927 130.065 0
775.928 130.065 0
780.962 130.065 0
786.028 130.065 0
791.127 130.065 0
796.26 130.065 0
801.425 130.065 0
806.624 130.065 0
811.857 130.065 0
817.124 130.065 0
822.425 130.065 0
827.76 130.065 0
833.13 130.065 0
838.535 130.065 0
843.975 130.065 0
849.45 130.065 0
854.961 130.065 0
860.507 130.065 0
866.09 130.065 0
871.708 130.065 0
877.363 130.065 0
883.055 130.065 0
888.784 130.065 0
894.55 130.065 0
900.353 130.065 0
906.194 130.065 0
912.073 130.065 0
917.99 130.065 0
923.945 130.065 0
929.939 130.065 0
935.972 130.065 0
942.044 130.065 0
948.155 130.065 0
954.306 130.065 0
960.497 130.065 0
966.728 130.065 0
973 130.065 0
979.312 130.065 0
985.665 130.065 0
992.059 130.065 0
998.495 130.065 0
1004.97 130.065 0
1011.49 130.065 0
1018.05 130.065 0
1024.66 130.065 0
1031.31 130.065 0
1038 130.065 0
1044.73 130.065 0
1051.51 130.065 0
1058.33 130.065 0
1065.2 130.065 0
1072.11 130.065 0
1079.06 130.065 0
1086.06 130.065 0
1093.11 130.065 0
1100.2 130.065 0
1107.34 130.065 0
1114.52 130.065 0
1121.75 130.065 0
1129.03 130.065 0
1136.35 130.065 0
1143.72 130.065 0
1151.14 130.065 0
1158.61 130.065 0
1166.13 130.065 0
1173.69 130.065 0
1181.31 130.065 0
1188.97 130.065 0
1196.68 130.065 0
1204.45 130.065 0
1212.26 130.065 0
1220.12 130.065 0
1228.04 130.065 0
1236.01 130.065 0
1244.02 130.065 0
1252.09 130.065 0
1260.22 130.065 0
1268.39 130.065 0
1276.62 130.065 0
1284.9 130.065 0
1293.24 130.065 0
1301.63 130.065 0
1310.07 130.065 0
1318.57 130.065 0
1327.13 130.065 0
1335.74 130.065 0
1344.4 130.065 0
1353.12 130.065 0
1361.9 130.065 0
1370.74 130.065 0
1379.63 130.065 0
1388.58 130.065 0
1397.59 130.065 0
1406.65 130.065 0
1415.78 130.065 0
1424.96 130.065 0
1434.21 130.065 0
1443.51 130.065 0
1452.88 130.065 0
1462.3 130.065 0
1471.79 130.065 0
1481.34 130.065 0
1490.95 130.065 0
1500.62 130.065 0
1510.35 130.065 0
1520.15 130.065 0
1530.01 130.065 0
1539.94 130.065 0
1549.93 130.065 0
1559.98 130.065 0
1570.1 130.065 0
1580.29 130.065 0
1590.54 130.065 0
1600.86 130.065 0
1611.25 130.065 0
1621.7 130.065 0
1632.22 130.065 0
1642.81 130.065 0
1653.47 130.065 0
1664.19 130.065 0
1674.99 130.065 0
1685.85 130.065 0
1696.79 130.065 0
1707.8 130.065 0
1718.88 130.065 0
1730.03 130.065 0
1741.25 130.065 0
1752.55 130.065 0
1763.92 130.065 0
1775.36 130.065 0
1786.88 130.065 0
1798.47 130.065 0
1810.14 130.065 0
1821.88 130.065 0
1833.7 130.065 0
1845.6 130.065 0
1857.57 130.065 0
1869.62 130.065 0
1881.75 130.065 0
1893.96 130.065 0
1906.24 130.065 0
1918.61 130.065 0
1931.06 130.065 0
1943.58 130.065 0
1956.19 130.065 0
1968.88 130.065 0
1981.66 130.065 0
1994.51 130.065 0
2007.45 130.065 0
2020.47 130.065 0
2033.58 130.065 0
2046.77 130.065 0
2060.05 130.065 0
2073.42 130.065 0
2086.87 130.065 0
2100.41 130.065 0
2114.03 130.065 0
2127.75 130.065 0
2141.55 130.065 0
2155.44 130.065 0
2169.43 130.065 0
2183.5 130.065 0
2197.66 130.065 0
2211.92 130.065 0
2226.27 130.065 0
2240.71 130.065 0
2255.25 130.065 0
2269.88 130.065 0
2284.61 130.065 0
2299.43 130.065 0
2314.34 130.065 0
2329.36 130.065 0
2344.47 130.065 0
2359.68 130.065 0
2374.99 130.065 0
2390.39 130.065 0
2405.9 130.065 0
2421.51 130.065 0
2437.22 130.065 0
2453.03 130.065 0
2468.94 130.065 0
2484.96 130.065 0
2501.08 130.065 0
2517.31 130.065 0
2533.64 130.065 0
2550.07 130.065 0
2566.62 130.065 0
2583.27 130.065 0
2600.03 130.065 0
2616.89 130.065 0
2633.87 130.065 0
2650.96 130.065 0
2668.15 130.065 0
2685.46 130.065 0
2702.89 130.065 0
2720.42 130.065 0
2738.07 130.065 0
2755.83 130.065 0
2773.71 130.065 0
2791.7 130.065 0
2809.81 130.065 0
2828.04 130.065 0
2846.39 130.065 0
2864.85 130.065 0
2883.44 130.065 0
2902.15 130.065 0
2920.97 130.065 0
2939.92 130.065 0
2958.99 130.065 0
2978.19 130.065 0
2997.51 130.065 0
3016.96 130.065 0
3036.53 130.065 0
3056.23 130.065 0
3076.05 130.065 0
3096.01 130.065 0
3116.1 130.065 0
3136.31 130.065 0
3156.66 130.065 0
3177.14 130.065 0
3197.75 130.065 0
3218.49 130.065 0
3239.37 130.065 0
3260.39 130.065 0
3281.54 130.065 0
3302.83 130.065 0
3324.25 130.065 0
3345.82 130.065 0
3367.52 130.065 0
3389.37 130.065 0
3411.36 130.065 0
3433.49 130.065 0
3455.76 130.065 0
3478.18 130.065 0
3500.75 130.065 0
3523.46 130.065 0
3546.31 130.065 0
3569.32 130.065 0
3592.48 130.065 0
3615.78 130.065 0
3639.24 130.065 0
3662.85 130.065 0
3686.61 130.065 0
3710.53 130.065 0
3734.6 130.065 0
3758.82 130.065 0
3783.21 130.065 0
3807.75 130.065 0
3832.45 130.065 0
3857.32 130.065 0
3882.34 130.065 0
3907.53 130.065 0
3932.88 130.065 5.6516e-06
3958.39 130.072 0.000509685
3984.07 130.092 0.00109716
4009.92 130.13 0.00178241
4035.93 130.186 0.00258231
4062.11 130.266 0.00351671
4088.47 130.373 0.00460897
4114.99 130.512 0.00588656
4141.68 130.689 0.00738178
4168.55 130.911 0.00913258
4195.6 131.186 0.0111835
4222.81 131.523 0.0135868
4250.21 131.934 0.0164037
4277.78 132.432 0.0197054
4305.53 133.032 0.0235751
4333.46 133.754 0.0281093
4361.58 134.619 0.0334193
4389.87 135.652 0.0396328
4418.35 136.885 0.0468957
4447.01 138.35 0.0553725
4475.86 140.09 0.0652471
4504.9 142.151 0.0767222
4534.12 144.588 0.0900168
4563.54 147.461 0.105363
4593.14 150.842 0.122998
4622.94 154.807 0.143156
4652.93 159.444 0.166054
4683.12 164.846 0.191873
4713.5 171.114 0.220741
4744.08 178.352 0.252706
4774.85 186.668 0.287716
4805.83 196.167 0.325597
4837.01 206.949 0.366039
4868.39 219.103 0.408596
4899.97 232.704 0.45269
4931.76 247.808 0.497642
4963.75 264.451 0.542707
4995.95 282.642 0.587123
5028.36 302.368 0.630163
5060.98 323.594 0.671178
5093.82 346.261 0.70964
5126.86 370.299 0.745157
5160.12 395.62 0.777485
5193.6 422.133 0.806521
5227.29 449.741 0.832284
5261.2 478.348 0.85489
5295.33 507.861 0.87453
5329.68 538.194 0.891442
5364.26 569.266 0.90589
5399.06 601.004 0.918147
5434.09 633.344 0.928483
5469.34 666.228 0.93715
5504.82 699.608 0.944383
5540.53 733.441 0.950394
5576.48 767.691 0.95537
5612.65 802.327 0.959476
5649.06 837.324 0.962854
5685.71 872.661 0.965624
5722.6 908.32 0.967891
5759.72 944.287 0.969741
5797.09 980.55 0.971248
5834.69 1017.1 0.972473
5872.55 1053.93 0.973467
5910.64 1091.03 0.974272
5948.99 1128.4 0.974923
5987.58 1166.04 0.975448
6026.42 1203.93 0.975871
6065.52 1242.09 0.976211
6104.87 1280.51 0.976484
6144.47 1319.19 0.976703
6184.33 1358.12 0.976878
6224.45 1397.32 0.977019
6264.83 1436.77 0.97713
6305.48 1476.49 0.977219
6346.38 1516.46 0.97729
6387.55 1556.7 0.977347
6428.99 1597.2 0.977391
6470.7 1637.97 0.977426
6512.68 1679 0.977454
6554.93 1720.3 0.977476
6597.45 1761.86 0.977494
6640.25 1803.7 0.977508
6683.33 1845.81 0.977518
6726.69 1888.19 0.977527
6770.32 1930.85 0.977533
6814.25 1973.78 0.977538
6858.45 2017 0.977542
6902.95 2060.49 0.977546
6947.73 2104.27 0.977548
6992.8 2148.33 0.97755
7038.16 2192.67 0.977551
7083.82 2237.31 0.977552
7129.78 2282.23 0.977553
7176.03 2327.45 0.977554
7222.59 2372.96 0.977555
7269.44 2418.76 0.977555
7316.6 2464.86 0.977555
7364.07 2511.26 0.977556
7411.84 2557.96 0.977556
7459.92 2604.97 0.977556
7508.32 2652.28 0.977556
7557.03 2699.89 0.977556
7606.05 2747.82 0.977556
7655.39 2796.05 0.977556
7705.06 2844.6 0.977556
7755.04 2893.46 0.977556
7805.35 2942.64 0.977556
7855.99 2992.14 0.977556
7906.95 3041.96 0.977556
7958.25 3092.11 0.977556
8009.88 3142.58 0.977556
8061.84 3193.37 0.977556
8114.14 3244.5 0.977556
8166.78 3295.96 0.977556
8219.76 3347.75 0.977556
8273.08 3399.88 0.977556
8326.76 3452.34 0.977556
8380.77 3505.15 0.977556
8435.14 3558.3 0.977556
8489.86 3611.79 0.977556
8544.94 3665.63 0.977556
8600.38 3719.82 0.977556
8656.17 3774.36 0.977556
8712.32 3829.26 0.977556
8768.84 3884.51 0.977556
8825.73 3940.12 0.977556
8882.99 3996.09 0.977556
8940.61 4052.43 0.977556
8998.61 4109.12 0.977556
9056.99 4166.19 0.977556
9115.75 4223.63 0.977556
9174.89 4281.44 0.977556
9234.41 4339.62 0.977556
9294.31 4398.19 0.977556
9354.61 4457.13 0.977556
9415.29 4516.45 0.977556
9476.38 4576.16 0.977556
9537.85 4636.26 0.977556
9599.73 4696.75 0.977556
9662 4757.62 0.977556
9724.68 4818.9 0.977556
9787.77 4880.57 0.977556
9851.27 4942.64 0.977556
9915.18 5005.12 0.977556
9979.5 5068 0.977556
10044.2 5131.28 0.977556
10109.4 5194.98 0.977556
10175 5259.09 0.977556
10241 5323.62 0.977556
10307.4 5388.57 0.977556
10374.3 5453.93 0.977556
10441.6 5519.72 0.977556
10509.3 5585.94 0.977556
10577.5 5652.59 0.977556
10646.1 5719.67 0.977556
10715.2 5787.19 0.977556
10784.7 5855.14 0.977556
10854.7 5923.53 0.977556
10925.1 5992.37 0.977556
10996 6061.65 0.977556
11067.3 6131.39 0.977556
11139.1 6201.57 0.977556
11211.4 6272.22 0.977556
11284.1 6343.32 0.977556
11357.3 6414.88 0.977556
11431 6486.9 0.977556
11505.1 6559.39 0.977556
11579.8 6632.36 0.977556
11654.9 6705.79 0.977556
11730.5 6779.71 0.977556
11806.6 6854.1 0.977556
11883.2 6928.97 0.977556
11960.3 7004.33 0.977556
12037.9 7080.18 0.977556
12116 7156.52 0.977556
12194.6 7233.36 0.977556
12273.7 7310.7 0.977556
12353.3 7388.53 0.977556
12433.5 7466.87 0.977556
12514.1 7545.72 0.977556
12595.3 7625.08 0.977556
12677 7704.96 0.977556
12759.2 7785.36 0.977556
12842 7866.27 0.977556
12925.3 7947.71 0.977556
13009.2 8029.68 0.977556
13093.6 8112.18 0.977556
13178.5 8195.22 0.977556
13264 8278.79 0.977556
13350.1 8362.91 0.977556
13436.7 8447.57 0.977556
13523.8 8532.79 0.977556
13611.6 8618.55 0.977556
13699.9 8704.87 0.977556
13788.8 8791.75 0.977556
13878.2 8879.2 0.977556
13968.2 8967.21 0.977556
14058.9 9055.79 0.977556
14150.1 9144.95 0.977556
14241.9 9234.69 0.977556
14334.2 9325.01 0.977556
14427.2 9415.91 0.977556
14520.8 9507.4 0.977556
14615 9599.49 0.977556
14709.8 9692.18 0.977556
14805.3 9785.46 0.977556
14901.3 9879.35 0.977556
14998 9973.85 0.977556
15095.3 10069 0.977556
15193.2 10164.7 0.977556
15291.8 10261.1 0.977556
15391 10358 0.977556
15490.8 10455.6 0.977556
15591.3 10553.9 0.977556
15692.5 10652.7 0.977556
15794.3 10752.3 0.977556
15896.7 10852.4 0.977556
15999.9 10953.2 0.977556
16103.7 11054.7 0.977556
16208.1 11156.8 0.977556
16313.3 11259.6 0.977556
16419.1 11363.1 0.977556
16525.6 11467.2 0.977556
16632.8 11572 0.977556
16740.7 11677.5 0.977556
16849.3 11783.7 0.977556
16958.7 11890.5 0.977556
17068.7 11998.1 0.977556
17179.4 12106.3 0.977556
17290.8 12215.2 0.977556
17403 12324.9 0.977556
17515.9 12435.3 0.977556
17629.6 12546.3 0.977556
17743.9 12658.2 0.977556
17859 12770.7 0.977556
17974.9 12883.9 0.977556
18091.5 12997.9 0.977556
18208.9 13112.7 0.977556
18327 13228.1 0.977556
18445.9 13344.4 0.977556
18565.5 13461.3 0.977556
18686 13579.1 0.977556
18807.2 13697.6 0.977556
18929.2 13816.9 0.977556
19052 13936.9 0.977556
19175.6 14057.7 0.977556
19300 14179.3 0.977556
19425.2 14301.7 0.977556
19551.2 14424.9 0.977556
19678.1 14548.9 0.977556
19805.7 14673.7 0.977556
19934.2 14799.3 0.977556
20063.5 14925.7 0.977556
20193.7 15053 0.977556
20324.7 15181 0.977556
20456.6 15309.9 0.977556
20589.3 15439.6 0.977556
20722.8 15570.2 0.977556
20857.3 15701.6 0.977556
20992.6 15833.9 0.977556
21128.8 15967 0.977556
21265.8 16101 0.977556
21403.8 16235.9 0.977556
21542.7 16371.6 0.977556
21682.4 16508.2 0.977556
21823.1 16645.8 0.977556
21964.6 16784.1 0.977556
22107.1 16923.4 0.977556
22250.6 17063.6 0.977556
22394.9 17204.7 0.977556
22540.2 17346.8 0.977556
22686.4 17489.7 0.977556
22833.6 17633.6 0.977556
22981.7 17778.4 0.977556
23130.8 17924.1 0.977556
23280.9 18070.8 0.977556
23431.9 18218.5 0.977556
23583.9 18367.1 0.977556
23736.9 18516.6 0.977556
23890.9 18667.2 0.977556
24045.9 18818.7 0.977556
24201.9 18971.2 0.977556
24358.9 19124.7 0.977556
24516.9 19279.1 0.977556
24676 19434.6 0.977556
24836 19591.1 0.977556
24997.2 19748.6 0.977556
25159.3 19907.1 0.977556
25322.5 20066.7 0.977556
25486.8 20227.3 0.977556
25652.2 20388.9 0.977556
25818.6 20551.6 0.977556
25986.1 20715.3 0.977556
26154.7 20880.1 0.977556
26324.3 21046 0.977556
26495.1 21212.9 0.977556
26667 21380.9 0.977556
26840 21550.1 0.977556
27014.1 21720.3 0.977556
27189.4 21891.6 0.977556
27365.7 22064 0.977556
27543.3 22237.6 0.977556
27722 22412.2 0.977556
27901.8 22588 0.977556
28082.8 22765 0.977556
28265 22943.1 0.977556
28448.4 23122.3 0.977556
28632.9 23302.7 0.977556
28818.7 23484.3 0.977556
29005.6 23667.1 0.977556
29193.8 23851 0.977556
29383.2 24036.2 0.977556
29573.8 24222.5 0.977556
29765.7 24410.1 0.977556
29958.8 24598.8 0.977556
30153.1 24788.8 0.977556
30348.7 24980.1 0.977556
30545.6 25172.5 0.977556
30743.8 25366.2 0.977556
30943.2 25561.2 0.977556
31143.9 25757.4 0.977556
31346 25954.9 0.977556
31549.3 26153.7 0.977556
31754 26353.8 0.977556
31960 26555.2 0.977556
32167.3 26757.9 0.977556
32376 26961.9 0.977556
32586.1 27167.2 0.977556
32797.5 27373.8 0.977556
33010.2 27581.8 0.977556
33224.4 27791.2 0.977556
33439.9 28001.9 0.977556
33656.9 28213.9 0.977556
33875.2 28427.4 0.977556
34095 28642.2 0.977556
34316.1 28858.4 0.977556
34538.8 29076.1 0.977556
34762.8 29295.1 0.977556
34988.3 29515.6 0.977556
35215.3 29737.4 0.977556
35443.8 29960.8 0.977556
35673.7 30185.5 0.977556
35905.1 30411.8 0.977556
36138.1 30639.5 0.977556
36372.5 30868.7 0.977556
36608.5 31099.3 0.977556
36846 31331.5 0.977556
37085 31565.2 0.977556
37325.6 31800.3 0.977556
37567.7 32037 0.977556
37811.4 32275.3 0.977556
38056.7 32515.1 0.977556
38303.6 32756.4 0.977556
38552.1 32999.3 0.977556
38802.2 33243.8 0.977556
39053.9 33489.9 0.977556
39307.3 33737.6 0.977556
39562.3 33986.9 0.977556
39819 34237.7 0.977556
40077.3 34490.3 0.977556
40337.3 34744.4 0.977556
40599 35000.2 0.977556
40862.3 35257.7 0.977556
41127.4 35516.8 0.977556
41394.2 35777.7 0.977556
41662.8 36040.2 0.977556
41933.1 36304.4 0.977556
42205.1 36570.3 0.977556
42478.9 36838 0.977556
42754.5 37107.4 0.977556
43031.8 37378.5 0.977556
43311 37651.4 0.977556
43592 37926.1 0.977556
43874.8 38202.5 0.977556
44159.4 38480.8 0.977556
44445.9 38760.8 0.977556
44734.2 39042.7 0.977556
45024.4 39326.4 0.977556
45316.5 39611.9 0.977556
45610.5 39899.3 0.977556
45906.4 40188.5 0.977556
46204.2 40479.7 0.977556
46503.9 40772.7 0.977556
46805.6 41067.6 0.977556
47109.3 41364.4 0.977556
47414.9 41663.2 0.977556
47722.5 41963.9 0.977556
48032.1 42266.5 0.977556
48343.7 42571.1 0.977556
48657.3 42877.7 0.977556
48972.9 43186.3 0.977556
49290.7 43496.9 0.977556
49610.4 43809.4 0.977556
49932.3 44124.1 0.977556
50256.2 44440.7 0.977556
50582.2 44759.4 0.977556
50910.4 45080.2 0.977556
51240.6 45403.1 0.977556
51573.1 45728 0.977556
51907.6 46055.1 0.977556
52244.4 46384.3 0.977556
52583.3 46715.6 0.977556
52924.4 47049.1 0.977556
53267.8 47384.7 0.977556
53613.3 47722.5 0.977556
53961.1 48062.5 0.977556
54311.2 48404.7 0.977556
54663.5 48749.2 0.977556
55018.2 49095.8 0.977556
55375.1 49444.7 0.977556
55734.3 49795.9 0.977556
56095.9 50149.4 0.977556
