5.78741e-09 5.95396e-15 4.29514e-06
5.8738e-08 3.33166e-13 8.58285e-06
5.86595e-07 1.45059e-11 3.56977e-05
4.6076e-06 3.38009e-10 8.97843e-05
5.86875e-06 4.61297e-10 0.000114002
2.3369e-05 3.31505e-09 0.000192532
7.39119e-05 1.62978e-08 0.000292274
0.000147358 4.17301e-08 0.000330144
0.000152693 4.34471e-08 0.000292479
0.000165528 4.67976e-08 0.000304172
0.000294481 1.01986e-07 0.000463041
0.000466785 1.89679e-07 0.00054542
0.000739961 3.52227e-07 0.00041641
0.000792747 3.70702e-07 0.000446592
0.000859333 4.13069e-07 0.00055442
0.000931697 4.48502e-07 0.00055104
0.00117285 6.10601e-07 0.000697128
0.00147667 8.31244e-07 0.000750516
0.0017323 1.02935e-06 0.000535855
0.00185963 1.08409e-06 0.000525282
0.00294795 2.00733e-06 0.000908255
0.00467391 3.71532e-06 0.00105104
0.00633042 5.56999e-06 0.00091467
0.0070765 6.16755e-06 0.00093479
0.00933155 8.92099e-06 0.00127133
0.0117504 1.21316e-05 0.00137956
0.0154948 1.7543e-05 0.00122736
0.0177925 2.00421e-05 0.00125466
0.0234638 2.89812e-05 0.00164107
0.0295474 3.94039e-05 0.00177172
0.0354913 5.03041e-05 0.00128079
0.0389653 5.38549e-05 0.00125817
0.0549487 8.51279e-05 0.00191362
0.0590129 9.27925e-05 0.00199187
0.0713035 0.000119369 0.00114686
0.0787306 0.000125461 0.00110854
0.10265 0.000178607 0.00176378
0.112568 0.000193736 0.00180901
0.132297 0.000240204 0.00240921
0.146764 0.000275794 0.00181491
0.15911 0.000293738 0.00177613
0.191354 0.000375514 0.00260957
0.227502 0.000472769 0.000973271
0.245257 0.000484229 0.000805937
0.256566 0.000495831 0.00103354
0.268397 0.000508152 0.00104919
0.280773 0.000521236 0.00106507
0.293719 0.00053513 0.0010812
0.307263 0.000549885 0.00109757
0.321432 0.000565555 0.00111419
0.336253 0.000582195 0.00113106
0.351758 0.000599866 0.00114818
0.367978 0.000618631 0.00116556
0.384946 0.000638559 0.00118321
0.402697 0.000659722 0.00120112
0.421266 0.000682195 0.00121931
0.440691 0.000706061 0.00123777
0.461012 0.000731406 0.00125651
0.48227 0.00075832 0.00127553
0.504508 0.000786902 0.00129484
0.527771 0.000817254 0.00131445
0.552107 0.000849487 0.00133435
0.577566 0.000883717 0.00135455
0.604198 0.000920067 0.00137506
0.632059 0.000958668 0.00139588
0.661204 0.000999662 0.00141701
0.691693 0.00104319 0.00143847
0.723588 0.00108942 0.00146024
0.756953 0.00113852 0.00148235
0.791857 0.00119065 0.00150479
0.828371 0.00124602 0.00152758
0.866568 0.00130481 0.00155071
0.906527 0.00136725 0.00157418
0.948328 0.00143355 0.00159802
0.992057 0.00150396 0.00162221
1.0378 0.00157874 0.00164677
1.08566 0.00165815 0.0016717
1.13572 0.00174247 0.00169701
1.18809 0.00183202 0.00172271
1.24287 0.00192712 0.00174879
1.30018 0.00202811 0.00177526
1.36014 0.00213535 0.00180214
1.42285 0.00224924 0.00182943
1.48846 0.00237018 0.00185712
1.5571 0.00249862 0.00188524
1.6289 0.00263501 0.00191378
1.70401 0.00277985 0.00194276
1.78258 0.00293367 0.00197217
1.86478 0.00309701 0.00200203
1.95077 0.00327047 0.00203234
2.04072 0.00345468 0.00206311
2.13482 0.0036503 0.00209435
2.23326 0.00385804 0.00212606
2.33624 0.00407865 0.00215824
2.44396 0.00431292 0.00219092
2.55666 0.00456171 0.00222409
2.67455 0.00482591 0.00225776
2.79788 0.00510648 0.00229195
2.92689 0.00540443 0.00232665
3.06185 0.00572083 0.00236187
3.20304 0.00605684 0.00239763
3.35074 0.00641366 0.00243393
3.50524 0.00679259 0.00247078
3.66688 0.00719499 0.00250819
3.83596 0.00762232 0.00254616
4.01284 0.00807613 0.00258471
4.19788 0.00855804 0.00262385
4.39145 0.00906982 0.00266357
4.59395 0.00961329 0.0027039
4.80578 0.0101904 0.00274483
5.02738 0.0108033 0.00278639
5.2592 0.0114542 0.00282858
5.50171 0.0121454 0.0028714
5.7554 0.0128794 0.00291488
6.02079 0.0136589 0.00295901
6.29841 0.0144866 0.00300381
6.58884 0.0153657 0.00304928
6.89266 0.0162992 0.00309545
7.21049 0.0172905 0.00314232
7.54298 0.0183433 0.00318989
7.8908 0.0194612 0.00323819
8.25465 0.0206484 0.00328721
8.63529 0.0219092 0.00333698
9.03347 0.0232481 0.0033875
9.45002 0.0246699 0.00343879
9.88577 0.0261798 0.00349085
10.3416 0.0277832 0.00354371
10.8185 0.029486 0.00359736
11.3173 0.0312942 0.00365182
11.8392 0.0332145 0.00370711
12.3851 0.0352537 0.00376324
12.9562 0.0374193 0.00382021
13.5536 0.039719 0.00387805
14.1786 0.0421611 0.00393677
14.8324 0.0447546 0.00399637
15.5164 0.0475087 0.00405687
16.2318 0.0504335 0.00411829
16.9803 0.0535394 0.00418065
17.7633 0.0568378 0.00424394
18.5824 0.0603405 0.0043082
19.4392 0.0640601 0.00437342
20.3356 0.0680102 0.00443964
21.2733 0.072205 0.00450685
22.2543 0.0766597 0.00457509
23.2804 0.0813904 0.00464435
24.3539 0.0864141 0.00471467
25.4769 0.091749 0.00478605
26.6517 0.0974144 0.00485851
27.8806 0.103431 0.00493207
29.1662 0.10982 0.00500674
30.5111 0.116605 0.00508254
31.9181 0.12381 0.00515949
33.3898 0.131462 0.00523761
34.9295 0.139587 0.00531691
36.5401 0.148216 0.0053974
38.225 0.15738 0.00547912
39.9877 0.167111 0.00556208
41.8315 0.177445 0.00564629
43.7605 0.188419 0.00573177
45.7783 0.200073 0.00581855
47.8892 0.212449 0.00590664
50.0974 0.225592 0.00599607
52.4075 0.239549 0.00608685
54.8241 0.254371 0.00617901
57.3521 0.27011 0.00627256
59.9967 0.286825 0.00636752
62.7632 0.304575 0.00646393
65.6573 0.323425 0.00656179
68.6849 0.343443 0.00666114
71.852 0.364701 0.00676199
75.1652 0.387275 0.00686552
75.1652 0.387275 0.00686451
75.6528 0.39065 0.0069755
76.1436 0.394101 0.00708845
76.6376 0.397631 0.0072034
77.1348 0.401241 0.00732038
77.6352 0.404934 0.00743944
78.1388 0.408712 0.00756063
78.6457 0.412575 0.00768398
79.1559 0.416528 0.00780955
79.6694 0.420571 0.00793737
80.1863 0.424707 0.00806749
80.7065 0.428938 0.00819997
81.23 0.433267 0.00833485
81.757 0.437695 0.00847218
82.2874 0.442226 0.00861201
82.8212 0.446861 0.0087544
83.3585 0.451604 0.00889939
83.8993 0.456456 0.00904705
84.4436 0.461421 0.00919743
84.9914 0.466502 0.00935058
85.5428 0.4717 0.00950657
86.0977 0.47702 0.00966546
86.6563 0.482464 0.0098273
87.2184 0.488035 0.00999216
87.7842 0.493736 0.0101601
88.3537 0.499571 0.0103312
88.9269 0.505542 0.0105055
89.5038 0.511654 0.0106831
90.0845 0.51791 0.0108641
90.6689 0.524313 0.0110485
91.2571 0.530867 0.0112363
91.8491 0.537576 0.0114278
92.4449 0.544443 0.0116229
93.0447 0.551473 0.0118218
93.6483 0.55867 0.0120245
94.2558 0.566038 0.012231
94.8673 0.573581 0.0124416
95.4827 0.581304 0.0126562
96.1021 0.589212 0.0128749
96.7256 0.597308 0.013098
97.3531 0.605598 0.0133253
97.9847 0.614087 0.0135571
98.6203 0.62278 0.0137934
99.2601 0.631682 0.0140344
99.904 0.640799 0.0142801
100.552 0.650135 0.0145306
101.204 0.659697 0.0147861
101.861 0.66949 0.0150466
102.522 0.679521 0.0153123
103.187 0.689795 0.0155832
103.856 0.700319 0.0158595
104.53 0.711099 0.0161414
105.208 0.722143 0.0164289
105.891 0.733456 0.0167221
106.578 0.745046 0.0170213
107.269 0.75692 0.0173264
107.965 0.769086 0.0176377
108.665 0.78155 0.0179553
109.37 0.794322 0.0182793
110.08 0.807409 0.0186099
110.794 0.820819 0.0189472
111.513 0.834561 0.0192913
112.236 0.848644 0.0196425
112.964 0.863077 0.0200008
113.697 0.877868 0.0203665
114.435 0.893028 0.0207397
115.177 0.908566 0.0211205
115.924 0.924492 0.0215092
116.676 0.940817 0.0219058
117.433 0.957551 0.0223107
118.195 0.974706 0.0227239
118.962 0.992292 0.0231457
119.734 1.01032 0.0235762
120.51 1.0288 0.0240157
121.292 1.04775 0.0244643
122.079 1.06719 0.0249223
122.871 1.08711 0.0253898
123.668 1.10754 0.0258671
124.47 1.12848 0.0263544
125.278 1.14997 0.0268519
126.091 1.172 0.0273598
126.909 1.19459 0.0278784
127.732 1.21776 0.0284079
128.561 1.24152 0.0289486
129.395 1.2659 0.0295006
130.234 1.2909 0.0300643
131.079 1.31654 0.0306399
131.929 1.34284 0.0312277
132.785 1.36983 0.0318279
133.646 1.39751 0.0324409
134.513 1.42591 0.0330668
135.386 1.45504 0.033706
136.264 1.48493 0.0343588
137.148 1.5156 0.0350255
138.038 1.54707 0.0357064
138.934 1.57935 0.0364017
139.835 1.61248 0.0371119
140.742 1.64648 0.0378372
141.655 1.68136 0.038578
142.574 1.71716 0.0393345
143.499 1.7539 0.0401072
144.43 1.79161 0.0408964
145.367 1.8303 0.0417025
146.31 1.87002 0.0425258
147.259 1.91078 0.0433666
148.215 1.95262 0.0442254
149.176 1.99557 0.0451026
150.144 2.03965 0.0459985
151.118 2.0849 0.0469135
152.098 2.13135 0.047848
153.085 2.17903 0.0488025
154.078 2.22798 0.0497774
155.078 2.27823 0.0507731
156.084 2.32983 0.05179
157.096 2.38279 0.0528285
158.115 2.43717 0.0538892
159.141 2.493 0.0549724
160.173 2.55033 0.0560787
161.213 2.60919 0.0572085
162.258 2.66962 0.0583622
163.311 2.73168 0.0595404
164.37 2.79539 0.0607436
165.437 2.86082 0.0619722
166.51 2.92801 0.0632267
167.59 2.997 0.0645077
168.678 3.06784 0.0658157
169.772 3.14059 0.0671511
170.873 3.2153 0.0685146
171.982 3.29202 0.0699066
173.097 3.37081 0.0713277
174.22 3.45172 0.0727785
175.351 3.53482 0.0742595
176.488 3.62015 0.0757712
177.633 3.70779 0.0773142
178.785 3.79779 0.0788891
179.945 3.89022 0.0804964
181.113 3.98515 0.0821367
182.288 4.08264 0.0838106
183.47 4.18276 0.0855187
184.66 4.28558 0.0872616
185.858 4.39118 0.0890397
187.064 4.49963 0.0908538
188.278 4.61101 0.0927044
189.499 4.7254 0.0945921
190.728 4.84287 0.0965175
191.966 4.9635 0.0984811
193.211 5.08739 0.100484
194.464 5.21462 0.102525
195.726 5.34528 0.104607
196.996 5.47945 0.10673
198.274 5.61723 0.108893
199.56 5.75872 0.111099
200.855 5.904 0.113346
202.158 6.05319 0.115637
203.469 6.20637 0.11797
204.789 6.36366 0.120348
206.118 6.52515 0.12277
207.455 6.69096 0.125237
208.801 6.8612 0.127749
210.155 7.03598 0.130307
211.519 7.21541 0.132911
212.891 7.39961 0.135563
214.272 7.5887 0.138261
215.662 7.7828 0.141007
217.061 7.98203 0.143801
218.469 8.18652 0.146643
219.886 8.39641 0.149534
221.313 8.61181 0.152474
222.749 8.83287 0.155463
224.194 9.05972 0.158502
225.648 9.29249 0.16159
227.112 9.53133 0.164728
228.585 9.77638 0.167915
230.068 10.0278 0.171153
231.561 10.2857 0.174441
233.063 10.5503 0.177779
234.575 10.8216 0.181167
236.097 11.0999 0.184605
237.628 11.3853 0.188092
239.17 11.678 0.191629
240.722 11.9781 0.195215
242.283 12.2858 0.19885
243.855 12.6013 0.202534
245.437 12.9246 0.206265
247.029 13.2561 0.210044
248.632 13.5957 0.21387
250.245 13.9438 0.217742
251.868 14.3005 0.221659
253.502 14.6659 0.22562
255.147 15.0402 0.229626
256.802 15.4237 0.233673
258.468 15.8164 0.237762
260.145 16.2185 0.241891
261.832 16.6303 0.246059
263.531 17.0518 0.250264
265.24 17.4833 0.254504
266.961 17.9249 0.258779
268.693 18.3768 0.263086
270.436 18.8391 0.267424
272.191 19.3121 0.27179
273.956 19.7959 0.276182
275.734 20.2907 0.280598
277.522 20.7966 0.285036
279.323 21.3138 0.289493
281.135 21.8424 0.293967
282.959 22.3827 0.298454
284.794 22.9346 0.302951
286.642 23.4985 0.307457
288.501 24.0745 0.311967
290.373 24.6626 0.316478
292.257 25.263 0.320987
294.153 25.8758 0.325489
296.061 26.5012 0.329982
297.982 27.1393 0.334461
299.915 27.7902 0.338922
301.86 28.4539 0.343361
303.819 29.1306 0.347773
305.79 29.8204 0.352154
307.773 30.5233 0.3565
309.77 31.2394 0.360805
311.78 31.9687 0.365064
313.802 32.7114 0.369273
315.838 33.4674 0.373426
317.887 34.2367 0.377518
319.949 35.0194 0.381543
322.025 35.8154 0.385496
324.114 36.6248 0.389371
326.217 37.4475 0.393162
328.333 38.2835 0.396864
330.463 39.1326 0.400469
332.607 39.9949 0.403973
334.764 40.8702 0.407369
336.936 41.7585 0.41065
339.122 42.6596 0.413811
341.322 43.5733 0.416845
343.536 44.4995 0.419745
345.765 45.4381 0.422506
348.008 46.3887 0.425122
350.266 47.3513 0.427584
352.538 48.3255 0.429888
354.825 49.3111 0.432027
357.127 50.3078 0.433995
359.444 51.3154 0.435785
361.776 52.3334 0.437392
364.123 53.3617 0.438809
366.485 54.3996 0.440031
368.862 55.447 0.441052
371.255 56.5034 0.441866
373.664 57.5684 0.442469
376.088 58.6414 0.442855
378.528 59.7221 0.443019
380.983 60.8099 0.442956
383.455 61.9044 0.442664
385.942 63.0049 0.442136
388.446 64.1109 0.44137
390.966 65.2219 0.440362
393.502 66.3372 0.439109
396.055 67.4562 0.437609
398.625 68.5784 0.435859
401.211 69.7029 0.433858
403.813 70.8292 0.431604
406.433 71.9566 0.429097
409.07 73.0844 0.426335
411.724 74.2118 0.423319
414.395 75.3381 0.42005
417.083 76.4626 0.416529
419.789 77.5845 0.412757
422.512 78.7031 0.408736
425.253 79.8176 0.40447
428.012 80.9272 0.399962
430.788 82.0312 0.395215
433.583 83.1287 0.390235
436.396 84.219 0.385025
439.227 85.3014 0.379592
442.076 86.375 0.373943
444.944 87.439 0.368083
447.831 88.4927 0.36202
450.736 89.5354 0.355762
453.66 90.5662 0.349318
456.603 91.5845 0.342696
459.565 92.5896 0.335905
462.547 93.5807 0.328956
465.547 94.5571 0.32186
468.567 95.5183 0.314626
471.607 96.4635 0.307266
474.667 97.3921 0.299791
477.746 98.3036 0.292214
480.845 99.1974 0.284547
483.965 100.073 0.276802
487.104 100.93 0.268991
490.264 101.767 0.261129
493.445 102.585 0.253226
496.646 103.383 0.245297
499.868 104.161 0.237355
503.111 104.918 0.229413
506.375 105.653 0.221484
509.66 106.368 0.21358
512.966 107.061 0.205715
516.294 107.733 0.197902
519.643 108.383 0.190151
523.014 109.011 0.182477
526.407 109.617 0.174889
529.822 110.201 0.1674
533.26 110.764 0.160021
536.719 111.305 0.152761
540.201 111.825 0.145632
543.705 112.323 0.138641
547.233 112.8 0.131799
550.783 113.256 0.125113
554.356 113.691 0.11859
557.952 114.106 0.112238
561.572 114.501 0.106063
565.215 114.877 0.100071
568.882 115.233 0.0942657
572.572 115.571 0.0886519
576.287 115.89 0.083233
580.025 116.191 0.0780117
583.788 116.475 0.0729898
587.575 116.743 0.0681688
591.387 116.994 0.0635492
595.224 117.229 0.059131
599.085 117.449 0.0549134
602.971 117.655 0.0508951
606.883 117.846 0.0470741
610.82 118.025 0.043448
614.783 118.19 0.0400136
618.771 118.343 0.0367674
622.785 118.485 0.0337053
626.826 118.615 0.030823
630.892 118.735 0.0281154
634.985 118.845 0.0255775
639.104 118.945 0.0232036
643.25 119.037 0.0209881
647.423 119.12 0.018925
651.623 119.195 0.0170079
655.851 119.264 0.0152307
660.105 119.325 0.0135869
664.388 119.38 0.01207
668.698 119.429 0.0106735
673.036 119.472 0.00939093
677.402 119.511 0.00821584
681.797 119.545 0.00714187
686.22 119.574 0.00616275
690.671 119.599 0.00527234
695.152 119.621 0.00446469
699.662 119.64 0.00373398
704.201 119.655 0.00307464
708.769 119.668 0.00248127
713.367 119.678 0.0019487
717.995 119.686 0.00147203
722.653 119.692 0.00104655
727.341 119.696 0.000667856
732.06 119.698 0.000331749
736.809 119.699 3.43073e-05
741.589 119.699 0
746.4 119.699 0
751.242 119.699 0
756.115 119.699 0
761.021 119.699 0
765.958 119.699 0
770.927 119.699 0
775.928 119.699 0
780.962 119.699 0
786.028 119.699 0
791.127 119.699 0
796.26 119.699 0
801.425 119.699 0
806.624 119.699 0
811.857 119.699 0
817.124 119.699 0
822.425 119.699 0
827.76 119.699 0
833.13 119.699 0
838.535 119.699 0
843.975 119.699 0
849.45 119.699 0
854.961 119.699 0
860.507 119.699 0
866.09 119.699 0
871.708 119.699 0
877.363 119.699 0
883.055 119.699 0
888.784 119.699 0
894.55 119.699 0
900.353 119.699 0
906.194 119.699 0
912.073 119.699 0
917.99 119.699 0
923.945 119.699 0
929.939 119.699 0
935.972 119.699 0
942.044 119.699 0
948.155 119.699 0
954.306 119.699 0
960.497 119.699 0
966.728 119.699 0
973 119.699 0
979.312 119.699 0
985.665 119.699 0
992.059 119.699 0
998.495 119.699 0
1004.97 119.699 0
1011.49 119.699 0
1018.05 119.699 0
1024.66 119.699 0
1031.31 119.699 0
1038 119.699 0
1044.73 119.699 0
1051.51 119.699 0
1058.33 119.699 0
1065.2 119.699 0
1072.11 119.699 0
1079.06 119.699 0
1086.06 119.699 0
1093.11 119.699 0
1100.2 119.699 0
1107.34 119.699 0
1114.52 119.699 0
1121.75 119.699 0
1129.03 119.699 0
1136.35 119.699 0
1143.72 119.699 0
1151.14 119.699 0
1158.61 119.699 0
1166.13 119.699 0
1173.69 119.699 0
1181.31 119.699 0
1188.97 119.699 0
1196.68 119.699 0
1204.45 119.699 0
1212.26 119.699 0
1220.12 119.699 0
1228.04 119.699 0
1236.01 119.699 0
1244.02 119.699 0
1252.09 119.699 0
1260.22 119.699 0
1268.39 119.699 0
1276.62 119.699 0
1284.9 119.699 0
1293.24 119.699 0
1301.63 119.699 0
1310.07 119.699 0
1318.57 119.699 0
1327.13 119.699 0
1335.74 119.699 0
1344.4 119.699 0
1353.12 119.699 0
1361.9 119.699 0
1370.74 119.699 0
1379.63 119.699 0
1388.58 119.699 0
1397.59 119.699 0
1406.65 119.699 0
1415.78 119.699 0
1424.96 119.699 0
1434.21 119.699 0
1443.51 119.699 0
1452.88 119.699 0
1462.3 119.699 0
1471.79 119.699 0
1481.34 119.699 0
1490.95 119.699 0
1500.62 119.699 0
1510.35 119.699 0
1520.15 119.699 0
1530.01 119.699 0
1539.94 119.699 0
1549.93 119.699 0
1559.98 119.699 0
1570.1 119.699 0
1580.29 119.699 0
1590.54 119.699 0
1600.86 119.699 0
1611.25 119.699 0
1621.7 119.699 0
1632.22 119.699 0
1642.81 119.699 0
1653.47 119.699 0
1664.19 119.699 0
1674.99 119.699 0
1685.85 119.699 0
1696.79 119.699 0
1707.8 119.699 0
1718.88 119.699 0
1730.03 119.699 0
1741.25 119.699 0
1752.55 119.699 0
1763.92 119.699 0
1775.36 119.699 0
1786.88 119.699 0
1798.47 119.699 0
1810.14 119.699 0
1821.88 119.699 0
1833.7 119.699 0
1845.6 119.699 0
1857.57 119.699 0
1869.62 119.699 0
1881.75 119.699 0
1893.96 119.699 0
1906.24 119.699 0
1918.61 119.699 0
1931.06 119.699 0
1943.58 119.699 0
1956.19 119.699 0
1968.88 119.699 0
1981.66 119.699 0
1994.51 119.699 0
2007.45 119.699 0
2020.47 119.699 0
2033.58 119.699 0
2046.77 119.699 0
2060.05 119.699 0
2073.42 119.699 0
2086.87 119.699 0
2100.41 119.699 0
2114.03 119.699 0
2127.75 119.699 0
2141.55 119.699 0
2155.44 119.699 0
2169.43 119.699 0
2183.5 119.699 0
2197.66 119.699 0
2211.92 119.699 0
2226.27 119.699 0
2240.71 119.699 0
2255.25 119.699 0
2269.88 119.699 0
2284.61 119.699 0
2299.43 119.699 0
2314.34 119.699 0
2329.36 119.699 0
2344.47 119.699 0
2359.68 119.699 0
2374.99 119.699 0
2390.39 119.699 0
2405.9 119.699 0
2421.51 119.699 0
2437.22 119.699 0
2453.03 119.699 0
2468.94 119.699 0
2484.96 119.699 0
2501.08 119.699 0
2517.31 119.699 0
2533.64 119.699 0
2550.07 119.699 0
2566.62 119.699 0
2583.27 119.699 0
2600.03 119.699 0
2616.89 119.699 0
2633.87 119.699 0
2650.96 119.699 0
2668.15 119.699 0
2685.46 119.699 0
2702.89 119.699 0
2720.42 119.699 0
2738.07 119.699 0
2755.83 119.699 0
2773.71 119.699 0
2791.7 119.699 0
2809.81 119.699 0
2828.04 119.699 0
2846.39 119.699 0
2864.85 119.699 0
2883.44 119.699 0
2902.15 119.699 0
2920.97 119.699 0
2939.92 119.699 0
2958.99 119.699 0
2978.19 119.699 0
2997.51 119.699 0
3016.96 119.699 0
3036.53 119.699 0
3056.23 119.699 0
3076.05 119.699 0
3096.01 119.699 0
3116.1 119.699 0
3136.31 119.699 0
3156.66 119.699 0
3177.14 119.699 0
3197.75 119.699 0
3218.49 119.699 0
3239.37 119.699 0
3260.39 119.699 0
3281.54 119.699 0
3302.83 119.699 0
3324.25 119.699 0
3345.82 119.699 0
3367.52 119.699 0
3389.37 119.699 0
3411.36 119.699 0
3433.49 119.699 0
3455.76 119.699 0
3478.18 119.699 0
3500.75 119.699 0
3523.46 119.699 0
3546.31 119.699 0
3569.32 119.699 0
3592.48 119.699 0
3615.78 119.7 7.53877e-05
3639.24 119.704 0.000284988
3662.85 119.714 0.000518433
3686.61 119.729 0.000778592
3710.53 119.751 0.0010687
3734.6 119.781 0.00139239
3758.82 119.819 0.00175378
3783.21 119.867 0.00215748
3807.75 119.925 0.00260872
3832.45 119.996 0.00311339
3857.32 120.08 0.00367813
3882.34 120.18 0.00431044
3907.53 120.298 0.0050188
3932.88 120.435 0.00581277
3958.39 120.595 0.00670314
3984.07 120.78 0.00770211
4009.92 120.993 0.00882345
4035.93 121.239 0.0100827
4062.11 121.522 0.0114974
4088.47 121.845 0.0130872
4114.99 122.216 0.0148746
4141.68 122.64 0.0168845
4168.55 123.124 0.0191451
4195.6 123.676 0.0216881
4222.81 124.306 0.0245491
4250.21 125.022 0.0277676
4277.78 125.838 0.0313881
4305.53 126.765 0.0354598
4333.46 127.82 0.0400374
4361.58 129.018 0.0451814
4389.87 130.378 0.0509579
4418.35 131.921 0.0574396
4447.01 133.672 0.0647049
4475.86 135.656 0.0728384
4504.9 137.903 0.0819301
4534.12 140.445 0.0920746
4563.54 143.32 0.10337
4593.14 146.566 0.115916
4622.94 150.227 0.129811
4652.93 154.35 0.14515
4683.12 158.986 0.162021
4713.5 164.189 0.180498
4744.08 170.016 0.20064
4774.85 176.527 0.222482
4805.83 183.784 0.246028
4837.01 191.847 0.271252
4868.39 200.78 0.298084
4899.97 210.642 0.326413
4931.76 221.489 0.356084
4963.75 233.375 0.386893
4995.95 246.344 0.418598
5028.36 260.435 0.450919
5060.98 275.676 0.483548
5093.82 292.088 0.516165
5126.86 309.678 0.548441
5160.12 328.445 0.580061
5193.6 348.376 0.610728
5227.29 369.449 0.640181
5261.2 391.633 0.668197
5295.33 414.89 0.694601
5329.68 439.175 0.719266
5364.26 464.439 0.742113
5399.06 490.63 0.763109
5434.09 517.694 0.782262
5469.34 545.577 0.799611
5504.82 574.225 0.815228
5540.53 603.588 0.829201
5576.48 633.616 0.841636
5612.65 664.262 0.852647
5649.06 695.485 0.862353
5685.71 727.244 0.870873
5722.6 759.504 0.878322
5759.72 792.232 0.884814
5797.09 825.398 0.890453
5834.69 858.978 0.895336
5872.55 892.948 0.899554
5910.64 927.288 0.903188
5948.99 961.98 0.906311
5987.58 997.009 0.908991
6026.42 1032.36 0.911284
6065.52 1068.03 0.913244
6104.87 1104 0.914915
6144.47 1140.26 0.916338
6184.33 1176.81 0.917548
6224.45 1213.64 0.918575
6264.83 1250.75 0.919445
6305.48 1288.13 0.920181
6346.38 1325.79 0.920803
6387.55 1363.71 0.921328
6428.99 1401.9 0.921771
6470.7 1440.35 0.922143
6512.68 1479.07 0.922456
6554.93 1518.04 0.922719
6597.45 1557.29 0.92294
6640.25 1596.79 0.923124
6683.33 1636.56 0.923278
6726.69 1676.6 0.923407
6770.32 1716.89 0.923515
6814.25 1757.46 0.923604
6858.45 1798.29 0.923679
6902.95 1839.39 0.923741
6947.73 1880.76 0.923792
6992.8 1922.39 0.923835
7038.16 1964.31 0.92387
7083.82 2006.49 0.923899
7129.78 2048.95 0.923923
7176.03 2091.68 0.923943
7222.59 2134.7 0.923959
7269.44 2177.99 0.923973
7316.6 2221.56 0.923984
7364.07 2265.42 0.923993
7411.84 2309.56 0.924
7459.92 2353.99 0.924006
7508.32 2398.71 0.924011
7557.03 2443.72 0.924015
7606.05 2489.02 0.924019
7655.39 2534.61 0.924021
7705.06 2580.5 0.924024
7755.04 2626.69 0.924025
7805.35 2673.18 0.924027
7855.99 2719.97 0.924028
7906.95 2767.06 0.924029
7958.25 2814.46 0.92403
8009.88 2862.16 0.92403
8061.84 2910.18 0.924031
8114.14 2958.5 0.924031
8166.78 3007.14 0.924032
8219.76 3056.1 0.924032
8273.08 3105.37 0.924032
8326.76 3154.97 0.924032
8380.77 3204.88 0.924032
8435.14 3255.12 0.924032
8489.86 3305.69 0.924032
8544.94 3356.58 0.924032
8600.38 3407.8 0.924033
8656.17 3459.36 0.924033
8712.32 3511.25 0.924033
8768.84 3563.47 0.924033
8825.73 3616.04 0.924033
8882.99 3668.94 0.924033
8940.61 3722.19 0.924033
8998.61 3775.79 0.924033
9056.99 3829.73 0.924033
9115.75 3884.02 0.924033
9174.89 3938.67 0.924033
9234.41 3993.67 0.924033
9294.31 4049.02 0.924033
9354.61 4104.74 0.924033
9415.29 4160.81 0.924033
9476.38 4217.25 0.924033
9537.85 4274.06 0.924033
9599.73 4331.24 0.924033
9662 4388.78 0.924033
9724.68 4446.7 0.924033
9787.77 4505 0.924033
9851.27 4563.67 0.924033
9915.18 4622.72 0.924033
9979.5 4682.16 0.924033
10044.2 4741.98 0.924033
10109.4 4802.19 0.924033
10175 4862.79 0.924033
10241 4923.79 0.924033
10307.4 4985.18 0.924033
10374.3 5046.97 0.924033
10441.6 5109.15 0.924033
10509.3 5171.75 0.924033
10577.5 5234.75 0.924033
10646.1 5298.15 0.924033
10715.2 5361.97 0.924033
10784.7 5426.2 0.924033
10854.7 5490.85 0.924033
10925.1 5555.92 0.924033
10996 5621.41 0.924033
11067.3 5687.33 0.924033
11139.1 5753.67 0.924033
11211.4 5820.44 0.924033
11284.1 5887.65 0.924033
11357.3 5955.29 0.924033
11431 6023.38 0.924033
11505.1 6091.9 0.924033
11579.8 6160.87 0.924033
11654.9 6230.28 0.924033
11730.5 6300.15 0.924033
11806.6 6370.47 0.924033
11883.2 6441.24 0.924033
11960.3 6512.48 0.924033
12037.9 6584.17 0.924033
12116 6656.33 0.924033
12194.6 6728.96 0.924033
12273.7 6802.06 0.924033
12353.3 6875.64 0.924033
12433.5 6949.69 0.924033
12514.1 7024.22 0.924033
12595.3 7099.24 0.924033
12677 7174.74 0.924033
12759.2 7250.74 0.924033
12842 7327.22 0.924033
12925.3 7404.2 0.924033
13009.2 7481.69 0.924033
13093.6 7559.67 0.924033
13178.5 7638.16 0.924033
13264 7717.16 0.924033
13350.1 7796.67 0.924033
13436.7 7876.7 0.924033
13523.8 7957.24 0.924033
13611.6 8038.31 0.924033
13699.9 8119.91 0.924033
13788.8 8202.03 0.924033
13878.2 8284.69 0.924033
13968.2 8367.88 0.924033
14058.9 8451.61 0.924033
14150.1 8535.89 0.924033
14241.9 8620.71 0.924033
14334.2 8706.09 0.924033
14427.2 8792.01 0.924033
14520.8 8878.5 0.924033
14615 8965.54 0.924033
14709.8 9053.15 0.924033
14805.3 9141.33 0.924033
14901.3 9230.08 0.924033
14998 9319.41 0.924033
15095.3 9409.32 0.924033
15193.2 9499.81 0.924033
15291.8 9590.88 0.924033
15391 9682.55 0.924033
15490.8 9774.81 0.924033
15591.3 9867.67 0.924033
15692.5 9961.13 0.924033
15794.3 10055.2 0.924033
15896.7 10149.9 0.924033
15999.9 10245.2 0.924033
16103.7 10341.1 0.924033
16208.1 10437.6 0.924033
16313.3 10534.8 0.924033
16419.1 10632.6 0.924033
16525.6 10731 0.924033
16632.8 10830.1 0.924033
16740.7 10929.8 0.924033
16849.3 11030.1 0.924033
16958.7 11131.1 0.924033
17068.7 11232.8 0.924033
17179.4 11335.1 0.924033
17290.8 11438.1 0.924033
17403 11541.7 0.924033
17515.9 11646.1 0.924033
17629.6 11751.1 0.924033
17743.9 11856.7 0.924033
17859 11963.1 0.924033
17974.9 12070.2 0.924033
18091.5 12177.9 0.924033
18208.9 12286.4 0.924033
18327 12395.5 0.924033
18445.9 12505.4 0.924033
18565.5 12615.9 0.924033
18686 12727.2 0.924033
18807.2 12839.3 0.924033
18929.2 12952 0.924033
19052 13065.5 0.924033
19175.6 13179.7 0.924033
19300 13294.6 0.924033
19425.2 13410.3 0.924033
19551.2 13526.8 0.924033
19678.1 13644 0.924033
19805.7 13761.9 0.924033
19934.2 13880.7 0.924033
20063.5 14000.1 0.924033
20193.7 14120.4 0.924033
20324.7 14241.5 0.924033
20456.6 14363.3 0.924033
20589.3 14485.9 0.924033
20722.8 14609.4 0.924033
20857.3 14733.6 0.924033
20992.6 14858.6 0.924033
21128.8 14984.5 0.924033
21265.8 15111.1 0.924033
21403.8 15238.6 0.924033
21542.7 15366.9 0.924033
21682.4 15496 0.924033
21823.1 15626 0.924033
21964.6 15756.8 0.924033
22107.1 15888.5 0.924033
22250.6 16021 0.924033
22394.9 16154.4 0.924033
22540.2 16288.6 0.924033
22686.4 16423.8 0.924033
22833.6 16559.8 0.924033
22981.7 16696.6 0.924033
23130.8 16834.4 0.924033
23280.9 16973.1 0.924033
23431.9 17112.6 0.924033
23583.9 17253.1 0.924033
23736.9 17394.4 0.924033
23890.9 17536.7 0.924033
24045.9 17680 0.924033
24201.9 17824.1 0.924033
24358.9 17969.2 0.924033
24516.9 18115.2 0.924033
24676 18262.2 0.924033
24836 18410.1 0.924033
24997.2 18559 0.924033
25159.3 18708.8 0.924033
25322.5 18859.6 0.924033
25486.8 19011.4 0.924033
25652.2 19164.2 0.924033
25818.6 19318 0.924033
25986.1 19472.8 0.924033
26154.7 19628.5 0.924033
26324.3 19785.3 0.924033
26495.1 19943.1 0.924033
26667 20101.9 0.924033
26840 20261.8 0.924033
27014.1 20422.7 0.924033
27189.4 20584.6 0.924033
27365.7 20747.6 0.924033
27543.3 20911.7 0.924033
27722 21076.8 0.924033
27901.8 21242.9 0.924033
28082.8 21410.2 0.924033
28265 21578.5 0.924033
28448.4 21748 0.924033
28632.9 21918.5 0.924033
28818.7 22090.2 0.924033
29005.6 22262.9 0.924033
29193.8 22436.8 0.924033
29383.2 22611.8 0.924033
29573.8 22787.9 0.924033
29765.7 22965.2 0.924033
29958.8 23143.6 0.924033
30153.1 23323.2 0.924033
30348.7 23504 0.924033
30545.6 23685.9 0.924033
30743.8 23869 0.924033
30943.2 24053.3 0.924033
31143.9 24238.8 0.924033
31346 24425.5 0.924033
31549.3 24613.4 0.924033
31754 24802.5 0.924033
31960 24992.9 0.924033
32167.3 25184.5 0.924033
32376 25377.3 0.924033
32586.1 25571.4 0.924033
32797.5 25766.7 0.924033
33010.2 25963.3 0.924033
33224.4 26161.2 0.924033
33439.9 26360.4 0.924033
33656.9 26560.8 0.924033
33875.2 26762.6 0.924033
34095 26965.6 0.924033
34316.1 27170 0.924033
34538.8 27375.7 0.924033
34762.8 27582.8 0.924033
34988.3 27791.2 0.924033
35215.3 28000.9 0.924033
35443.8 28212 0.924033
35673.7 28424.5 0.924033
35905.1 28638.3 0.924033
36138.1 28853.5 0.924033
36372.5 29070.2 0.924033
36608.5 29288.2 0.924033
36846 29507.7 0.924033
37085 29728.5 0.924033
37325.6 29950.8 0.924033
37567.7 30174.6 0.924033
37811.4 30399.8 0.924033
38056.7 30626.5 0.924033
38303.6 30854.6 0.924033
38552.1 31084.2 0.924033
38802.2 31315.3 0.924033
39053.9 31547.9 0.924033
39307.3 31782 0.924033
39562.3 32017.6 0.924033
39819 32254.8 0.924033
40077.3 32493.5 0.924033
40337.3 32733.7 0.924033
40599 32975.5 0.924033
40862.3 33218.9 0.924033
41127.4 33463.9 0.924033
41394.2 33710.4 0.924033
41662.8 33958.5 0.924033
41933.1 34208.3 0.924033
42205.1 34459.7 0.924033
42478.9 34712.7 0.924033
42754.5 34967.3 0.924033
43031.8 35223.6 0.924033
43311 35481.5 0.924033
43592 35741.2 0.924033
43874.8 36002.5 0.924033
44159.4 36265.5 0.924033
44445.9 36530.2 0.924033
44734.2 36796.6 0.924033
45024.4 37064.8 0.924033
45316.5 37334.7 0.924033
45610.5 37606.4 0.924033
45906.4 37879.8 0.924033
46204.2 38155 0.924033
46503.9 38431.9 0.924033
46805.6 38710.7 0.924033
47109.3 38991.3 0.924033
47414.9 39273.7 0.924033
47722.5 39557.9 0.924033
48032.1 39844 0.924033
48343.7 40131.9 0.924033
48657.3 40421.7 0.924033
48972.9 40713.4 0.924033
49290.7 41006.9 0.924033
49610.4 41302.4 0.924033
49932.3 41599.8 0.924033
50256.2 41899.1 0.924033
50582.2 42200.4 0.924033
50910.4 42503.6 0.924033
51240.6 42808.8 0.924033
51573.1 43116 0.924033
51907.6 43425.1 0.924033
52244.4 43736.3 0.924033
52583.3 44049.5 0.924033
52924.4 44364.7 0.924033
53267.8 44681.9 0.924033
53613.3 45001.2 0.924033
53961.1 45322.6 0.924033
54311.2 45646.1 0.924033
54663.5 45971.7 0.924033
55018.2 46299.4 0.924033
55375.1 46629.2 0.924033
55734.3 46961.1 0.924033
56095.9 47295.2 0.924033
