5.78741e-09 5.95396e-15 4.29514e-06
5.8738e-08 3.33166e-13 8.58285e-06
5.86595e-07 1.45059e-11 3.56977e-05
4.6076e-06 3.38009e-10 8.97843e-05
5.86875e-06 4.61297e-10 0.000114002
2.3369e-05 3.31505e-09 0.000192532
7.39119e-05 1.62978e-08 0.000292274
0.000147358 4.17301e-08 0.000330144
0.000152693 4.34471e-08 0.000292479
0.000165528 4.67976e-08 0.000304172
0.000294481 1.01986e-07 0.000463041
0.000466785 1.89679e-07 0.00054542
0.000739961 3.52227e-07 0.00041641
0.000792747 3.70702e-07 0.000446592
0.000859333 4.13069e-07 0.00055442
0.000931697 4.48502e-07 0.00055104
0.00117285 6.10601e-07 0.000697128
0.00147667 8.31244e-07 0.000750516
0.0017323 1.02935e-06 0.000535855
0.00185963 1.08409e-06 0.000525282
0.00294795 2.00733e-06 0.000908255
0.00467391 3.71532e-06 0.00105104
0.00633042 5.56999e-06 0.00091467
0.0070765 6.16755e-06 0.00093479
0.00933155 8.92099e-06 0.00127133
0.0117504 1.21316e-05 0.00137956
0.0154948 1.7543e-05 0.00122736
0.0177925 2.00421e-05 0.00125466
0.0234638 2.89812e-05 0.00164107
0.0295474 3.94039e-05 0.00177172
0.0354913 5.03041e-05 0.00128079
0.0389653 5.38549e-05 0.00125817
0.0549487 8.51279e-05 0.00191362
0.0590129 9.27925e-05 0.00199187
0.0713035 0.000119369 0.00114686
0.0787306 0.000125461 0.00110854
0.10265 0.000178607 0.00176378
0.112568 0.000193736 0.00180901
0.132297 0.000240204 0.00240921
0.146764 0.000275794 0.00181491
0.15911 0.000293738 0.00177613
0.191354 0.000375514 0.00260957
0.227502 0.000472769 0.000973271
0.245257 0.000484229 0.000805937
0.256566 0.000495831 0.00103354
0.268397 0.000508152 0.00104919
0.280773 0.000521236 0.00106507
0.293719 0.00053513 0.0010812
0.307263 0.000549885 0.00109757
0.321432 0.000565555 0.00111419
0.336253 0.000582195 0.00113106
0.351758 0.000599866 0.00114818
0.367978 0.000618631 0.00116556
0.384946 0.000638559 0.00118321
0.402697 0.000659722 0.00120112
0.421266 0.000682195 0.00121931
0.440691 0.000706061 0.00123777
0.461012 0.000731406 0.00125651
0.48227 0.00075832 0.00127553
0.504508 0.000786902 0.00129484
0.527771 0.000817254 0.00131445
0.552107 0.000849487 0.00133435
0.577566 0.000883717 0.00135455
0.604198 0.000920067 0.00137506
0.632059 0.000958668 0.00139588
0.661204 0.000999662 0.00141701
0.691693 0.00104319 0.00143847
0.723588 0.00108942 0.00146024
0.756953 0.00113852 0.00148235
0.791857 0.00119065 0.00150479
0.828371 0.00124602 0.00152758
0.866568 0.00130481 0.00155071
0.906527 0.00136725 0.00157418
0.948328 0.00143355 0.00159802
0.992057 0.00150396 0.00162221
1.0378 0.00157874 0.00164677
1.08566 0.00165815 0.0016717
1.13572 0.00174247 0.00169701
1.18809 0.00183202 0.00172271
1.24287 0.00192712 0.00174879
1.30018 0.00202811 0.00177526
1.36014 0.00213535 0.00180214
1.42285 0.00224924 0.00182943
1.48846 0.00237018 0.00185712
1.5571 0.00249862 0.00188524
1.6289 0.00263501 0.00191378
1.70401 0.00277985 0.00194276
1.78258 0.00293367 0.00197217
1.86478 0.00309701 0.00200203
1.95077 0.00327047 0.00203234
2.04072 0.00345468 0.00206311
2.13482 0.0036503 0.00209435
2.23326 0.00385804 0.00212606
2.33624 0.00407865 0.00215824
2.44396 0.00431292 0.00219092
2.55666 0.00456171 0.00222409
2.67455 0.00482591 0.00225776
2.79788 0.00510648 0.00229195
2.92689 0.00540443 0.00232665
3.06185 0.00572083 0.00236187
3.20304 0.00605684 0.00239763
3.35074 0.00641366 0.00243393
3.50524 0.00679259 0.00247078
3.66688 0.00719499 0.00250819
3.83596 0.00762232 0.00254616
4.01284 0.00807613 0.00258471
4.19788 0.00855804 0.00262385
4.39145 0.00906982 0.00266357
4.59395 0.00961329 0.0027039
4.80578 0.0101904 0.00274483
5.02738 0.0108033 0.00278639
5.2592 0.0114542 0.00282858
5.50171 0.0121454 0.0028714
5.7554 0.0128794 0.00291488
6.02079 0.0136589 0.00295901
6.29841 0.0144866 0.00300381
6.58884 0.0153657 0.00304928
6.89266 0.0162992 0.00309545
7.21049 0.0172905 0.00314232
7.54298 0.0183433 0.00318989
7.8908 0.0194612 0.00323819
8.25465 0.0206484 0.00328721
8.63529 0.0219092 0.00333698
9.03347 0.0232481 0.0033875
9.45002 0.0246699 0.00343879
9.88577 0.0261798 0.00349085
10.3416 0.0277832 0.00354371
10.8185 0.029486 0.00359736
11.3173 0.0312942 0.00365182
11.8392 0.0332145 0.00370711
12.3851 0.0352537 0.00376324
12.9562 0.0374193 0.00382021
13.5536 0.039719 0.00387805
14.1786 0.0421611 0.00393677
14.8324 0.0447546 0.00399637
15.5164 0.0475087 0.00405687
16.2318 0.0504335 0.00411829
16.9803 0.0535394 0.00418065
17.7633 0.0568378 0.00424394
18.5824 0.0603405 0.0043082
19.4392 0.0640601 0.00437342
20.3356 0.0680102 0.00443964
21.2733 0.072205 0.00450685
22.2543 0.0766597 0.00457509
23.2804 0.0813904 0.00464435
24.3539 0.0864141 0.00471467
25.4769 0.091749 0.00478605
26.6517 0.0974144 0.00485851
27.8806 0.103431 0.00493207
29.1662 0.10982 0.00500674
30.5111 0.116605 0.00508254
31.9181 0.12381 0.00515949
33.3898 0.131462 0.00523761
34.9295 0.139587 0.00531691
36.5401 0.148216 0.0053974
38.225 0.15738 0.00547912
39.9877 0.167111 0.00556208
41.8315 0.177445 0.00564629
43.7605 0.188419 0.00573177
45.7783 0.200073 0.00581855
47.8892 0.212449 0.00590664
50.0974 0.225592 0.00599607
52.4075 0.239549 0.00608685
54.8241 0.254371 0.00617901
57.3521 0.27011 0.00627256
59.9967 0.286825 0.00636752
62.7632 0.304575 0.00646393
65.6573 0.323425 0.00656179
68.6849 0.343443 0.00666114
71.852 0.364701 0.00676199
75.1652 0.387275 0.00686552
75.1652 0.387275 0.00686451
75.6528 0.390651 0.00698018
76.1436 0.394106 0.00709785
76.6376 0.397641 0.00721756
77.1348 0.40126 0.00733936
77.6352 0.404964 0.00746329
78.1388 0.408754 0.00758938
78.6457 0.412634 0.0077177
79.1559 0.416605 0.00784827
79.6694 0.420669 0.00798114
80.1863 0.424829 0.00811637
80.7065 0.429087 0.008254
81.23 0.433445 0.00839408
81.757 0.437906 0.00853666
82.2874 0.442472 0.00868179
82.8212 0.447146 0.00882953
83.3585 0.451931 0.00897993
83.8993 0.456828 0.00913303
84.4436 0.461842 0.00928891
84.9914 0.466974 0.00944762
85.5428 0.472227 0.00960921
86.0977 0.477606 0.00977375
86.6563 0.483112 0.00994129
87.2184 0.488748 0.0101119
87.7842 0.494519 0.0102857
88.3537 0.500427 0.0104626
88.9269 0.506475 0.0106428
89.5038 0.512668 0.0108264
90.0845 0.519009 0.0110134
90.6689 0.525501 0.0112038
91.2571 0.532148 0.0113978
91.8491 0.538954 0.0115954
92.4449 0.545923 0.0117968
93.0447 0.55306 0.0120019
93.6483 0.560367 0.0122109
94.2558 0.56785 0.0124238
94.8673 0.575513 0.0126407
95.4827 0.583361 0.0128618
96.1021 0.591398 0.0130871
96.7256 0.599628 0.0133167
97.3531 0.608058 0.0135507
97.9847 0.616691 0.0137891
98.6203 0.625534 0.0140321
99.2601 0.634591 0.0142798
99.904 0.643867 0.0145323
100.552 0.653369 0.0147897
101.204 0.663102 0.0150521
101.861 0.673073 0.0153195
102.522 0.683286 0.0155922
103.187 0.693749 0.0158702
103.856 0.704467 0.0161536
104.53 0.715448 0.0164426
105.208 0.726698 0.0167372
105.891 0.738224 0.0170377
106.578 0.750033 0.017344
107.269 0.762133 0.0176565
107.965 0.774531 0.0179751
108.665 0.787235 0.0183
109.37 0.800252 0.0186314
110.08 0.813592 0.0189694
110.794 0.827261 0.0193141
111.513 0.84127 0.0196658
112.236 0.855626 0.0200245
112.964 0.87034 0.0203904
113.697 0.885419 0.0207636
114.435 0.900875 0.0211444
115.177 0.916716 0.0215328
115.924 0.932953 0.0219291
116.676 0.949597 0.0223335
117.433 0.966658 0.022746
118.195 0.984147 0.0231669
118.962 1.00208 0.0235964
119.734 1.02045 0.0240347
120.51 1.0393 0.0244819
121.292 1.05862 0.0249382
122.079 1.07842 0.0254039
122.871 1.09873 0.0258792
123.668 1.11955 0.0263642
124.47 1.1409 0.0268592
125.278 1.16279 0.0273644
126.091 1.18524 0.0278801
126.909 1.20826 0.0284064
127.732 1.23187 0.0289436
128.561 1.25608 0.0294919
129.395 1.28091 0.0300516
130.234 1.30638 0.0306229
131.079 1.3325 0.031206
131.929 1.35929 0.0318014
132.785 1.38676 0.0324091
133.646 1.41495 0.0330295
134.513 1.44386 0.0336628
135.386 1.47352 0.0343094
136.264 1.50394 0.0349695
137.148 1.53515 0.0356434
138.038 1.56717 0.0363315
138.934 1.60002 0.0370339
139.835 1.63372 0.0377511
140.742 1.6683 0.0384834
141.655 1.70378 0.039231
142.574 1.74018 0.0399943
143.499 1.77754 0.0407737
144.43 1.81586 0.0415695
145.367 1.85519 0.042382
146.31 1.89555 0.0432116
147.259 1.93697 0.0440587
148.215 1.97947 0.0449236
149.176 2.02309 0.0458067
150.144 2.06786 0.0467085
151.118 2.1138 0.0476292
152.098 2.16096 0.0485693
153.085 2.20936 0.0495292
154.078 2.25903 0.0505092
155.078 2.31002 0.05151
156.084 2.36235 0.0525317
157.096 2.41607 0.053575
158.115 2.47122 0.0546401
159.141 2.52782 0.0557277
160.173 2.58593 0.0568381
161.213 2.64558 0.0579717
162.258 2.70681 0.0591291
163.311 2.76967 0.0603108
164.37 2.83421 0.0615172
165.437 2.90046 0.0627487
166.51 2.96848 0.064006
167.59 3.03832 0.0652895
168.678 3.11001 0.0665997
169.772 3.18362 0.0679371
170.873 3.2592 0.0693023
171.982 3.33679 0.0706958
173.097 3.41646 0.0721181
174.22 3.49826 0.0735697
175.351 3.58225 0.0750512
176.488 3.66849 0.0765632
177.633 3.75703 0.0781062
178.785 3.84794 0.0796808
179.945 3.94129 0.0812875
181.113 4.03714 0.0829269
182.288 4.13556 0.0845996
183.47 4.23661 0.0863062
184.66 4.34037 0.0880471
185.858 4.44691 0.0898231
187.064 4.55631 0.0916347
188.278 4.66863 0.0934825
189.499 4.78397 0.0953671
190.728 4.90239 0.097289
191.966 5.02398 0.0992489
193.211 5.14882 0.101247
194.464 5.277 0.103285
195.726 5.40861 0.105362
196.996 5.54374 0.10748
198.274 5.68248 0.109638
199.56 5.82492 0.111838
200.855 5.97116 0.11408
202.158 6.12129 0.116364
203.469 6.27543 0.118692
204.789 6.43366 0.121063
206.118 6.59611 0.123479
207.455 6.76286 0.125939
208.801 6.93404 0.128445
210.155 7.10975 0.130996
211.519 7.29012 0.133593
212.891 7.47525 0.136237
214.272 7.66526 0.138929
215.662 7.86029 0.141668
217.061 8.06044 0.144455
218.469 8.26585 0.14729
219.886 8.47665 0.150174
221.313 8.69296 0.153108
222.749 8.91492 0.15609
224.194 9.14267 0.159123
225.648 9.37635 0.162205
227.112 9.61609 0.165338
228.585 9.86203 0.168521
230.068 10.1143 0.171755
231.561 10.3731 0.175039
233.063 10.6386 0.178374
234.575 10.9108 0.18176
236.097 11.1901 0.185197
237.628 11.4764 0.188684
239.17 11.77 0.192222
240.722 12.071 0.19581
242.283 12.3796 0.199448
243.855 12.696 0.203136
245.437 13.0203 0.206874
247.029 13.3527 0.21066
248.632 13.6934 0.214496
250.245 14.0425 0.218379
251.868 14.4002 0.222309
253.502 14.7667 0.226287
255.147 15.1422 0.23031
256.802 15.5268 0.234378
258.468 15.9206 0.23849
260.145 16.324 0.242644
261.832 16.7371 0.246841
263.531 17.1599 0.251078
265.24 17.5928 0.255354
266.961 18.0359 0.259668
268.693 18.4894 0.264018
270.436 18.9535 0.268402
272.191 19.4282 0.272819
273.956 19.9139 0.277267
275.734 20.4106 0.281743
277.522 20.9186 0.286246
279.323 21.4381 0.290773
281.135 21.9691 0.295322
282.959 22.5119 0.29989
284.794 23.0666 0.304474
286.642 23.6334 0.309072
288.501 24.2124 0.313682
290.373 24.8038 0.318298
292.257 25.4077 0.32292
294.153 26.0244 0.327542
296.061 26.6538 0.332162
297.982 27.2962 0.336776
299.915 27.9517 0.341379
301.86 28.6204 0.345969
303.819 29.3023 0.350541
305.79 29.9977 0.35509
307.773 30.7066 0.359613
309.77 31.4291 0.364104
311.78 32.1653 0.368559
313.802 32.9152 0.372974
315.838 33.679 0.377342
317.887 34.4565 0.38166
319.949 35.248 0.385921
322.025 36.0534 0.39012
324.114 36.8727 0.394253
326.217 37.7059 0.398312
328.333 38.5531 0.402293
330.463 39.4141 0.406189
332.607 40.289 0.409995
334.764 41.1777 0.413704
336.936 42.08 0.417311
339.122 42.996 0.420808
341.322 43.9255 0.42419
343.536 44.8684 0.427451
345.765 45.8246 0.430584
348.008 46.7938 0.433582
350.266 47.7759 0.43644
352.538 48.7707 0.43915
354.825 49.7779 0.441706
357.127 50.7974 0.444102
359.444 51.8289 0.446332
361.776 52.8721 0.448388
364.123 53.9267 0.450265
366.485 54.9923 0.451957
368.862 56.0686 0.453458
371.255 57.1552 0.454761
373.664 58.2518 0.45586
376.088 59.358 0.456751
378.528 60.4732 0.457427
380.983 61.597 0.457884
383.455 62.729 0.458116
385.942 63.8686 0.458119
388.446 65.0153 0.457888
390.966 66.1686 0.457419
393.502 67.3279 0.456708
396.055 68.4925 0.455752
398.625 69.662 0.454547
401.211 70.8356 0.45309
403.813 72.0126 0.451379
406.433 73.1925 0.449413
409.07 74.3746 0.447188
411.724 75.558 0.444706
414.395 76.7422 0.441964
417.083 77.9263 0.438962
419.789 79.1096 0.435702
422.512 80.2913 0.432184
425.253 81.4708 0.428409
428.012 82.6471 0.424379
430.788 83.8195 0.420097
433.583 84.9872 0.415566
436.396 86.1494 0.41079
439.227 87.3053 0.405772
442.076 88.454 0.400519
444.944 89.5948 0.395034
447.831 90.7268 0.389325
450.736 91.8493 0.383398
453.66 92.9614 0.377259
456.603 94.0624 0.370917
459.565 95.1514 0.36438
462.547 96.2277 0.357657
465.547 97.2906 0.350757
468.567 98.3393 0.343689
471.607 99.373 0.336465
474.667 100.391 0.329094
477.746 101.393 0.321588
480.845 102.378 0.313959
483.965 103.345 0.306218
487.104 104.294 0.298378
490.264 105.225 0.290451
493.445 106.136 0.282449
496.646 107.027 0.274387
499.868 107.898 0.266276
503.111 108.748 0.25813
506.375 109.577 0.249963
509.66 110.385 0.241787
512.966 111.171 0.233617
516.294 111.935 0.225465
519.643 112.676 0.217344
523.014 113.396 0.209268
526.407 114.092 0.201248
529.822 114.766 0.193298
533.26 115.417 0.18543
536.719 116.045 0.177655
540.201 116.65 0.169985
543.705 117.232 0.16243
547.233 117.792 0.155002
550.783 118.329 0.14771
554.356 118.844 0.140563
557.952 119.337 0.133571
561.572 119.808 0.126741
565.215 120.258 0.120081
568.882 120.686 0.113598
572.572 121.094 0.107297
576.287 121.481 0.101185
580.025 121.849 0.095266
583.788 122.196 0.0895439
587.575 122.525 0.0840223
591.387 122.835 0.0787035
595.224 123.127 0.0735894
599.085 123.402 0.0686813
602.971 123.66 0.0639795
606.883 123.901 0.0594837
610.82 124.127 0.0551932
614.783 124.337 0.0511064
618.771 124.534 0.0472212
622.785 124.716 0.0435348
626.826 124.885 0.040044
630.892 125.041 0.0367451
634.985 125.185 0.033634
639.104 125.317 0.0307058
643.25 125.439 0.0279557
647.423 125.55 0.0253782
651.623 125.652 0.0229676
655.851 125.744 0.0207181
660.105 125.828 0.0186235
664.388 125.903 0.0166774
668.698 125.971 0.0148734
673.036 126.032 0.0132049
677.402 126.086 0.0116654
681.797 126.135 0.0102481
686.22 126.177 0.0089464
690.671 126.214 0.00775385
695.152 126.247 0.0066639
699.662 126.274 0.00567021
704.201 126.298 0.00476652
708.769 126.318 0.00394679
713.367 126.334 0.00320513
717.995 126.348 0.00253584
722.653 126.358 0.00193347
727.341 126.366 0.00139279
732.06 126.371 0.000908784
736.809 126.375 0.000476719
741.589 126.376 9.20978e-05
746.4 126.376 0
751.242 126.376 0
756.115 126.376 0
761.021 126.376 0
765.958 126.376 0
770.927 126.376 0
775.928 126.376 0
780.962 126.376 0
786.028 126.376 0
791.127 126.376 0
796.26 126.376 0
801.425 126.376 0
806.624 126.376 0
811.857 126.376 0
817.124 126.376 0
822.425 126.376 0
827.76 126.376 0
833.13 126.376 0
838.535 126.376 0
843.975 126.376 0
849.45 126.376 0
854.961 126.376 0
860.507 126.376 0
866.09 126.376 0
871.708 126.376 0
877.363 126.376 0
883.055 126.376 0
888.784 126.376 0
894.55 126.376 0
900.353 126.376 0
906.194 126.376 0
912.073 126.376 0
917.99 126.376 0
923.945 126.376 0
929.939 126.376 0
935.972 126.376 0
942.044 126.376 0
948.155 126.376 0
954.306 126.376 0
960.497 126.376 0
966.728 126.376 0
973 126.376 0
979.312 126.376 0
985.665 126.376 0
992.059 126.376 0
998.495 126.376 0
1004.97 126.376 0
1011.49 126.376 0
1018.05 126.376 0
1024.66 126.376 0
1031.31 126.376 0
1038 126.376 0
1044.73 126.376 0
1051.51 126.376 0
1058.33 126.376 0
1065.2 126.376 0
1072.11 126.376 0
1079.06 126.376 0
1086.06 126.376 0
1093.11 126.376 0
1100.2 126.376 0
1107.34 126.376 0
1114.52 126.376 0
1121.75 126.376 0
1129.03 126.376 0
1136.35 126.376 0
1143.72 126.376 0
1151.14 126.376 0
1158.61 126.376 0
1166.13 126.376 0
1173.69 126.376 0
1181.31 126.376 0
1188.97 126.376 0
1196.68 126.376 0
1204.45 126.376 0
1212.26 126.376 0
1220.12 126.376 0
1228.04 126.376 0
1236.01 126.376 0
1244.02 126.376 0
1252.09 126.376 0
1260.22 126.376 0
1268.39 126.376 0
1276.62 126.376 0
1284.9 126.376 0
1293.24 126.376 0
1301.63 126.376 0
1310.07 126.376 0
1318.57 126.376 0
1327.13 126.376 0
1335.74 126.376 0
1344.4 126.376 0
1353.12 126.376 0
1361.9 126.376 0
1370.74 126.376 0
1379.63 126.376 0
1388.58 126.376 0
1397.59 126.376 0
1406.65 126.376 0
1415.78 126.376 0
1424.96 126.376 0
1434.21 126.376 0
1443.51 126.376 0
1452.88 126.376 0
1462.3 126.376 0
1471.79 126.376 0
1481.34 126.376 0
1490.95 126.376 0
1500.62 126.376 0
1510.35 126.376 0
1520.15 126.376 0
1530.01 126.376 0
1539.94 126.376 0
1549.93 126.376 0
1559.98 126.376 0
1570.1 126.376 0
1580.29 126.376 0
1590.54 126.376 0
1600.86 126.376 0
1611.25 126.376 0
1621.7 126.376 0
1632.22 126.376 0
1642.81 126.376 0
1653.47 126.376 0
1664.19 126.376 0
1674.99 126.376 0
1685.85 126.376 0
1696.79 126.376 0
1707.8 126.376 0
1718.88 126.376 0
1730.03 126.376 0
1741.25 126.376 0
1752.55 126.376 0
1763.92 126.376 0
1775.36 126.376 0
1786.88 126.376 0
1798.47 126.376 0
1810.14 126.376 0
1821.88 126.376 0
1833.7 126.376 0
1845.6 126.376 0
1857.57 126.376 0
1869.62 126.376 0
1881.75 126.376 0
1893.96 126.376 0
1906.24 126.376 0
1918.61 126.376 0
1931.06 126.376 0
1943.58 126.376 0
1956.19 126.376 0
1968.88 126.376 0
1981.66 126.376 0
1994.51 126.376 0
2007.45 126.376 0
2020.47 126.376 0
2033.58 126.376 0
2046.77 126.376 0
2060.05 126.376 0
2073.42 126.376 0
2086.87 126.376 0
2100.41 126.376 0
2114.03 126.376 0
2127.75 126.376 0
2141.55 126.376 0
2155.44 126.376 0
2169.43 126.376 0
2183.5 126.376 0
2197.66 126.376 0
2211.92 126.376 0
2226.27 126.376 0
2240.71 126.376 0
2255.25 126.376 0
2269.88 126.376 0
2284.61 126.376 0
2299.43 126.376 0
2314.34 126.376 0
2329.36 126.376 0
2344.47 126.376 0
2359.68 126.376 0
2374.99 126.376 0
2390.39 126.376 0
2405.9 126.376 0
2421.51 126.376 0
2437.22 126.376 0
2453.03 126.376 0
2468.94 126.376 0
2484.96 126.376 0
2501.08 126.376 0
2517.31 126.376 0
2533.64 126.376 0
2550.07 126.376 0
2566.62 126.376 0
2583.27 126.376 0
2600.03 126.376 0
2616.89 126.376 0
2633.87 126.376 0
2650.96 126.376 0
2668.15 126.376 0
2685.46 126.376 0
2702.89 126.376 0
2720.42 126.376 0
2738.07 126.376 0
2755.83 126.376 0
2773.71 126.376 0
2791.7 126.376 0
2809.81 126.376 0
2828.04 126.376 0
2846.39 126.376 0
2864.85 126.376 0
2883.44 126.376 0
2902.15 126.376 0
2920.97 126.376 0
2939.92 126.376 0
2958.99 126.376 0
2978.19 126.376 0
2997.51 126.376 0
3016.96 126.376 0
3036.53 126.376 0
3056.23 126.376 0
3076.05 126.376 0
3096.01 126.376 0
3116.1 126.376 0
3136.31 126.376 0
3156.66 126.376 0
3177.14 126.376 0
3197.75 126.376 0
3218.49 126.376 0
3239.37 126.376 0
3260.39 126.376 0
3281.54 126.376 0
3302.83 126.376 0
3324.25 126.376 0
3345.82 126.376 0
3367.52 126.376 0
3389.37 126.376 0
3411.36 126.376 0
3433.49 126.376 0
3455.76 126.376 0
3478.18 126.376 0
3500.75 126.376 0
3523.46 126.376 0
3546.31 126.376 0
3569.32 126.376 0
3592.48 126.376 0
3615.78 126.376 0
3639.24 126.376 0
3662.85 126.376 0
3686.61 126.376 0
3710.53 126.376 0
3734.6 126.376 0
3758.82 126.376 0
3783.21 126.376 0
3807.75 126.376 0
3832.45 126.376 0
3857.32 126.376 0
3882.34 126.376 0
3907.53 126.376 0
3932.88 126.376 0
3958.39 126.376 0
3984.07 126.376 0
4009.92 126.376 0
4035.93 126.376 0
4062.11 126.376 0
4088.47 126.376 0
4114.99 126.376 0
4141.68 126.376 0
4168.55 126.376 0
4195.6 126.376 0
4222.81 126.376 0
4250.21 126.376 0
4277.78 126.376 0
4305.53 126.376 0
4333.46 126.376 0
4361.58 126.376 0
4389.87 126.376 0
4418.35 126.376 0
4447.01 126.376 0
4475.86 126.376 0
4504.9 126.38 0.000260493
4534.12 126.395 0.000756443
4563.54 126.426 0.00134484
4593.14 126.476 0.00204353
4622.94 126.549 0.00287387
4652.93 126.65 0.00386144
4683.12 126.784 0.0050369
4713.5 126.959 0.00643694
4744.08 127.181 0.00810547
4774.85 127.461 0.010095
4805.83 127.811 0.0124682
4837.01 128.243 0.0152997
4868.39 128.777 0.0186784
4899.97 129.43 0.0227095
4931.76 130.228 0.0275172
4963.75 131.2 0.0332474
4995.95 132.381 0.0400699
5028.36 133.811 0.0481814
5060.98 135.54 0.0578065
5093.82 137.625 0.0691983
5126.86 140.133 0.0826372
5160.12 143.145 0.0984262
5193.6 146.748 0.116883
5227.29 151.048 0.138325
5261.2 156.158 0.163052
5295.33 162.205 0.191318
5329.68 169.327 0.2233
5364.26 177.666 0.259057
5399.06 187.367 0.298499
5434.09 198.573 0.341349
5469.34 211.413 0.38713
5504.82 226.001 0.435163
5540.53 242.424 0.484598
5576.48 260.739 0.534463
5612.65 280.965 0.583739
5649.06 303.088 0.631444
5685.71 327.058 0.676705
5722.6 352.796 0.718823
5759.72 380.196 0.757303
5797.09 409.138 0.791866
5834.69 439.493 0.822431
5872.55 471.128 0.849082
5910.64 503.913 0.872032
5948.99 537.725 0.891576
5987.58 572.452 0.908059
6026.42 607.992 0.921843
6065.52 644.256 0.933285
6104.87 681.165 0.942722
6144.47 718.655 0.950462
6184.33 756.667 0.956779
6224.45 795.156 0.961914
6264.83 834.083 0.966071
6305.48 873.414 0.969425
6346.38 913.124 0.972124
6387.55 953.192 0.974289
6428.99 993.601 0.976022
6470.7 1034.34 0.977406
6512.68 1075.39 0.978509
6554.93 1116.75 0.979385
6597.45 1158.41 0.980081
6640.25 1200.37 0.980632
6683.33 1242.62 0.981067
6726.69 1285.17 0.981411
6770.32 1328 0.981682
6814.25 1371.12 0.981895
6858.45 1414.53 0.982062
6902.95 1458.23 0.982193
6947.73 1502.22 0.982296
6992.8 1546.49 0.982376
7038.16 1591.06 0.982438
7083.82 1635.92 0.982487
7129.78 1681.07 0.982525
7176.03 1726.52 0.982554
7222.59 1772.26 0.982577
7269.44 1818.3 0.982594
7316.6 1864.64 0.982608
7364.07 1911.28 0.982618
7411.84 1958.22 0.982626
7459.92 2005.47 0.982633
7508.32 2053.02 0.982637
7557.03 2100.89 0.982641
7606.05 2149.06 0.982644
7655.39 2197.55 0.982646
7705.06 2246.35 0.982647
7755.04 2295.47 0.982649
7805.35 2344.9 0.98265
7855.99 2394.66 0.98265
7906.95 2444.74 0.982651
7958.25 2495.15 0.982651
8009.88 2545.88 0.982651
8061.84 2596.94 0.982652
8114.14 2648.33 0.982652
8166.78 2700.06 0.982652
8219.76 2752.12 0.982652
8273.08 2804.52 0.982652
8326.76 2857.26 0.982652
8380.77 2910.34 0.982652
8435.14 2963.77 0.982652
8489.86 3017.54 0.982652
8544.94 3071.66 0.982652
8600.38 3126.13 0.982652
8656.17 3180.96 0.982652
8712.32 3236.14 0.982652
8768.84 3291.68 0.982652
8825.73 3347.58 0.982652
8882.99 3403.84 0.982652
8940.61 3460.47 0.982652
8998.61 3517.46 0.982652
9056.99 3574.83 0.982652
9115.75 3632.56 0.982652
9174.89 3690.68 0.982652
9234.41 3749.16 0.982652
9294.31 3808.03 0.982652
9354.61 3867.28 0.982652
9415.29 3926.92 0.982652
9476.38 3986.94 0.982652
9537.85 4047.35 0.982652
9599.73 4108.15 0.982652
9662 4169.34 0.982652
9724.68 4230.94 0.982652
9787.77 4292.93 0.982652
9851.27 4355.33 0.982652
9915.18 4418.13 0.982652
9979.5 4481.33 0.982652
10044.2 4544.95 0.982652
10109.4 4608.98 0.982652
10175 4673.43 0.982652
10241 4738.29 0.982652
10307.4 4803.57 0.982652
10374.3 4869.28 0.982652
10441.6 4935.42 0.982652
10509.3 5001.98 0.982652
10577.5 5068.98 0.982652
10646.1 5136.41 0.982652
10715.2 5204.27 0.982652
10784.7 5272.58 0.982652
10854.7 5341.33 0.982652
10925.1 5410.53 0.982652
10996 5480.17 0.982652
11067.3 5550.27 0.982652
11139.1 5620.82 0.982652
11211.4 5691.83 0.982652
11284.1 5763.3 0.982652
11357.3 5835.24 0.982652
11431 5907.64 0.982652
11505.1 5980.51 0.982652
11579.8 6053.85 0.982652
11654.9 6127.67 0.982652
11730.5 6201.97 0.982652
11806.6 6276.75 0.982652
11883.2 6352.01 0.982652
11960.3 6427.76 0.982652
12037.9 6504.01 0.982652
12116 6580.75 0.982652
12194.6 6657.99 0.982652
12273.7 6735.72 0.982652
12353.3 6813.97 0.982652
12433.5 6892.72 0.982652
12514.1 6971.98 0.982652
12595.3 7051.75 0.982652
12677 7132.05 0.982652
12759.2 7212.86 0.982652
12842 7294.2 0.982652
12925.3 7376.06 0.982652
13009.2 7458.46 0.982652
13093.6 7541.39 0.982652
13178.5 7624.86 0.982652
13264 7708.87 0.982652
13350.1 7793.43 0.982652
13436.7 7878.53 0.982652
13523.8 7964.19 0.982652
13611.6 8050.4 0.982652
13699.9 8137.17 0.982652
13788.8 8224.5 0.982652
13878.2 8312.4 0.982652
13968.2 8400.87 0.982652
14058.9 8489.92 0.982652
14150.1 8579.54 0.982652
14241.9 8669.75 0.982652
14334.2 8760.54 0.982652
14427.2 8851.91 0.982652
14520.8 8943.88 0.982652
14615 9036.45 0.982652
14709.8 9129.62 0.982652
14805.3 9223.39 0.982652
14901.3 9317.77 0.982652
14998 9412.77 0.982652
15095.3 9508.38 0.982652
15193.2 9604.61 0.982652
15291.8 9701.46 0.982652
15391 9798.94 0.982652
15490.8 9897.06 0.982652
15591.3 9995.81 0.982652
15692.5 10095.2 0.982652
15794.3 10195.2 0.982652
15896.7 10295.9 0.982652
15999.9 10397.3 0.982652
16103.7 10499.3 0.982652
16208.1 10601.9 0.982652
16313.3 10705.2 0.982652
16419.1 10809.2 0.982652
16525.6 10913.9 0.982652
16632.8 11019.2 0.982652
16740.7 11125.3 0.982652
16849.3 11232 0.982652
16958.7 11339.4 0.982652
17068.7 11447.5 0.982652
17179.4 11556.3 0.982652
17290.8 11665.8 0.982652
17403 11776.1 0.982652
17515.9 11887 0.982652
17629.6 11998.7 0.982652
17743.9 12111.1 0.982652
17859 12224.2 0.982652
17974.9 12338 0.982652
18091.5 12452.6 0.982652
18208.9 12567.9 0.982652
18327 12684 0.982652
18445.9 12800.8 0.982652
18565.5 12918.4 0.982652
18686 13036.8 0.982652
18807.2 13155.9 0.982652
18929.2 13275.8 0.982652
19052 13396.5 0.982652
19175.6 13517.9 0.982652
19300 13640.2 0.982652
19425.2 13763.2 0.982652
19551.2 13887 0.982652
19678.1 14011.7 0.982652
19805.7 14137.1 0.982652
19934.2 14263.4 0.982652
20063.5 14390.4 0.982652
20193.7 14518.3 0.982652
20324.7 14647.1 0.982652
20456.6 14776.6 0.982652
20589.3 14907 0.982652
20722.8 15038.3 0.982652
20857.3 15170.4 0.982652
20992.6 15303.4 0.982652
21128.8 15437.2 0.982652
21265.8 15571.9 0.982652
21403.8 15707.4 0.982652
21542.7 15843.9 0.982652
21682.4 15981.2 0.982652
21823.1 16119.4 0.982652
21964.6 16258.6 0.982652
22107.1 16398.6 0.982652
22250.6 16539.5 0.982652
22394.9 16681.4 0.982652
22540.2 16824.1 0.982652
22686.4 16967.8 0.982652
22833.6 17112.4 0.982652
22981.7 17258 0.982652
23130.8 17404.5 0.982652
23280.9 17552 0.982652
23431.9 17700.4 0.982652
23583.9 17849.7 0.982652
23736.9 18000.1 0.982652
23890.9 18151.4 0.982652
24045.9 18303.7 0.982652
24201.9 18457 0.982652
24358.9 18611.3 0.982652
24516.9 18766.6 0.982652
24676 18922.8 0.982652
24836 19080.1 0.982652
24997.2 19238.5 0.982652
25159.3 19397.8 0.982652
25322.5 19558.2 0.982652
25486.8 19719.6 0.982652
25652.2 19882.1 0.982652
25818.6 20045.6 0.982652
25986.1 20210.2 0.982652
26154.7 20375.9 0.982652
26324.3 20542.6 0.982652
26495.1 20710.4 0.982652
26667 20879.3 0.982652
26840 21049.3 0.982652
27014.1 21220.4 0.982652
27189.4 21392.6 0.982652
27365.7 21566 0.982652
27543.3 21740.4 0.982652
27722 21916 0.982652
27901.8 22092.7 0.982652
28082.8 22270.6 0.982652
28265 22449.6 0.982652
28448.4 22629.8 0.982652
28632.9 22811.1 0.982652
28818.7 22993.7 0.982652
29005.6 23177.4 0.982652
29193.8 23362.3 0.982652
29383.2 23548.4 0.982652
29573.8 23735.7 0.982652
29765.7 23924.2 0.982652
29958.8 24114 0.982652
30153.1 24305 0.982652
30348.7 24497.2 0.982652
30545.6 24690.7 0.982652
30743.8 24885.4 0.982652
30943.2 25081.4 0.982652
31143.9 25278.6 0.982652
31346 25477.2 0.982652
31549.3 25677 0.982652
31754 25878.1 0.982652
31960 26080.5 0.982652
32167.3 26284.3 0.982652
32376 26489.3 0.982652
32586.1 26695.7 0.982652
32797.5 26903.5 0.982652
33010.2 27112.5 0.982652
33224.4 27323 0.982652
33439.9 27534.8 0.982652
33656.9 27747.9 0.982652
33875.2 27962.5 0.982652
34095 28178.4 0.982652
34316.1 28395.8 0.982652
34538.8 28614.6 0.982652
34762.8 28834.7 0.982652
34988.3 29056.3 0.982652
35215.3 29279.4 0.982652
35443.8 29503.9 0.982652
35673.7 29729.8 0.982652
35905.1 29957.2 0.982652
36138.1 30186.1 0.982652
36372.5 30416.5 0.982652
36608.5 30648.4 0.982652
36846 30881.7 0.982652
37085 31116.6 0.982652
37325.6 31353 0.982652
37567.7 31591 0.982652
37811.4 31830.5 0.982652
38056.7 32071.5 0.982652
38303.6 32314.1 0.982652
38552.1 32558.3 0.982652
38802.2 32804 0.982652
39053.9 33051.4 0.982652
39307.3 33300.4 0.982652
39562.3 33550.9 0.982652
39819 33803.1 0.982652
40077.3 34057 0.982652
40337.3 34312.5 0.982652
40599 34569.6 0.982652
40862.3 34828.4 0.982652
41127.4 35088.9 0.982652
41394.2 35351.1 0.982652
41662.8 35615 0.982652
41933.1 35880.6 0.982652
42205.1 36147.9 0.982652
42478.9 36416.9 0.982652
42754.5 36687.7 0.982652
43031.8 36960.3 0.982652
43311 37234.6 0.982652
43592 37510.7 0.982652
43874.8 37788.6 0.982652
44159.4 38068.3 0.982652
44445.9 38349.8 0.982652
44734.2 38633.1 0.982652
45024.4 38918.3 0.982652
45316.5 39205.3 0.982652
45610.5 39494.2 0.982652
45906.4 39785 0.982652
46204.2 40077.6 0.982652
46503.9 40372.1 0.982652
46805.6 40668.6 0.982652
47109.3 40967 0.982652
47414.9 41267.3 0.982652
47722.5 41569.6 0.982652
48032.1 41873.8 0.982652
48343.7 42180 0.982652
48657.3 42488.2 0.982652
48972.9 42798.3 0.982652
49290.7 43110.5 0.982652
49610.4 43424.7 0.982652
49932.3 43741 0.982652
50256.2 44059.3 0.982652
50582.2 44379.7 0.982652
50910.4 44702.1 0.982652
51240.6 45026.7 0.982652
51573.1 45353.3 0.982652
51907.6 45682.1 0.982652
52244.4 46013 0.982652
52583.3 46346.1 0.982652
52924.4 46681.3 0.982652
53267.8 47018.6 0.982652
53613.3 47358.2 0.982652
53961.1 47700 0.982652
54311.2 48044 0.982652
54663.5 48390.2 0.982652
55018.2 48738.7 0.982652
55375.1 49089.4 0.982652
55734.3 49442.4 0.982652
56095.9 49797.7 0.982652
