5.78741e-09 5.95396e-15 4.29514e-06
5.8738e-08 3.33166e-13 8.58285e-06
5.86595e-07 1.45059e-11 3.56977e-05
4.6076e-06 3.38009e-10 8.97843e-05
5.86875e-06 4.61297e-10 0.000114002
2.3369e-05 3.31505e-09 0.000192532
7.39119e-05 1.62978e-08 0.000292274
0.000147358 4.17301e-08 0.000330144
0.000152693 4.34471e-08 0.000292479
0.000165528 4.67976e-08 0.000304172
0.000294481 1.01986e-07 0.000463041
0.000466785 1.89679e-07 0.00054542
0.000739961 3.52227e-07 0.00041641
0.000792747 3.70702e-07 0.000446592
0.000859333 4.13069e-07 0.00055442
0.000931697 4.48502e-07 0.00055104
0.00117285 6.10601e-07 0.000697128
0.00147667 8.31244e-07 0.000750516
0.0017323 1.02935e-06 0.000535855
0.00185963 1.08409e-06 0.000525282
0.00294795 2.00733e-06 0.000908255
0.00467391 3.71532e-06 0.00105104
0.00633042 5.56999e-06 0.00091467
0.0070765 6.16755e-06 0.00093479
0.00933155 8.92099e-06 0.00127133
0.0117504 1.21316e-05 0.00137956
0.0154948 1.7543e-05 0.00122736
0.0177925 2.00421e-05 0.00125466
0.0234638 2.89812e-05 0.00164107
0.0295474 3.94039e-05 0.00177172
0.0354913 5.03041e-05 0.00128079
0.0389653 5.38549e-05 0.00125817
0.0549487 8.51279e-05 0.00191362
0.0590129 9.27925e-05 0.00199187
0.0713035 0.000119369 0.00114686
0.0787306 0.000125461 0.00110854
0.10265 0.000178607 0.00176378
0.112568 0.000193736 0.00180901
0.132297 0.000240204 0.00240921
0.146764 0.000275794 0.00181491
0.15911 0.000293738 0.00177613
0.191354 0.000375514 0.00260957
0.227502 0.000472769 0.000973271
0.245257 0.000484229 0.000805937
0.256566 0.000495831 0.00103354
0.268397 0.000508152 0.00104919
0.280773 0.000521236 0.00106507
0.293719 0.00053513 0.0010812
0.307263 0.000549885 0.00109757
0.321432 0.000565555 0.00111419
0.336253 0.000582195 0.00113106
0.351758 0.000599866 0.00114818
0.367978 0.000618631 0.00116556
0.384946 0.000638559 0.00118321
0.402697 0.000659722 0.00120112
0.421266 0.000682195 0.00121931
0.440691 0.000706061 0.00123777
0.461012 0.000731406 0.00125651
0.48227 0.00075832 0.00127553
0.504508 0.000786902 0.00129484
0.527771 0.000817254 0.00131445
0.552107 0.000849487 0.00133435
0.577566 0.000883717 0.00135455
0.604198 0.000920067 0.00137506
0.632059 0.000958668 0.00139588
0.661204 0.000999662 0.00141701
0.691693 0.00104319 0.00143847
0.723588 0.00108942 0.00146024
0.756953 0.00113852 0.00148235
0.791857 0.00119065 0.00150479
0.828371 0.00124602 0.00152758
0.866568 0.00130481 0.00155071
0.906527 0.00136725 0.00157418
0.948328 0.00143355 0.00159802
0.992057 0.00150396 0.00162221
1.0378 0.00157874 0.00164677
1.08566 0.00165815 0.0016717
1.13572 0.00174247 0.00169701
1.18809 0.00183202 0.00172271
1.24287 0.00192712 0.00174879
1.30018 0.00202811 0.00177526
1.36014 0.00213535 0.00180214
1.42285 0.00224924 0.00182943
1.48846 0.00237018 0.00185712
1.5571 0.00249862 0.00188524
1.6289 0.00263501 0.00191378
1.70401 0.00277985 0.00194276
1.78258 0.00293367 0.00197217
1.86478 0.00309701 0.00200203
1.95077 0.00327047 0.00203234
2.04072 0.00345468 0.00206311
2.13482 0.0036503 0.00209435
2.23326 0.00385804 0.00212606
2.33624 0.00407865 0.00215824
2.44396 0.00431292 0.00219092
2.55666 0.00456171 0.00222409
2.67455 0.00482591 0.00225776
2.79788 0.00510648 0.00229195
2.92689 0.00540443 0.00232665
3.06185 0.00572083 0.00236187
3.20304 0.00605684 0.00239763
3.35074 0.00641366 0.00243393
3.50524 0.00679259 0.00247078
3.66688 0.00719499 0.00250819
3.83596 0.00762232 0.00254616
4.01284 0.00807613 0.00258471
4.19788 0.00855804 0.00262385
4.39145 0.00906982 0.00266357
4.59395 0.00961329 0.0027039
4.80578 0.0101904 0.00274483
5.02738 0.0108033 0.00278639
5.2592 0.0114542 0.00282858
5.50171 0.0121454 0.0028714
5.7554 0.0128794 0.00291488
6.02079 0.0136589 0.00295901
6.29841 0.0144866 0.00300381
6.58884 0.0153657 0.00304928
6.89266 0.0162992 0.00309545
7.21049 0.0172905 0.00314232
7.54298 0.0183433 0.00318989
7.8908 0.0194612 0.00323819
8.25465 0.0206484 0.00328721
8.63529 0.0219092 0.00333698
9.03347 0.0232481 0.0033875
9.45002 0.0246699 0.00343879
9.88577 0.0261798 0.00349085
10.3416 0.0277832 0.00354371
10.8185 0.029486 0.00359736
11.3173 0.0312942 0.00365182
11.8392 0.0332145 0.00370711
12.3851 0.0352537 0.00376324
12.9562 0.0374193 0.00382021
13.5536 0.039719 0.00387805
14.1786 0.0421611 0.00393677
14.8324 0.0447546 0.00399637
15.5164 0.0475087 0.00405687
16.2318 0.0504335 0.00411829
16.9803 0.0535394 0.00418065
17.7633 0.0568378 0.00424394
18.5824 0.0603405 0.0043082
19.4392 0.0640601 0.00437342
20.3356 0.0680102 0.00443964
21.2733 0.072205 0.00450685
22.2543 0.0766597 0.00457509
23.2804 0.0813904 0.00464435
24.3539 0.0864141 0.00471467
25.4769 0.091749 0.00478605
26.6517 0.0974144 0.00485851
27.8806 0.103431 0.00493207
29.1662 0.10982 0.00500674
30.5111 0.116605 0.00508254
31.9181 0.12381 0.00515949
33.3898 0.131462 0.00523761
34.9295 0.139587 0.00531691
36.5401 0.148216 0.0053974
38.225 0.15738 0.00547912
39.9877 0.167111 0.00556208
41.8315 0.177445 0.00564629
43.7605 0.188419 0.00573177
45.7783 0.200073 0.00581855
47.8892 0.212449 0.00590664
50.0974 0.225592 0.00599607
52.4075 0.239549 0.00608685
54.8241 0.254371 0.00617901
57.3521 0.27011 0.00627256
59.9967 0.286825 0.00636752
62.7632 0.304575 0.00646393
65.6573 0.323425 0.00656179
68.6849 0.343443 0.00666114
71.852 0.364701 0.00676199
75.1652 0.387275 0.00686552
75.1652 0.387275 0.00686451
75.6528 0.390646 0.0069618
76.1436 0.394087 0.00706088
76.6376 0.3976 0.00716178
77.1348 0.401186 0.00726454
77.6352 0.404848 0.0073692
78.1388 0.408586 0.0074758
78.6457 0.412403 0.00758439
79.1559 0.416301 0.007695
79.6694 0.420281 0.00780769
80.1863 0.424346 0.00792249
80.7065 0.428498 0.00803944
81.23 0.432739 0.00815861
81.757 0.43707 0.00828003
82.2874 0.441494 0.00840375
82.8212 0.446014 0.00852983
83.3585 0.450632 0.00865832
83.8993 0.455349 0.00878926
84.4436 0.460169 0.00892271
84.9914 0.465095 0.00905873
85.5428 0.470128 0.00919738
86.0977 0.475271 0.00933871
86.6563 0.480527 0.00948278
87.2184 0.485899 0.00962965
87.7842 0.49139 0.00977938
88.3537 0.497003 0.00993204
88.9269 0.502741 0.0100877
89.5038 0.508606 0.0102464
90.0845 0.514602 0.0104082
90.6689 0.520733 0.0105733
91.2571 0.527002 0.0107416
91.8491 0.533412 0.0109132
92.4449 0.539967 0.0110883
93.0447 0.54667 0.0112669
93.6483 0.553526 0.011449
94.2558 0.560538 0.0116348
94.8673 0.567711 0.0118243
95.4827 0.575047 0.0120176
96.1021 0.582552 0.0122149
96.7256 0.59023 0.0124161
97.3531 0.598086 0.0126214
97.9847 0.606123 0.012831
98.6203 0.614347 0.0130447
99.2601 0.622763 0.0132629
99.904 0.631375 0.0134855
100.552 0.640189 0.0137127
101.204 0.649209 0.0139446
101.861 0.658443 0.0141813
102.522 0.667893 0.0144229
103.187 0.677568 0.0146694
103.856 0.687472 0.0149211
104.53 0.697612 0.0151781
105.208 0.707993 0.0154404
105.891 0.718623 0.0157082
106.578 0.729508 0.0159816
107.269 0.740654 0.0162608
107.965 0.752069 0.0165458
108.665 0.76376 0.0168369
109.37 0.775734 0.0171341
110.08 0.787999 0.0174376
110.794 0.800562 0.0177475
111.513 0.813432 0.0180641
112.236 0.826617 0.0183874
112.964 0.840125 0.0187176
113.697 0.853966 0.0190548
114.435 0.868147 0.0193993
115.177 0.88268 0.0197512
115.924 0.897572 0.0201107
116.676 0.912834 0.0204779
117.433 0.928476 0.020853
118.195 0.944509 0.0212363
118.962 0.960942 0.0216278
119.734 0.977788 0.0220279
120.51 0.995057 0.0224366
121.292 1.01276 0.0228543
122.079 1.03091 0.023281
122.871 1.04952 0.0237171
123.668 1.06861 0.0241627
124.47 1.08817 0.0246181
125.278 1.10824 0.0250835
126.091 1.12882 0.0255591
126.909 1.14992 0.0260451
127.732 1.17157 0.0265419
128.561 1.19378 0.0270496
129.395 1.21655 0.0275685
130.234 1.23992 0.0280989
131.079 1.26389 0.0286411
131.929 1.28848 0.0291952
132.785 1.31371 0.0297617
133.646 1.33959 0.0303407
134.513 1.36616 0.0309326
135.386 1.39341 0.0315377
136.264 1.42138 0.0321563
137.148 1.45009 0.0327886
138.038 1.47955 0.033435
138.934 1.50979 0.0340959
139.835 1.54082 0.0347715
140.742 1.57268 0.0354623
141.655 1.60538 0.0361685
142.574 1.63895 0.0368904
143.499 1.67341 0.0376286
144.43 1.70879 0.0383833
145.367 1.74512 0.0391549
146.31 1.78241 0.0399438
147.259 1.82071 0.0407503
148.215 1.86003 0.041575
149.176 1.90042 0.0424181
150.144 1.94188 0.0432802
151.118 1.98447 0.0441616
152.098 2.0282 0.0450628
153.085 2.07312 0.0459841
154.078 2.11926 0.0469261
155.078 2.16665 0.0478893
156.084 2.21532 0.048874
157.096 2.26532 0.0498807
158.115 2.31668 0.05091
159.141 2.36944 0.0519623
160.173 2.42364 0.0530381
161.213 2.47932 0.054138
162.258 2.53653 0.0552624
163.311 2.59531 0.0564119
164.37 2.65569 0.0575869
165.437 2.71774 0.0587881
166.51 2.78149 0.060016
167.59 2.847 0.0612712
168.678 2.91432 0.0625541
169.772 2.98348 0.0638655
170.873 3.05456 0.0652058
171.982 3.1276 0.0665757
173.097 3.20266 0.0679757
174.22 3.2798 0.0694065
175.351 3.35907 0.0708686
176.488 3.44054 0.0723627
177.633 3.52426 0.0738894
178.785 3.61031 0.0754494
179.945 3.69874 0.0770433
181.113 3.78963 0.0786716
182.288 3.88304 0.0803351
183.47 3.97905 0.0820345
184.66 4.07772 0.0837703
185.858 4.17914 0.0855432
187.064 4.28337 0.0873539
188.278 4.3905 0.0892031
189.499 4.50061 0.0910915
190.728 4.61378 0.0930196
191.966 4.73009 0.0949882
193.211 4.84964 0.0969979
194.464 4.9725 0.0990494
195.726 5.09878 0.101143
196.996 5.22856 0.103281
198.274 5.36195 0.105462
199.56 5.49903 0.107687
200.855 5.63991 0.109958
202.158 5.7847 0.112274
203.469 5.93349 0.114637
204.789 6.0864 0.117047
206.118 6.24353 0.119504
207.455 6.40501 0.12201
208.801 6.57093 0.124565
210.155 6.74142 0.127169
211.519 6.91661 0.129823
212.891 7.09661 0.132528
214.272 7.28155 0.135284
215.662 7.47155 0.138091
217.061 7.66675 0.140951
218.469 7.86728 0.143863
219.886 8.07328 0.146828
221.313 8.28488 0.149847
222.749 8.50222 0.152919
224.194 8.72546 0.156046
225.648 8.95473 0.159227
227.112 9.19018 0.162463
228.585 9.43197 0.165753
230.068 9.68025 0.169099
231.561 9.93518 0.1725
233.063 10.1969 0.175957
234.575 10.4656 0.179469
236.097 10.7414 0.183036
237.628 11.0245 0.186659
239.17 11.3151 0.190337
240.722 11.6133 0.194069
242.283 11.9194 0.197857
243.855 12.2334 0.201699
245.437 12.5555 0.205595
247.029 12.886 0.209544
248.632 13.2251 0.213546
250.245 13.5728 0.217601
251.868 13.9294 0.221707
253.502 14.295 0.225863
255.147 14.6699 0.23007
256.802 15.0543 0.234325
258.468 15.4482 0.238628
260.145 15.852 0.242977
261.832 16.2658 0.247371
263.531 16.6897 0.251809
265.24 17.124 0.256288
266.961 17.5689 0.260808
268.693 18.0246 0.265366
270.436 18.4911 0.26996
272.191 18.9688 0.274589
273.956 19.4578 0.27925
275.734 19.9583 0.28394
277.522 20.4704 0.288657
279.323 20.9943 0.293399
281.135 21.5303 0.298163
282.959 22.0785 0.302945
284.794 22.639 0.307742
286.642 23.212 0.312552
288.501 23.7977 0.317371
290.373 24.3962 0.322194
292.257 25.0077 0.327019
294.153 25.6323 0.331841
296.061 26.2701 0.336656
297.982 26.9213 0.34146
299.915 27.586 0.346248
301.86 28.2643 0.351017
303.819 28.9564 0.35576
305.79 29.6622 0.360473
307.773 30.3819 0.365151
309.77 31.1156 0.369788
311.78 31.8634 0.37438
313.802 32.6252 0.37892
315.838 33.4011 0.383402
317.887 34.1912 0.387822
319.949 34.9955 0.392172
322.025 35.814 0.396446
324.114 36.6465 0.400639
326.217 37.4933 0.404743
328.333 38.3541 0.408753
330.463 39.2289 0.41266
332.607 40.1176 0.41646
334.764 41.0202 0.420144
336.936 41.9365 0.423705
339.122 42.8664 0.427138
341.322 43.8097 0.430434
343.536 44.7663 0.433587
345.765 45.736 0.43659
348.008 46.7185 0.439435
350.266 47.7136 0.442115
352.538 48.7211 0.444624
354.825 49.7406 0.446953
357.127 50.7719 0.449098
359.444 51.8146 0.451049
361.776 52.8685 0.452801
364.123 53.933 0.454348
366.485 55.0078 0.455682
368.862 56.0925 0.456797
371.255 57.1867 0.457688
373.664 58.2898 0.458348
376.088 59.4014 0.458771
378.528 60.5209 0.458953
380.983 61.6479 0.458889
383.455 62.7817 0.458573
385.942 63.9217 0.458002
388.446 65.0674 0.457171
390.966 66.2181 0.456077
393.502 67.3731 0.454716
396.055 68.5318 0.453086
398.625 69.6935 0.451185
401.211 70.8575 0.44901
403.813 72.023 0.446561
406.433 73.1892 0.443836
409.07 74.3555 0.440837
411.724 75.5211 0.437562
414.395 76.6851 0.434013
417.083 77.8467 0.430192
419.789 79.0052 0.4261
422.512 80.1596 0.421741
425.253 81.3093 0.417118
428.012 82.4533 0.412235
430.788 83.5908 0.407096
433.583 84.721 0.401708
436.396 85.843 0.396077
439.227 86.956 0.390208
442.076 88.0591 0.384109
444.944 89.1517 0.377789
447.831 90.2327 0.371255
450.736 91.3015 0.364518
453.66 92.3573 0.357586
456.603 93.3992 0.35047
459.565 94.4265 0.34318
462.547 95.4386 0.33573
465.547 96.4346 0.328129
468.567 97.4139 0.32039
471.607 98.3759 0.312527
474.667 99.3199 0.304551
477.746 100.245 0.296478
480.845 101.151 0.288319
483.965 102.038 0.28009
487.104 102.904 0.271804
490.264 103.75 0.263475
493.445 104.575 0.255119
496.646 105.378 0.246748
499.868 106.16 0.238379
503.111 106.919 0.230024
506.375 107.656 0.221699
509.66 108.371 0.213417
512.966 109.063 0.205191
516.294 109.732 0.197036
519.643 110.379 0.188965
523.014 111.002 0.18099
526.407 111.603 0.173124
529.822 112.181 0.165378
533.26 112.736 0.157763
536.719 113.269 0.150291
540.201 113.78 0.142971
543.705 114.268 0.135813
547.233 114.735 0.128825
550.783 115.18 0.122016
554.356 115.604 0.115393
557.952 116.008 0.108962
561.572 116.391 0.102729
565.215 116.754 0.0966984
568.882 117.098 0.0908752
572.572 117.423 0.0852623
576.287 117.73 0.0798624
580.025 118.019 0.0746772
583.788 118.29 0.0697077
587.575 118.545 0.0649541
591.387 118.784 0.060416
595.224 119.008 0.0560922
599.085 119.216 0.0519808
602.971 119.411 0.0480793
606.883 119.592 0.0443845
610.82 119.76 0.0408927
614.783 119.915 0.0375998
618.771 120.059 0.0345009
622.785 120.192 0.0315909
626.826 120.314 0.0288642
630.892 120.426 0.0263149
634.985 120.529 0.0239369
639.104 120.623 0.0217235
643.25 120.709 0.0196681
647.423 120.787 0.0177639
651.623 120.858 0.0160038
655.851 120.922 0.0143809
660.105 120.98 0.012888
664.388 121.032 0.0115182
668.698 121.079 0.0102643
673.036 121.121 0.00911945
677.402 121.159 0.00807682
681.797 121.192 0.00712974
686.22 121.222 0.0062717
690.671 121.248 0.00549639
695.152 121.271 0.00479771
699.662 121.291 0.00416982
704.201 121.309 0.00360709
708.769 121.324 0.00310419
713.367 121.337 0.00265603
717.995 121.349 0.0022578
722.653 121.358 0.00190499
727.341 121.367 0.00159333
732.06 121.373 0.00131885
736.809 121.379 0.00107787
741.589 121.384 0.000866949
746.4 121.388 0.000682919
751.242 121.39 0.000522866
756.115 121.393 0.00038412
761.021 121.394 0.000264241
765.958 121.395 0.000161011
770.927 121.396 7.24217e-05
775.928 121.396 0
780.962 121.396 0
786.028 121.396 0
791.127 121.396 0
796.26 121.396 0
801.425 121.396 0
806.624 121.396 0
811.857 121.396 0
817.124 121.396 0
822.425 121.396 0
827.76 121.396 0
833.13 121.396 0
838.535 121.396 0
843.975 121.396 0
849.45 121.396 0
854.961 121.396 0
860.507 121.396 0
866.09 121.396 0
871.708 121.396 0
877.363 121.396 0
883.055 121.396 0
888.784 121.396 0
894.55 121.396 0
900.353 121.396 0
906.194 121.396 0
912.073 121.396 0
917.99 121.396 0
923.945 121.396 0
929.939 121.396 0
935.972 121.396 0
942.044 121.396 0
948.155 121.396 0
954.306 121.396 0
960.497 121.396 0
966.728 121.396 0
973 121.396 0
979.312 121.396 0
985.665 121.396 0
992.059 121.396 0
998.495 121.396 0
1004.97 121.396 0
1011.49 121.396 0
1018.05 121.396 0
1024.66 121.396 0
1031.31 121.396 0
1038 121.396 0
1044.73 121.396 0
1051.51 121.396 0
1058.33 121.396 0
1065.2 121.396 0
1072.11 121.396 0
1079.06 121.396 0
1086.06 121.396 0
1093.11 121.396 0
1100.2 121.396 0
1107.34 121.396 0
1114.52 121.396 0
1121.75 121.396 0
1129.03 121.396 0
1136.35 121.396 0
1143.72 121.396 0
1151.14 121.396 0
1158.61 121.396 0
1166.13 121.396 0
1173.69 121.396 0
1181.31 121.396 0
1188.97 121.396 0
1196.68 121.396 0
1204.45 121.396 0
1212.26 121.396 0
1220.12 121.396 0
1228.04 121.396 0
1236.01 121.396 0
1244.02 121.396 0
1252.09 121.396 0
1260.22 121.396 0
1268.39 121.396 0
1276.62 121.396 0
1284.9 121.396 0
1293.24 121.396 0
1301.63 121.396 0
1310.07 121.396 0
1318.57 121.396 0
1327.13 121.396 0
1335.74 121.396 0
1344.4 121.396 0
1353.12 121.396 0
1361.9 121.396 0
1370.74 121.396 0
1379.63 121.396 0
1388.58 121.396 0
1397.59 121.396 0
1406.65 121.396 0
1415.78 121.396 0
1424.96 121.396 0
1434.21 121.396 0
1443.51 121.396 0
1452.88 121.396 0
1462.3 121.396 0
1471.79 121.396 0
1481.34 121.396 0
1490.95 121.396 0
1500.62 121.396 0
1510.35 121.396 0
1520.15 121.396 0
1530.01 121.396 0
1539.94 121.396 0
1549.93 121.396 0
1559.98 121.396 0
1570.1 121.396 0
1580.29 121.396 0
1590.54 121.396 0
1600.86 121.396 0
1611.25 121.396 0
1621.7 121.396 0
1632.22 121.396 0
1642.81 121.396 0
1653.47 121.396 0
1664.19 121.396 0
1674.99 121.396 0
1685.85 121.396 0
1696.79 121.396 0
1707.8 121.396 0
1718.88 121.396 0
1730.03 121.396 0
1741.25 121.396 0
1752.55 121.396 0
1763.92 121.396 0
1775.36 121.396 0
1786.88 121.396 0
1798.47 121.396 0
1810.14 121.396 0
1821.88 121.396 0
1833.7 121.396 0
1845.6 121.396 0
1857.57 121.396 0
1869.62 121.396 0
1881.75 121.396 0
1893.96 121.396 0
1906.24 121.396 0
1918.61 121.396 0
1931.06 121.396 0
1943.58 121.396 0
1956.19 121.396 0
1968.88 121.396 0
1981.66 121.396 0
1994.51 121.396 0
2007.45 121.396 0
2020.47 121.396 0
2033.58 121.396 0
2046.77 121.396 0
2060.05 121.396 0
2073.42 121.396 0
2086.87 121.396 0
2100.41 121.396 0
2114.03 121.396 0
2127.75 121.396 1.14035e-05
2141.55 121.396 2.65431e-05
2155.44 121.397 4.23318e-05
2169.43 121.398 5.88013e-05
2183.5 121.399 7.59847e-05
2197.66 121.4 9.39173e-05
2211.92 121.401 0.000112636
2226.27 121.403 0.00013218
2240.71 121.405 0.000152591
2255.25 121.407 0.000173911
2269.88 121.41 0.000196187
2284.61 121.413 0.000219468
2299.43 121.417 0.000243803
2314.34 121.42 0.000269249
2329.36 121.425 0.000295861
2344.47 121.429 0.0003237
2359.68 121.434 0.00035283
2374.99 121.44 0.000383317
2390.39 121.446 0.000415235
2405.9 121.453 0.000448657
2421.51 121.46 0.000483665
2437.22 121.468 0.000520342
2453.03 121.477 0.000558778
2468.94 121.486 0.000599067
2484.96 121.496 0.000641311
2501.08 121.506 0.000685615
2517.31 121.518 0.000732092
2533.64 121.53 0.000780862
2550.07 121.544 0.000832052
2566.62 121.558 0.000885795
2583.27 121.573 0.000942235
2600.03 121.589 0.00100152
2616.89 121.607 0.00106382
2633.87 121.625 0.00112929
2650.96 121.645 0.00119813
2668.15 121.666 0.00127052
2685.46 121.689 0.00134666
2702.89 121.713 0.00142678
2720.42 121.739 0.0015111
2738.07 121.766 0.00159988
2755.83 121.796 0.00169337
2773.71 121.827 0.00179185
2791.7 121.86 0.00189562
2809.81 121.895 0.00200499
2828.04 121.933 0.0021203
2846.39 121.973 0.0022419
2864.85 122.016 0.00237018
2883.44 122.061 0.00250555
2902.15 122.109 0.00264843
2920.97 122.16 0.00279929
2939.92 122.215 0.00295862
2958.99 122.273 0.00312694
2978.19 122.335 0.00330483
2997.51 122.4 0.00349286
3016.96 122.47 0.0036917
3036.53 122.545 0.00390201
3056.23 122.624 0.00412452
3076.05 122.708 0.00436003
3096.01 122.797 0.00460935
3116.1 122.892 0.00487338
3136.31 122.994 0.00515308
3156.66 123.102 0.00544945
3177.14 123.216 0.00576359
3197.75 123.339 0.00609667
3218.49 123.469 0.00644993
3239.37 123.607 0.00682472
3260.39 123.755 0.00722245
3281.54 123.912 0.00764466
3302.83 124.08 0.00809299
3324.25 124.258 0.0085692
3345.82 124.448 0.00907517
3367.52 124.651 0.00961293
3389.37 124.868 0.0101846
3411.36 125.098 0.0107926
3433.49 125.344 0.0114393
3455.76 125.607 0.0121274
3478.18 125.887 0.0128597
3500.75 126.186 0.0136394
3523.46 126.505 0.0144697
3546.31 126.846 0.0153541
3569.32 127.21 0.0162965
3592.48 127.599 0.0173007
3615.78 128.014 0.0183713
3639.24 128.459 0.0195128
3662.85 128.934 0.0207302
3686.61 129.442 0.0220288
3710.53 129.985 0.0234144
3734.6 130.567 0.0248931
3758.82 131.189 0.0264715
3783.21 131.855 0.0281565
3807.75 132.568 0.0299557
3832.45 133.332 0.031877
3857.32 134.15 0.0339291
3882.34 135.026 0.0361211
3907.53 135.966 0.0384628
3932.88 136.972 0.0409645
3958.39 138.052 0.0436373
3984.07 139.209 0.0464931
4009.92 140.45 0.0495442
4035.93 141.781 0.052804
4062.11 143.209 0.0562865
4088.47 144.742 0.0600066
4114.99 146.386 0.0639799
4141.68 148.15 0.068223
4168.55 150.044 0.072753
4195.6 152.077 0.0775883
4222.81 154.259 0.0827477
4250.21 156.601 0.0882509
4277.78 159.116 0.0941183
4305.53 161.814 0.100371
4333.46 164.711 0.107031
4361.58 167.819 0.114119
4389.87 171.155 0.121659
4418.35 174.734 0.129673
4447.01 178.573 0.138183
4475.86 182.689 0.147211
4504.9 187.103 0.156779
4534.12 191.833 0.166908
4563.54 196.9 0.177618
4593.14 202.326 0.188925
4622.94 208.133 0.200847
4652.93 214.344 0.213395
4683.12 220.985 0.226582
4713.5 228.079 0.240413
4744.08 235.651 0.254892
4774.85 243.729 0.270017
4805.83 252.337 0.285782
4837.01 261.502 0.302175
4868.39 271.251 0.319178
4899.97 281.61 0.336768
4931.76 292.603 0.354914
4963.75 304.257 0.37358
4995.95 316.595 0.392722
5028.36 329.64 0.41229
5060.98 343.415 0.432229
5093.82 357.938 0.452478
5126.86 373.229 0.472969
5160.12 389.304 0.493632
5193.6 406.176 0.514393
5227.29 423.857 0.535174
5261.2 442.357 0.555898
5295.33 461.682 0.576487
5329.68 481.836 0.596864
5364.26 502.82 0.616953
5399.06 524.633 0.636684
5434.09 547.271 0.655988
5469.34 570.729 0.674804
5504.82 594.996 0.693076
5540.53 620.062 0.710754
5576.48 645.916 0.727796
5612.65 672.541 0.744168
5649.06 699.922 0.75984
5685.71 728.043 0.774793
5722.6 756.883 0.789014
5759.72 786.425 0.802494
5797.09 816.649 0.815235
5834.69 847.534 0.827241
5872.55 879.06 0.838523
5910.64 911.206 0.849096
5948.99 943.954 0.858978
5987.58 977.283 0.868191
6026.42 1011.17 0.876761
6065.52 1045.61 0.884714
6104.87 1080.56 0.892078
6144.47 1116.03 0.898883
6184.33 1151.98 0.905159
6224.45 1188.41 0.910936
6264.83 1225.31 0.916243
6305.48 1262.64 0.921112
6346.38 1300.41 0.925569
6387.55 1338.6 0.929645
6428.99 1377.2 0.933366
6470.7 1416.2 0.936757
6512.68 1455.59 0.939844
6554.93 1495.36 0.94265
6597.45 1535.5 0.945198
6640.25 1576 0.947508
6683.33 1616.86 0.949601
6726.69 1658.08 0.951493
6770.32 1699.63 0.953203
6814.25 1741.53 0.954747
6858.45 1783.77 0.956139
6902.95 1826.34 0.957392
6947.73 1869.24 0.95852
6992.8 1912.47 0.959534
7038.16 1956.02 0.960444
7083.82 1999.89 0.961261
7129.78 2044.08 0.961993
7176.03 2088.59 0.962648
7222.59 2133.42 0.963235
7269.44 2178.56 0.963759
7316.6 2224.02 0.964227
7364.07 2269.8 0.964645
7411.84 2315.89 0.965017
7459.92 2362.3 0.965349
7508.32 2409.03 0.965644
7557.03 2456.07 0.965906
7606.05 2503.43 0.966139
7655.39 2551.11 0.966346
7705.06 2599.1 0.966529
7755.04 2647.42 0.966692
7805.35 2696.06 0.966835
7855.99 2745.02 0.966963
7906.95 2794.3 0.967075
7958.25 2843.91 0.967174
8009.88 2893.85 0.967262
8061.84 2944.11 0.967339
8114.14 2994.7 0.967407
8166.78 3045.63 0.967467
8219.76 3096.89 0.967519
8273.08 3148.48 0.967565
8326.76 3200.41 0.967606
8380.77 3252.68 0.967641
8435.14 3305.29 0.967672
8489.86 3358.25 0.9677
8544.94 3411.54 0.967723
8600.38 3465.19 0.967744
8656.17 3519.18 0.967762
8712.32 3573.53 0.967778
8768.84 3628.23 0.967792
8825.73 3683.28 0.967804
8882.99 3738.7 0.967814
8940.61 3794.47 0.967823
8998.61 3850.6 0.967831
9056.99 3907.1 0.967838
9115.75 3963.97 0.967844
9174.89 4021.21 0.967849
9234.41 4078.81 0.967853
9294.31 4136.79 0.967857
9354.61 4195.15 0.96786
9415.29 4253.89 0.967863
9476.38 4313 0.967866
9537.85 4372.51 0.967868
9599.73 4432.39 0.96787
9662 4492.67 0.967871
9724.68 4553.34 0.967872
9787.77 4614.4 0.967874
9851.27 4675.85 0.967875
9915.18 4737.71 0.967875
9979.5 4799.97 0.967876
10044.2 4862.63 0.967877
10109.4 4925.69 0.967877
10175 4989.17 0.967878
10241 5053.06 0.967878
10307.4 5117.36 0.967878
10374.3 5182.08 0.967879
10441.6 5247.22 0.967879
10509.3 5312.79 0.967879
10577.5 5378.77 0.967879
10646.1 5445.19 0.967879
10715.2 5512.04 0.967879
10784.7 5579.32 0.96788
10854.7 5647.03 0.96788
10925.1 5715.19 0.96788
10996 5783.79 0.96788
11067.3 5852.83 0.96788
11139.1 5922.32 0.96788
11211.4 5992.27 0.96788
11284.1 6062.66 0.96788
11357.3 6133.51 0.96788
11431 6204.83 0.96788
11505.1 6276.6 0.96788
11579.8 6348.84 0.96788
11654.9 6421.55 0.96788
11730.5 6494.73 0.96788
11806.6 6568.39 0.96788
11883.2 6642.52 0.96788
11960.3 6717.14 0.96788
12037.9 6792.23 0.96788
12116 6867.82 0.96788
12194.6 6943.9 0.96788
12273.7 7020.46 0.96788
12353.3 7097.53 0.96788
12433.5 7175.1 0.96788
12514.1 7253.17 0.96788
12595.3 7331.74 0.96788
12677 7410.83 0.96788
12759.2 7490.43 0.96788
12842 7570.54 0.96788
12925.3 7651.18 0.96788
13009.2 7732.33 0.96788
13093.6 7814.02 0.96788
13178.5 7896.23 0.96788
13264 7978.98 0.96788
13350.1 8062.27 0.96788
13436.7 8146.09 0.96788
13523.8 8230.46 0.96788
13611.6 8315.38 0.96788
13699.9 8400.84 0.96788
13788.8 8486.86 0.96788
13878.2 8573.44 0.96788
13968.2 8660.58 0.96788
14058.9 8748.29 0.96788
14150.1 8836.57 0.96788
14241.9 8925.41 0.96788
14334.2 9014.84 0.96788
14427.2 9104.84 0.96788
14520.8 9195.43 0.96788
14615 9286.61 0.96788
14709.8 9378.37 0.96788
14805.3 9470.74 0.96788
14901.3 9563.7 0.96788
14998 9657.26 0.96788
15095.3 9751.44 0.96788
15193.2 9846.22 0.96788
15291.8 9941.62 0.96788
15391 10037.6 0.96788
15490.8 10134.3 0.96788
15591.3 10231.5 0.96788
15692.5 10329.4 0.96788
15794.3 10428 0.96788
15896.7 10527.1 0.96788
15999.9 10627 0.96788
16103.7 10727.4 0.96788
16208.1 10828.5 0.96788
16313.3 10930.3 0.96788
16419.1 11032.7 0.96788
16525.6 11135.8 0.96788
16632.8 11239.6 0.96788
16740.7 11344 0.96788
16849.3 11449.1 0.96788
16958.7 11554.9 0.96788
17068.7 11661.4 0.96788
17179.4 11768.6 0.96788
17290.8 11876.5 0.96788
17403 11985 0.96788
17515.9 12094.3 0.96788
17629.6 12204.3 0.96788
17743.9 12315 0.96788
17859 12426.4 0.96788
17974.9 12538.5 0.96788
18091.5 12651.4 0.96788
18208.9 12765 0.96788
18327 12879.3 0.96788
18445.9 12994.4 0.96788
18565.5 13110.2 0.96788
18686 13226.8 0.96788
18807.2 13344.1 0.96788
18929.2 13462.2 0.96788
19052 13581.1 0.96788
19175.6 13700.7 0.96788
19300 13821.1 0.96788
19425.2 13942.3 0.96788
19551.2 14064.3 0.96788
19678.1 14187 0.96788
19805.7 14310.6 0.96788
19934.2 14434.9 0.96788
20063.5 14560.1 0.96788
20193.7 14686.1 0.96788
20324.7 14812.9 0.96788
20456.6 14940.5 0.96788
20589.3 15069 0.96788
20722.8 15198.2 0.96788
20857.3 15328.3 0.96788
20992.6 15459.3 0.96788
21128.8 15591.1 0.96788
21265.8 15723.8 0.96788
21403.8 15857.3 0.96788
21542.7 15991.7 0.96788
21682.4 16127 0.96788
21823.1 16263.1 0.96788
21964.6 16400.1 0.96788
22107.1 16538.1 0.96788
22250.6 16676.9 0.96788
22394.9 16816.6 0.96788
22540.2 16957.2 0.96788
22686.4 17098.7 0.96788
22833.6 17241.2 0.96788
22981.7 17384.6 0.96788
23130.8 17528.9 0.96788
23280.9 17674.1 0.96788
23431.9 17820.3 0.96788
23583.9 17967.4 0.96788
23736.9 18115.5 0.96788
23890.9 18264.5 0.96788
24045.9 18414.5 0.96788
24201.9 18565.5 0.96788
24358.9 18717.5 0.96788
24516.9 18870.4 0.96788
24676 19024.4 0.96788
24836 19179.3 0.96788
24997.2 19335.3 0.96788
25159.3 19492.2 0.96788
25322.5 19650.2 0.96788
25486.8 19809.2 0.96788
25652.2 19969.2 0.96788
25818.6 20130.3 0.96788
25986.1 20292.4 0.96788
26154.7 20455.6 0.96788
26324.3 20619.8 0.96788
26495.1 20785.1 0.96788
26667 20951.4 0.96788
26840 21118.9 0.96788
27014.1 21287.4 0.96788
27189.4 21457 0.96788
27365.7 21627.8 0.96788
27543.3 21799.6 0.96788
27722 21972.5 0.96788
27901.8 22146.6 0.96788
28082.8 22321.8 0.96788
28265 22498.1 0.96788
28448.4 22675.6 0.96788
28632.9 22854.2 0.96788
28818.7 23034 0.96788
29005.6 23215 0.96788
29193.8 23397.1 0.96788
29383.2 23580.4 0.96788
29573.8 23764.9 0.96788
29765.7 23950.6 0.96788
29958.8 24137.5 0.96788
30153.1 24325.6 0.96788
30348.7 24514.9 0.96788
30545.6 24705.5 0.96788
30743.8 24897.3 0.96788
30943.2 25090.3 0.96788
31143.9 25284.6 0.96788
31346 25480.2 0.96788
31549.3 25677 0.96788
31754 25875.1 0.96788
31960 26074.5 0.96788
32167.3 26275.1 0.96788
32376 26477.1 0.96788
32586.1 26680.4 0.96788
32797.5 26885 0.96788
33010.2 27090.9 0.96788
33224.4 27298.2 0.96788
33439.9 27506.8 0.96788
33656.9 27716.8 0.96788
33875.2 27928.1 0.96788
34095 28140.8 0.96788
34316.1 28354.9 0.96788
34538.8 28570.4 0.96788
34762.8 28787.3 0.96788
34988.3 29005.5 0.96788
35215.3 29225.2 0.96788
35443.8 29446.3 0.96788
35673.7 29668.9 0.96788
35905.1 29892.9 0.96788
36138.1 30118.3 0.96788
36372.5 30345.2 0.96788
36608.5 30573.6 0.96788
36846 30803.5 0.96788
37085 31034.8 0.96788
37325.6 31267.7 0.96788
37567.7 31502.1 0.96788
37811.4 31738 0.96788
38056.7 31975.4 0.96788
38303.6 32214.3 0.96788
38552.1 32454.8 0.96788
38802.2 32696.9 0.96788
39053.9 32940.5 0.96788
39307.3 33185.8 0.96788
39562.3 33432.6 0.96788
39819 33681 0.96788
40077.3 33931 0.96788
40337.3 34182.6 0.96788
40599 34435.9 0.96788
40862.3 34690.8 0.96788
41127.4 34947.4 0.96788
41394.2 35205.7 0.96788
41662.8 35465.6 0.96788
41933.1 35727.2 0.96788
42205.1 35990.5 0.96788
42478.9 36255.5 0.96788
42754.5 36522.2 0.96788
43031.8 36790.7 0.96788
43311 37060.8 0.96788
43592 37332.8 0.96788
43874.8 37606.5 0.96788
44159.4 37882 0.96788
44445.9 38159.3 0.96788
44734.2 38438.3 0.96788
45024.4 38719.2 0.96788
45316.5 39001.9 0.96788
45610.5 39286.5 0.96788
45906.4 39572.9 0.96788
46204.2 39861.1 0.96788
46503.9 40151.2 0.96788
46805.6 40443.2 0.96788
47109.3 40737.1 0.96788
47414.9 41032.9 0.96788
47722.5 41330.6 0.96788
48032.1 41630.3 0.96788
48343.7 41931.9 0.96788
48657.3 42235.4 0.96788
48972.9 42540.9 0.96788
49290.7 42848.4 0.96788
49610.4 43157.9 0.96788
49932.3 43469.4 0.96788
50256.2 43783 0.96788
50582.2 44098.5 0.96788
50910.4 44416.1 0.96788
51240.6 44735.8 0.96788
51573.1 45057.5 0.96788
51907.6 45381.4 0.96788
52244.4 45707.3 0.96788
52583.3 46035.3 0.96788
52924.4 46365.5 0.96788
53267.8 46697.8 0.96788
53613.3 47032.3 0.96788
53961.1 47368.9 0.96788
54311.2 47707.7 0.96788
54663.5 48048.8 0.96788
55018.2 48392 0.96788
55375.1 48737.4 0.96788
55734.3 49085.1 0.96788
56095.9 49435.1 0.96788
