5.78741e-09 5.95396e-15 4.29514e-06
5.8738e-08 3.33166e-13 8.58285e-06
5.86595e-07 1.45059e-11 3.56977e-05
4.6076e-06 3.38009e-10 8.97843e-05
5.86875e-06 4.61297e-10 0.000114002
2.3369e-05 3.31505e-09 0.000192532
7.39119e-05 1.62978e-08 0.000292274
0.000147358 4.17301e-08 0.000330144
0.000152693 4.34471e-08 0.000292479
0.000165528 4.67976e-08 0.000304172
0.000294481 1.01986e-07 0.000463041
0.000466785 1.89679e-07 0.00054542
0.000739961 3.52227e-07 0.00041641
0.000792747 3.70702e-07 0.000446592
0.000859333 4.13069e-07 0.00055442
0.000931697 4.48502e-07 0.00055104
0.00117285 6.10601e-07 0.000697128
0.00147667 8.31244e-07 0.000750516
0.0017323 1.02935e-06 0.000535855
0.00185963 1.08409e-06 0.000525282
0.00294795 2.00733e-06 0.000908255
0.00467391 3.71532e-06 0.00105104
0.00633042 5.56999e-06 0.00091467
0.0070765 6.16755e-06 0.00093479
0.00933155 8.92099e-06 0.00127133
0.0117504 1.21316e-05 0.00137956
0.0154948 1.7543e-05 0.00122736
0.0177925 2.00421e-05 0.00125466
0.0234638 2.89812e-05 0.00164107
0.0295474 3.94039e-05 0.00177172
0.0354913 5.03041e-05 0.00128079
0.0389653 5.38549e-05 0.00125817
0.0549487 8.51279e-05 0.00191362
0.0590129 9.27925e-05 0.00199187
0.0713035 0.000119369 0.00114686
0.0787306 0.000125461 0.00110854
0.10265 0.000178607 0.00176378
0.112568 0.000193736 0.00180901
0.132297 0.000240204 0.00240921
0.146764 0.000275794 0.00181491
0.15911 0.000293738 0.00177613
0.191354 0.000375514 0.00260957
0.227502 0.000472769 0.000973271
0.245257 0.000484229 0.000805937
0.256566 0.000495831 0.00103354
0.268397 0.000508152 0.00104919
0.280773 0.000521236 0.00106507
0.293719 0.00053513 0.0010812
0.307263 0.000549885 0.00109757
0.321432 0.000565555 0.00111419
0.336253 0.000582195 0.00113106
0.351758 0.000599866 0.00114818
0.367978 0.000618631 0.00116556
0.384946 0.000638559 0.00118321
0.402697 0.000659722 0.00120112
0.421266 0.000682195 0.00121931
0.440691 0.000706061 0.00123777
0.461012 0.000731406 0.00125651
0.48227 0.00075832 0.00127553
0.504508 0.000786902 0.00129484
0.527771 0.000817254 0.00131445
0.552107 0.000849487 0.00133435
0.577566 0.000883717 0.00135455
0.604198 0.000920067 0.00137506
0.632059 0.000958668 0.00139588
0.661204 0.000999662 0.00141701
0.691693 0.00104319 0.00143847
0.723588 0.00108942 0.00146024
0.756953 0.00113852 0.00148235
0.791857 0.00119065 0.00150479
0.828371 0.00124602 0.00152758
0.866568 0.00130481 0.00155071
0.906527 0.00136725 0.00157418
0.948328 0.00143355 0.00159802
0.992057 0.00150396 0.00162221
1.0378 0.00157874 0.00164677
1.08566 0.00165815 0.0016717
1.13572 0.00174247 0.00169701
1.18809 0.00183202 0.00172271
1.24287 0.00192712 0.00174879
1.30018 0.00202811 0.00177526
1.36014 0.00213535 0.00180214
1.42285 0.00224924 0.00182943
1.48846 0.00237018 0.00185712
1.5571 0.00249862 0.00188524
1.6289 0.00263501 0.00191378
1.70401 0.00277985 0.00194276
1.78258 0.00293367 0.00197217
1.86478 0.00309701 0.00200203
1.95077 0.00327047 0.00203234
2.04072 0.00345468 0.00206311
2.13482 0.0036503 0.00209435
2.23326 0.00385804 0.00212606
2.33624 0.00407865 0.00215824
2.44396 0.00431292 0.00219092
2.55666 0.00456171 0.00222409
2.67455 0.00482591 0.00225776
2.79788 0.00510648 0.00229195
2.92689 0.00540443 0.00232665
3.06185 0.00572083 0.00236187
3.20304 0.00605684 0.00239763
3.35074 0.00641366 0.00243393
3.50524 0.00679259 0.00247078
3.66688 0.00719499 0.00250819
3.83596 0.00762232 0.00254616
4.01284 0.00807613 0.00258471
4.19788 0.00855804 0.00262385
4.39145 0.00906982 0.00266357
4.59395 0.00961329 0.0027039
4.80578 0.0101904 0.00274483
5.02738 0.0108033 0.00278639
5.2592 0.0114542 0.00282858
5.50171 0.0121454 0.0028714
5.7554 0.0128794 0.00291488
6.02079 0.0136589 0.00295901
6.29841 0.0144866 0.00300381
6.58884 0.0153657 0.00304928
6.89266 0.0162992 0.00309545
7.21049 0.0172905 0.00314232
7.54298 0.0183433 0.00318989
7.8908 0.0194612 0.00323819
8.25465 0.0206484 0.00328721
8.63529 0.0219092 0.00333698
9.03347 0.0232481 0.0033875
9.45002 0.0246699 0.00343879
9.88577 0.0261798 0.00349085
10.3416 0.0277832 0.00354371
10.8185 0.029486 0.00359736
11.3173 0.0312942 0.00365182
11.8392 0.0332145 0.00370711
12.3851 0.0352537 0.00376324
12.9562 0.0374193 0.00382021
13.5536 0.039719 0.00387805
14.1786 0.0421611 0.00393677
14.8324 0.0447546 0.00399637
15.5164 0.0475087 0.00405687
16.2318 0.0504335 0.00411829
16.9803 0.0535394 0.00418065
17.7633 0.0568378 0.00424394
18.5824 0.0603405 0.0043082
19.4392 0.0640601 0.00437342
20.3356 0.0680102 0.00443964
21.2733 0.072205 0.00450685
22.2543 0.0766597 0.00457509
23.2804 0.0813904 0.00464435
24.3539 0.0864141 0.00471467
25.4769 0.091749 0.00478605
26.6517 0.0974144 0.00485851
27.8806 0.103431 0.00493207
29.1662 0.10982 0.00500674
30.5111 0.116605 0.00508254
31.9181 0.12381 0.00515949
33.3898 0.131462 0.00523761
34.9295 0.139587 0.00531691
36.5401 0.148216 0.0053974
38.225 0.15738 0.00547912
39.9877 0.167111 0.00556208
41.8315 0.177445 0.00564629
43.7605 0.188419 0.00573177
45.7783 0.200073 0.00581855
47.8892 0.212449 0.00590664
50.0974 0.225592 0.00599607
52.4075 0.239549 0.00608685
54.8241 0.254371 0.00617901
57.3521 0.27011 0.00627256
59.9967 0.286825 0.00636752
62.7632 0.304575 0.00646393
65.6573 0.323425 0.00656179
68.6849 0.343443 0.00666114
71.852 0.364701 0.00676199
75.1652 0.387275 0.00686552
75.1652 0.387275 0.00686451
75.6528 0.390647 0.00696405
76.1436 0.39409 0.0070654
76.6376 0.397605 0.00716861
77.1348 0.401195 0.00727373
77.6352 0.404862 0.00738078
78.1388 0.408607 0.00748981
78.6457 0.412432 0.00760086
79.1559 0.416338 0.00771398
79.6694 0.420329 0.00782921
80.1863 0.424406 0.0079466
80.7065 0.428571 0.00806619
81.23 0.432826 0.00818802
81.757 0.437174 0.00831216
82.2874 0.441616 0.00843865
82.8212 0.446155 0.00856753
83.3585 0.450794 0.00869887
83.8993 0.455534 0.00883271
84.4436 0.460379 0.00896911
84.9914 0.46533 0.00910812
85.5428 0.470391 0.00924981
86.0977 0.475564 0.00939423
86.6563 0.480852 0.00954144
87.2184 0.486259 0.00969151
87.7842 0.491785 0.00984449
88.3537 0.497436 0.0100005
88.9269 0.503214 0.0101595
89.5038 0.509122 0.0103216
90.0845 0.515163 0.0104869
90.6689 0.521341 0.0106555
91.2571 0.527659 0.0108274
91.8491 0.534121 0.0110027
92.4449 0.54073 0.0111814
93.0447 0.54749 0.0113638
93.6483 0.554406 0.0115497
94.2558 0.56148 0.0117394
94.8673 0.568718 0.0119329
95.4827 0.576122 0.0121303
96.1021 0.583699 0.0123316
96.7256 0.591451 0.012537
97.3531 0.599383 0.0127466
97.9847 0.607501 0.0129604
98.6203 0.615809 0.0131786
99.2601 0.624312 0.0134012
99.904 0.633014 0.0136284
100.552 0.641922 0.0138602
101.204 0.651041 0.0140968
101.861 0.660375 0.0143382
102.522 0.669931 0.0145847
103.187 0.679715 0.0148362
103.856 0.689733 0.0150929
104.53 0.69999 0.015355
105.208 0.710493 0.0156225
105.891 0.721249 0.0158956
106.578 0.732264 0.0161743
107.269 0.743546 0.016459
107.965 0.7551 0.0167496
108.665 0.766936 0.0170463
109.37 0.779059 0.0173493
110.08 0.791479 0.0176586
110.794 0.804202 0.0179745
111.513 0.817238 0.0182971
112.236 0.830593 0.0186266
112.964 0.844278 0.0189631
113.697 0.858301 0.0193067
114.435 0.872671 0.0196577
115.177 0.887397 0.0200162
115.924 0.90249 0.0203823
116.676 0.917959 0.0207564
117.433 0.933815 0.0211384
118.195 0.950067 0.0215288
118.962 0.966728 0.0219275
119.734 0.983807 0.0223349
120.51 1.00132 0.022751
121.292 1.01927 0.0231763
122.079 1.03768 0.0236107
122.871 1.05655 0.0240546
123.668 1.07591 0.0245082
124.47 1.09576 0.0249717
125.278 1.11611 0.0254453
126.091 1.13699 0.0259292
126.909 1.1584 0.0264238
127.732 1.18036 0.0269292
128.561 1.20289 0.0274458
129.395 1.226 0.0279737
130.234 1.24971 0.0285132
131.079 1.27403 0.0290646
131.929 1.29899 0.0296282
132.785 1.32459 0.0302042
133.646 1.35086 0.030793
134.513 1.37782 0.0313948
135.386 1.40549 0.0320099
136.264 1.43388 0.0326387
137.148 1.46302 0.0332815
138.038 1.49292 0.0339385
138.934 1.52361 0.0346101
139.835 1.55512 0.0352967
140.742 1.58745 0.0359986
141.655 1.62065 0.0367161
142.574 1.65473 0.0374496
143.499 1.68971 0.0381994
144.43 1.72563 0.0389659
145.367 1.76251 0.0397496
146.31 1.80037 0.0405507
147.259 1.83925 0.0413698
148.215 1.87917 0.0422071
149.176 1.92016 0.0430631
150.144 1.96226 0.0439382
151.118 2.0055 0.0448329
152.098 2.0499 0.0457475
153.085 2.0955 0.0466826
154.078 2.14233 0.0476385
155.078 2.19044 0.0486158
156.084 2.23985 0.0496148
157.096 2.29061 0.0506361
158.115 2.34274 0.0516802
159.141 2.3963 0.0527475
160.173 2.45132 0.0538386
161.213 2.50785 0.0549539
162.258 2.56592 0.056094
163.311 2.62557 0.0572593
164.37 2.68687 0.0584505
165.437 2.74985 0.0596681
166.51 2.81455 0.0609126
167.59 2.88104 0.0621846
168.678 2.94935 0.0634847
169.772 3.01955 0.0648133
170.873 3.09168 0.0661712
171.982 3.1658 0.0675589
173.097 3.24197 0.0689769
174.22 3.32024 0.070426
175.351 3.40067 0.0719066
176.488 3.48333 0.0734195
177.633 3.56828 0.0749653
178.785 3.65558 0.0765445
179.945 3.74529 0.0781578
181.113 3.83749 0.0798058
182.288 3.93225 0.0814893
183.47 4.02963 0.0832088
184.66 4.12971 0.0849651
185.858 4.23257 0.0867586
187.064 4.33828 0.0885903
188.278 4.44693 0.0904606
189.499 4.55859 0.0923702
190.728 4.67334 0.0943199
191.966 4.79127 0.0963102
193.211 4.91248 0.098342
194.464 5.03704 0.100416
195.726 5.16506 0.102532
196.996 5.29662 0.104692
198.274 5.43182 0.106896
199.56 5.57077 0.109144
200.855 5.71355 0.111438
202.158 5.86028 0.113778
203.469 6.01106 0.116164
204.789 6.166 0.118598
206.118 6.32521 0.121079
207.455 6.4888 0.123609
208.801 6.6569 0.126188
210.155 6.8296 0.128816
211.519 7.00705 0.131495
212.891 7.18936 0.134224
214.272 7.37666 0.137004
215.662 7.56907 0.139837
217.061 7.76673 0.142721
218.469 7.96977 0.145658
219.886 8.17833 0.148648
221.313 8.39254 0.151692
222.749 8.61256 0.154789
224.194 8.83851 0.157941
225.648 9.07056 0.161147
227.112 9.30884 0.164407
228.585 9.55351 0.167723
230.068 9.80473 0.171094
231.561 10.0626 0.17452
233.063 10.3274 0.178001
234.575 10.5992 0.181537
236.097 10.8782 0.185129
237.628 11.1646 0.188776
239.17 11.4584 0.192478
240.722 11.76 0.196234
242.283 12.0694 0.200046
243.855 12.3869 0.203911
245.437 12.7126 0.20783
247.029 13.0466 0.211802
248.632 13.3893 0.215827
250.245 13.7407 0.219904
251.868 14.1011 0.224032
253.502 14.4705 0.22821
255.147 14.8493 0.232437
256.802 15.2376 0.236713
258.468 15.6355 0.241036
260.145 16.0434 0.245404
261.832 16.4612 0.249817
263.531 16.8894 0.254273
265.24 17.3279 0.25877
266.961 17.7771 0.263307
268.693 18.2371 0.267881
270.436 18.708 0.272492
272.191 19.1902 0.277135
273.956 19.6837 0.28181
275.734 20.1887 0.286514
277.522 20.7054 0.291244
279.323 21.2341 0.295997
281.135 21.7747 0.300772
282.959 22.3277 0.305563
284.794 22.893 0.31037
286.642 23.4709 0.315187
288.501 24.0615 0.320012
290.373 24.6649 0.324841
292.257 25.2814 0.329671
294.153 25.911 0.334496
296.061 26.5539 0.339314
297.982 27.2102 0.344119
299.915 27.8801 0.348907
301.86 28.5636 0.353674
303.819 29.2608 0.358414
305.79 29.9719 0.363123
307.773 30.6969 0.367795
309.77 31.4358 0.372426
311.78 32.1889 0.37701
313.802 32.956 0.38154
315.838 33.7373 0.386012
317.887 34.5327 0.390419
319.949 35.3423 0.394755
322.025 36.1661 0.399014
324.114 37.004 0.40319
326.217 37.8561 0.407276
328.333 38.7222 0.411265
330.463 39.6024 0.415151
332.607 40.4964 0.418928
334.764 41.4043 0.422588
336.936 42.3259 0.426124
339.122 43.261 0.429529
341.322 44.2096 0.432797
343.536 45.1714 0.435919
345.765 46.1462 0.43889
348.008 47.1338 0.441702
350.266 48.134 0.444348
352.538 49.1465 0.446821
354.825 50.1711 0.449113
357.127 51.2073 0.451219
359.444 52.2549 0.453131
361.776 53.3135 0.454842
364.123 54.3828 0.456346
366.485 55.4623 0.457637
368.862 56.5516 0.458708
371.255 57.6503 0.459553
373.664 58.7578 0.460167
376.088 59.8738 0.460543
378.528 60.9976 0.460677
380.983 62.1287 0.460564
383.455 63.2665 0.460198
385.942 64.4106 0.459577
388.446 65.5601 0.458695
390.966 66.7146 0.457549
393.502 67.8733 0.456136
396.055 69.0356 0.454454
398.625 70.2007 0.4525
401.211 71.368 0.450273
403.813 72.5367 0.447771
406.433 73.7061 0.444994
409.07 74.8754 0.441942
411.724 76.0438 0.438614
414.395 77.2105 0.435013
417.083 78.3748 0.43114
419.789 79.5357 0.426997
422.512 80.6926 0.422587
425.253 81.8445 0.417913
428.012 82.9906 0.41298
430.788 84.1301 0.407793
433.583 85.2621 0.402357
436.396 86.3859 0.396678
439.227 87.5005 0.390763
442.076 88.6052 0.384619
444.944 89.6992 0.378254
447.831 90.7815 0.371678
450.736 91.8515 0.364898
453.66 92.9083 0.357926
456.603 93.9511 0.35077
459.565 94.9793 0.343443
462.547 95.9921 0.335956
465.547 96.9887 0.32832
468.567 97.9686 0.320548
471.607 98.931 0.312652
474.667 99.8753 0.304646
477.746 100.801 0.296544
480.845 101.707 0.288357
483.965 102.594 0.280102
487.104 103.46 0.271791
490.264 104.306 0.26344
493.445 105.131 0.255062
496.646 105.934 0.246671
499.868 106.715 0.238283
503.111 107.474 0.229911
506.375 108.211 0.22157
509.66 108.925 0.213273
512.966 109.617 0.205035
516.294 110.285 0.196868
519.643 110.931 0.188786
523.014 111.554 0.180802
526.407 112.154 0.172927
529.822 112.731 0.165173
533.26 113.286 0.157552
536.719 113.818 0.150075
540.201 114.328 0.14275
543.705 114.816 0.135588
547.233 115.282 0.128598
550.783 115.726 0.121786
554.356 116.149 0.115161
557.952 116.552 0.108729
561.572 116.934 0.102495
565.215 117.297 0.0964649
568.882 117.64 0.0906419
572.572 117.964 0.0850297
576.287 118.27 0.0796307
580.025 118.558 0.0744466
583.788 118.828 0.0694785
587.575 119.083 0.0647264
591.387 119.321 0.06019
595.224 119.543 0.0558679
599.085 119.751 0.0517583
602.971 119.945 0.0478586
606.883 120.125 0.0441656
610.82 120.292 0.0406756
614.783 120.446 0.0373844
618.771 120.589 0.0342872
622.785 120.721 0.0313788
626.826 120.842 0.0286536
630.892 120.954 0.0261057
634.985 121.056 0.0237289
639.104 121.149 0.0215167
643.25 121.234 0.0194624
647.423 121.311 0.0175591
651.623 121.381 0.0157998
655.851 121.444 0.0141776
660.105 121.502 0.0126853
664.388 121.553 0.011316
668.698 121.599 0.0100625
673.036 121.64 0.00891789
677.402 121.677 0.00787546
681.797 121.709 0.00692848
686.22 121.738 0.00607047
690.671 121.763 0.00529512
695.152 121.786 0.00459635
699.662 121.805 0.00396831
704.201 121.822 0.0034054
708.769 121.836 0.00290226
713.367 121.848 0.00245384
717.995 121.859 0.00205533
722.653 121.868 0.0017022
727.341 121.875 0.00139021
732.06 121.881 0.0011154
736.809 121.885 0.000874072
741.589 121.889 0.0006628
746.4 121.892 0.00047842
751.242 121.894 0.000318018
756.115 121.895 0.000178926
761.021 121.896 5.87061e-05
765.958 121.896 0
770.927 121.896 0
775.928 121.896 0
780.962 121.896 0
786.028 121.896 0
791.127 121.896 0
796.26 121.896 0
801.425 121.896 0
806.624 121.896 0
811.857 121.896 0
817.124 121.896 0
822.425 121.896 0
827.76 121.896 0
833.13 121.896 0
838.535 121.896 0
843.975 121.896 0
849.45 121.896 0
854.961 121.896 0
860.507 121.896 0
866.09 121.896 0
871.708 121.896 0
877.363 121.896 0
883.055 121.896 0
888.784 121.896 0
894.55 121.896 0
900.353 121.896 0
906.194 121.896 0
912.073 121.896 0
917.99 121.896 0
923.945 121.896 0
929.939 121.896 0
935.972 121.896 0
942.044 121.896 0
948.155 121.896 0
954.306 121.896 0
960.497 121.896 0
966.728 121.896 0
973 121.896 0
979.312 121.896 0
985.665 121.896 0
992.059 121.896 0
998.495 121.896 0
1004.97 121.896 0
1011.49 121.896 0
1018.05 121.896 0
1024.66 121.896 0
1031.31 121.896 0
1038 121.896 0
1044.73 121.896 0
1051.51 121.896 0
1058.33 121.896 0
1065.2 121.896 0
1072.11 121.896 0
1079.06 121.896 0
1086.06 121.896 0
1093.11 121.896 0
1100.2 121.896 0
1107.34 121.896 0
1114.52 121.896 0
1121.75 121.896 0
1129.03 121.896 0
1136.35 121.896 0
1143.72 121.896 0
1151.14 121.896 0
1158.61 121.896 0
1166.13 121.896 0
1173.69 121.896 0
1181.31 121.896 0
1188.97 121.896 0
1196.68 121.896 0
1204.45 121.896 0
1212.26 121.896 0
1220.12 121.896 0
1228.04 121.896 0
1236.01 121.896 0
1244.02 121.896 0
1252.09 121.896 0
1260.22 121.896 0
1268.39 121.896 0
1276.62 121.896 0
1284.9 121.896 0
1293.24 121.896 0
1301.63 121.896 0
1310.07 121.896 0
1318.57 121.896 0
1327.13 121.896 0
1335.74 121.896 0
1344.4 121.896 0
1353.12 121.896 0
1361.9 121.896 0
1370.74 121.896 0
1379.63 121.896 0
1388.58 121.896 0
1397.59 121.896 0
1406.65 121.896 0
1415.78 121.896 0
1424.96 121.896 0
1434.21 121.896 0
1443.51 121.896 0
1452.88 121.896 0
1462.3 121.896 0
1471.79 121.896 0
1481.34 121.896 0
1490.95 121.896 0
1500.62 121.896 0
1510.35 121.896 0
1520.15 121.896 0
1530.01 121.896 0
1539.94 121.896 0
1549.93 121.896 0
1559.98 121.896 0
1570.1 121.896 0
1580.29 121.896 0
1590.54 121.896 0
1600.86 121.896 0
1611.25 121.896 0
1621.7 121.896 0
1632.22 121.896 0
1642.81 121.896 0
1653.47 121.896 0
1664.19 121.896 0
1674.99 121.896 0
1685.85 121.896 0
1696.79 121.896 0
1707.8 121.896 0
1718.88 121.896 0
1730.03 121.896 0
1741.25 121.896 0
1752.55 121.896 0
1763.92 121.896 0
1775.36 121.896 0
1786.88 121.896 0
1798.47 121.896 0
1810.14 121.896 0
1821.88 121.896 0
1833.7 121.896 0
1845.6 121.896 0
1857.57 121.896 0
1869.62 121.896 0
1881.75 121.896 0
1893.96 121.896 0
1906.24 121.896 0
1918.61 121.896 0
1931.06 121.896 0
1943.58 121.896 0
1956.19 121.896 0
1968.88 121.896 0
1981.66 121.896 0
1994.51 121.896 0
2007.45 121.896 0
2020.47 121.896 0
2033.58 121.896 0
2046.77 121.896 0
2060.05 121.896 0
2073.42 121.896 0
2086.87 121.896 0
2100.41 121.896 0
2114.03 121.896 0
2127.75 121.896 0
2141.55 121.896 0
2155.44 121.896 0
2169.43 121.896 0
2183.5 121.896 0
2197.66 121.896 0
2211.92 121.896 0
2226.27 121.896 0
2240.71 121.896 0
2255.25 121.896 0
2269.88 121.896 0
2284.61 121.896 0
2299.43 121.896 0
2314.34 121.896 0
2329.36 121.896 0
2344.47 121.896 0
2359.68 121.896 0
2374.99 121.896 0
2390.39 121.896 0
2405.9 121.896 0
2421.51 121.896 0
2437.22 121.896 0
2453.03 121.896 0
2468.94 121.896 0
2484.96 121.896 0
2501.08 121.896 0
2517.31 121.896 0
2533.64 121.896 0
2550.07 121.896 0
2566.62 121.896 0
2583.27 121.896 0
2600.03 121.896 0
2616.89 121.896 0
2633.87 121.896 0
2650.96 121.896 0
2668.15 121.896 0
2685.46 121.896 0
2702.89 121.896 0
2720.42 121.896 0
2738.07 121.896 0
2755.83 121.896 0
2773.71 121.896 0
2791.7 121.896 0
2809.81 121.896 0
2828.04 121.896 0
2846.39 121.896 0
2864.85 121.896 0
2883.44 121.896 0
2902.15 121.896 0
2920.97 121.896 0
2939.92 121.896 0
2958.99 121.896 0
2978.19 121.896 0
2997.51 121.896 0
3016.96 121.896 0
3036.53 121.896 0
3056.23 121.896 0
3076.05 121.896 0
3096.01 121.896 0
3116.1 121.896 0
3136.31 121.896 0
3156.66 121.896 0
3177.14 121.896 0
3197.75 121.896 0
3218.49 121.896 0
3239.37 121.896 0
3260.39 121.896 0
3281.54 121.896 0
3302.83 121.896 0
3324.25 121.896 0
3345.82 121.896 0
3367.52 121.896 0
3389.37 121.896 0
3411.36 121.896 0
3433.49 121.896 0
3455.76 121.896 0
3478.18 121.896 0
3500.75 121.896 0
3523.46 121.896 0
3546.31 121.896 0
3569.32 121.896 0
3592.48 121.896 0
3615.78 121.896 0
3639.24 121.896 0
3662.85 121.896 0
3686.61 121.896 0
3710.53 121.896 0
3734.6 121.896 0
3758.82 121.896 0
3783.21 121.896 0
3807.75 121.896 0
3832.45 121.896 0
3857.32 121.896 0
3882.34 121.896 3.37707e-05
3907.53 121.898 0.00013913
3932.88 121.903 0.000262759
3958.39 121.912 0.000407964
3984.07 121.925 0.000578674
4009.92 121.942 0.000779558
4035.93 121.966 0.00101617
4062.11 121.996 0.00129514
4088.47 122.034 0.00162435
4114.99 122.083 0.0020132
4141.68 122.142 0.00247292
4168.55 122.216 0.0030169
4195.6 122.306 0.00366114
4222.81 122.417 0.00442476
4250.21 122.55 0.00533059
4277.78 122.712 0.00640593
4305.53 122.907 0.00768338
4333.46 123.143 0.00920186
4361.58 123.427 0.0110078
4389.87 123.769 0.0131566
4418.35 124.18 0.015714
4447.01 124.674 0.0187584
4475.86 125.268 0.0223821
4504.9 125.98 0.0266945
4534.12 126.835 0.0318237
4563.54 127.861 0.0379192
4593.14 129.091 0.0451543
4622.94 130.564 0.0537275
4652.93 132.327 0.0638639
4683.12 134.435 0.0758141
4713.5 136.952 0.0898521
4744.08 139.951 0.106269
4774.85 143.515 0.125364
4805.83 147.74 0.147426
4837.01 152.731 0.172719
4868.39 158.601 0.201447
4899.97 165.473 0.233729
4931.76 173.472 0.269559
4963.75 182.724 0.308779
4995.95 193.348 0.35105
5028.36 205.451 0.395843
5060.98 219.124 0.442455
5093.82 234.432 0.490039
5126.86 251.413 0.537663
5160.12 270.072 0.584377
5193.6 290.386 0.629294
5227.29 312.303 0.671651
5261.2 335.744 0.710856
5295.33 360.615 0.746514
5329.68 386.808 0.778425
5364.26 414.209 0.806564
5399.06 442.703 0.831049
5434.09 472.18 0.852103
5469.34 502.534 0.870019
5504.82 533.672 0.885126
5540.53 565.507 0.897761
5576.48 597.964 0.908255
5612.65 630.979 0.916919
5649.06 664.494 0.924034
5685.71 698.464 0.929849
5722.6 732.849 0.934582
5759.72 767.616 0.938422
5797.09 802.739 0.941526
5834.69 838.195 0.944028
5872.55 873.966 0.94604
5910.64 910.038 0.947653
5948.99 946.4 0.948944
5987.58 983.043 0.949975
6026.42 1019.96 0.950797
6065.52 1057.14 0.951451
6104.87 1094.59 0.951969
6144.47 1132.3 0.95238
6184.33 1170.27 0.952706
6224.45 1208.5 0.952962
6264.83 1246.99 0.953165
6305.48 1285.73 0.953324
6346.38 1324.73 0.953449
6387.55 1363.98 0.953548
6428.99 1403.5 0.953625
6470.7 1443.27 0.953685
6512.68 1483.31 0.953732
6554.93 1523.6 0.953768
6597.45 1564.16 0.953797
6640.25 1604.98 0.953819
6683.33 1646.07 0.953836
6726.69 1687.43 0.953849
6770.32 1729.05 0.953859
6814.25 1770.95 0.953867
6858.45 1813.12 0.953873
6902.95 1855.56 0.953878
6947.73 1898.27 0.953882
6992.8 1941.27 0.953884
7038.16 1984.54 0.953886
7083.82 2028.09 0.953888
7129.78 2071.93 0.953889
7176.03 2116.05 0.95389
7222.59 2160.46 0.953891
7269.44 2205.15 0.953891
7316.6 2250.14 0.953892
7364.07 2295.41 0.953892
7411.84 2340.99 0.953892
7459.92 2386.85 0.953893
7508.32 2433.02 0.953893
7557.03 2479.48 0.953893
7606.05 2526.24 0.953893
7655.39 2573.31 0.953893
7705.06 2620.68 0.953893
7755.04 2668.37 0.953893
7805.35 2716.36 0.953893
7855.99 2764.66 0.953893
7906.95 2813.27 0.953893
7958.25 2862.2 0.953893
8009.88 2911.45 0.953893
8061.84 2961.02 0.953893
8114.14 3010.9 0.953893
8166.78 3061.12 0.953893
8219.76 3111.66 0.953893
8273.08 3162.52 0.953893
8326.76 3213.72 0.953893
8380.77 3265.24 0.953893
8435.14 3317.11 0.953893
8489.86 3369.31 0.953893
8544.94 3421.84 0.953893
8600.38 3474.72 0.953893
8656.17 3527.94 0.953893
8712.32 3581.51 0.953893
8768.84 3635.42 0.953893
8825.73 3689.69 0.953893
8882.99 3744.3 0.953893
8940.61 3799.27 0.953893
8998.61 3854.6 0.953893
9056.99 3910.28 0.953893
9115.75 3966.33 0.953893
9174.89 4022.74 0.953893
9234.41 4079.52 0.953893
9294.31 4136.66 0.953893
9354.61 4194.18 0.953893
9415.29 4252.07 0.953893
9476.38 4310.33 0.953893
9537.85 4368.97 0.953893
9599.73 4428 0.953893
9662 4487.4 0.953893
9724.68 4547.19 0.953893
9787.77 4607.37 0.953893
9851.27 4667.94 0.953893
9915.18 4728.9 0.953893
9979.5 4790.26 0.953893
10044.2 4852.02 0.953893
10109.4 4914.17 0.953893
10175 4976.73 0.953893
10241 5039.7 0.953893
10307.4 5103.07 0.953893
10374.3 5166.85 0.953893
10441.6 5231.05 0.953893
10509.3 5295.67 0.953893
10577.5 5360.7 0.953893
10646.1 5426.16 0.953893
10715.2 5492.04 0.953893
10784.7 5558.35 0.953893
10854.7 5625.09 0.953893
10925.1 5692.26 0.953893
10996 5759.87 0.953893
11067.3 5827.91 0.953893
11139.1 5896.4 0.953893
11211.4 5965.33 0.953893
11284.1 6034.71 0.953893
11357.3 6104.54 0.953893
11431 6174.82 0.953893
11505.1 6245.56 0.953893
11579.8 6316.75 0.953893
11654.9 6388.41 0.953893
11730.5 6460.54 0.953893
11806.6 6533.13 0.953893
11883.2 6606.19 0.953893
11960.3 6679.72 0.953893
12037.9 6753.74 0.953893
12116 6828.23 0.953893
12194.6 6903.21 0.953893
12273.7 6978.67 0.953893
12353.3 7054.62 0.953893
12433.5 7131.07 0.953893
12514.1 7208.01 0.953893
12595.3 7285.45 0.953893
12677 7363.39 0.953893
12759.2 7441.84 0.953893
12842 7520.8 0.953893
12925.3 7600.27 0.953893
13009.2 7680.25 0.953893
13093.6 7760.76 0.953893
13178.5 7841.78 0.953893
13264 7923.34 0.953893
13350.1 8005.42 0.953893
13436.7 8088.03 0.953893
13523.8 8171.18 0.953893
13611.6 8254.87 0.953893
13699.9 8339.1 0.953893
13788.8 8423.88 0.953893
13878.2 8509.21 0.953893
13968.2 8595.09 0.953893
14058.9 8681.53 0.953893
14150.1 8768.53 0.953893
14241.9 8856.09 0.953893
14334.2 8944.22 0.953893
14427.2 9032.93 0.953893
14520.8 9122.21 0.953893
14615 9212.06 0.953893
14709.8 9302.51 0.953893
14805.3 9393.53 0.953893
14901.3 9485.15 0.953893
14998 9577.36 0.953893
15095.3 9670.18 0.953893
15193.2 9763.59 0.953893
15291.8 9857.61 0.953893
15391 9952.24 0.953893
15490.8 10047.5 0.953893
15591.3 10143.3 0.953893
15692.5 10239.8 0.953893
15794.3 10336.9 0.953893
15896.7 10434.7 0.953893
15999.9 10533 0.953893
16103.7 10632.1 0.953893
16208.1 10731.7 0.953893
16313.3 10832 0.953893
16419.1 10933 0.953893
16525.6 11034.6 0.953893
16632.8 11136.8 0.953893
16740.7 11239.8 0.953893
16849.3 11343.4 0.953893
16958.7 11447.6 0.953893
17068.7 11552.6 0.953893
17179.4 11658.2 0.953893
17290.8 11764.5 0.953893
17403 11871.5 0.953893
17515.9 11979.2 0.953893
17629.6 12087.6 0.953893
17743.9 12196.7 0.953893
17859 12306.5 0.953893
17974.9 12417 0.953893
18091.5 12528.2 0.953893
18208.9 12640.2 0.953893
18327 12752.9 0.953893
18445.9 12866.3 0.953893
18565.5 12980.4 0.953893
18686 13095.3 0.953893
18807.2 13211 0.953893
18929.2 13327.3 0.953893
19052 13444.5 0.953893
19175.6 13562.4 0.953893
19300 13681 0.953893
19425.2 13800.5 0.953893
19551.2 13920.7 0.953893
19678.1 14041.7 0.953893
19805.7 14163.4 0.953893
19934.2 14286 0.953893
20063.5 14409.4 0.953893
20193.7 14533.5 0.953893
20324.7 14658.5 0.953893
20456.6 14784.3 0.953893
20589.3 14910.8 0.953893
20722.8 15038.3 0.953893
20857.3 15166.5 0.953893
20992.6 15295.6 0.953893
21128.8 15425.5 0.953893
21265.8 15556.2 0.953893
21403.8 15687.8 0.953893
21542.7 15820.3 0.953893
21682.4 15953.6 0.953893
21823.1 16087.8 0.953893
21964.6 16222.8 0.953893
22107.1 16358.7 0.953893
22250.6 16495.5 0.953893
22394.9 16633.2 0.953893
22540.2 16771.8 0.953893
22686.4 16911.3 0.953893
22833.6 17051.7 0.953893
22981.7 17193 0.953893
23130.8 17335.2 0.953893
23280.9 17478.3 0.953893
23431.9 17622.4 0.953893
23583.9 17767.4 0.953893
23736.9 17913.4 0.953893
23890.9 18060.2 0.953893
24045.9 18208.1 0.953893
24201.9 18356.9 0.953893
24358.9 18506.7 0.953893
24516.9 18657.4 0.953893
24676 18809.1 0.953893
24836 18961.8 0.953893
24997.2 19115.5 0.953893
25159.3 19270.2 0.953893
25322.5 19425.9 0.953893
25486.8 19582.6 0.953893
25652.2 19740.3 0.953893
25818.6 19899 0.953893
25986.1 20058.8 0.953893
26154.7 20219.6 0.953893
26324.3 20381.5 0.953893
26495.1 20544.4 0.953893
26667 20708.3 0.953893
26840 20873.4 0.953893
27014.1 21039.4 0.953893
27189.4 21206.6 0.953893
27365.7 21374.9 0.953893
27543.3 21544.2 0.953893
27722 21714.7 0.953893
27901.8 21886.2 0.953893
28082.8 22058.9 0.953893
28265 22232.7 0.953893
28448.4 22407.6 0.953893
28632.9 22583.6 0.953893
28818.7 22760.8 0.953893
29005.6 22939.1 0.953893
29193.8 23118.6 0.953893
29383.2 23299.3 0.953893
29573.8 23481.1 0.953893
29765.7 23664.1 0.953893
29958.8 23848.3 0.953893
30153.1 24033.7 0.953893
30348.7 24220.3 0.953893
30545.6 24408.1 0.953893
30743.8 24597.1 0.953893
30943.2 24787.4 0.953893
31143.9 24978.9 0.953893
31346 25171.6 0.953893
31549.3 25365.6 0.953893
31754 25560.8 0.953893
31960 25757.3 0.953893
32167.3 25955.1 0.953893
32376 26154.2 0.953893
32586.1 26354.5 0.953893
32797.5 26556.2 0.953893
33010.2 26759.1 0.953893
33224.4 26963.4 0.953893
33439.9 27169 0.953893
33656.9 27375.9 0.953893
33875.2 27584.2 0.953893
34095 27793.8 0.953893
34316.1 28004.8 0.953893
34538.8 28217.2 0.953893
34762.8 28430.9 0.953893
34988.3 28646 0.953893
35215.3 28862.5 0.953893
35443.8 29080.5 0.953893
35673.7 29299.8 0.953893
35905.1 29520.6 0.953893
36138.1 29742.7 0.953893
36372.5 29966.4 0.953893
36608.5 30191.5 0.953893
36846 30418 0.953893
37085 30646 0.953893
37325.6 30875.5 0.953893
37567.7 31106.5 0.953893
37811.4 31339 0.953893
38056.7 31572.9 0.953893
38303.6 31808.5 0.953893
38552.1 32045.5 0.953893
38802.2 32284.1 0.953893
39053.9 32524.2 0.953893
39307.3 32765.8 0.953893
39562.3 33009.1 0.953893
39819 33253.9 0.953893
40077.3 33500.3 0.953893
40337.3 33748.3 0.953893
40599 33997.9 0.953893
40862.3 34249.2 0.953893
41127.4 34502 0.953893
41394.2 34756.6 0.953893
41662.8 35012.7 0.953893
41933.1 35270.5 0.953893
42205.1 35530 0.953893
42478.9 35791.2 0.953893
42754.5 36054.1 0.953893
43031.8 36318.6 0.953893
43311 36584.9 0.953893
43592 36853 0.953893
43874.8 37122.7 0.953893
44159.4 37394.2 0.953893
44445.9 37667.5 0.953893
44734.2 37942.5 0.953893
45024.4 38219.4 0.953893
45316.5 38498 0.953893
45610.5 38778.4 0.953893
45906.4 39060.7 0.953893
46204.2 39344.7 0.953893
46503.9 39630.7 0.953893
46805.6 39918.4 0.953893
47109.3 40208.1 0.953893
47414.9 40499.6 0.953893
47722.5 40793 0.953893
48032.1 41088.3 0.953893
48343.7 41385.6 0.953893
48657.3 41684.7 0.953893
48972.9 41985.8 0.953893
49290.7 42288.9 0.953893
49610.4 42593.9 0.953893
49932.3 42900.9 0.953893
50256.2 43209.9 0.953893
50582.2 43520.9 0.953893
50910.4 43833.9 0.953893
51240.6 44149 0.953893
51573.1 44466.1 0.953893
51907.6 44785.2 0.953893
52244.4 45106.4 0.953893
52583.3 45429.7 0.953893
52924.4 45755.1 0.953893
53267.8 46082.6 0.953893
53613.3 46412.3 0.953893
53961.1 46744 0.953893
54311.2 47078 0.953893
54663.5 47414 0.953893
55018.2 47752.3 0.953893
55375.1 48092.8 0.953893
55734.3 48435.5 0.953893
56095.9 48780.4 0.953893
