5.78741e-09 5.95396e-15 4.29514e-06
5.8738e-08 3.33166e-13 8.58285e-06
5.86595e-07 1.45059e-11 3.56977e-05
4.6076e-06 3.38009e-10 8.97843e-05
5.86875e-06 4.61297e-10 0.000114002
2.3369e-05 3.31505e-09 0.000192532
7.39119e-05 1.62978e-08 0.000292274
0.000147358 4.17301e-08 0.000330144
0.000152693 4.34471e-08 0.000292479
0.000165528 4.67976e-08 0.000304172
0.000294481 1.01986e-07 0.000463041
0.000466785 1.89679e-07 0.00054542
0.000739961 3.52227e-07 0.00041641
0.000792747 3.70702e-07 0.000446592
0.000859333 4.13069e-07 0.00055442
0.000931697 4.48502e-07 0.00055104
0.00117285 6.10601e-07 0.000697128
0.00147667 8.31244e-07 0.000750516
0.0017323 1.02935e-06 0.000535855
0.00185963 1.08409e-06 0.000525282
0.00294795 2.00733e-06 0.000908255
0.00467391 3.71532e-06 0.00105104
0.00633042 5.56999e-06 0.00091467
0.0070765 6.16755e-06 0.00093479
0.00933155 8.92099e-06 0.00127133
0.0117504 1.21316e-05 0.00137956
0.0154948 1.7543e-05 0.00122736
0.0177925 2.00421e-05 0.00125466
0.0234638 2.89812e-05 0.00164107
0.0295474 3.94039e-05 0.00177172
0.0354913 5.03041e-05 0.00128079
0.0389653 5.38549e-05 0.00125817
0.0549487 8.51279e-05 0.00191362
0.0590129 9.27925e-05 0.00199187
0.0713035 0.000119369 0.00114686
0.0787306 0.000125461 0.00110854
0.10265 0.000178607 0.00176378
0.112568 0.000193736 0.00180901
0.132297 0.000240204 0.00240921
0.146764 0.000275794 0.00181491
0.15911 0.000293738 0.00177613
0.191354 0.000375514 0.00260957
0.227502 0.000472769 0.000973271
0.245257 0.000484229 0.000805937
0.256566 0.000495831 0.00103354
0.268397 0.000508152 0.00104919
0.280773 0.000521236 0.00106507
0.293719 0.00053513 0.0010812
0.307263 0.000549885 0.00109757
0.321432 0.000565555 0.00111419
0.336253 0.000582195 0.00113106
0.351758 0.000599866 0.00114818
0.367978 0.000618631 0.00116556
0.384946 0.000638559 0.00118321
0.402697 0.000659722 0.00120112
0.421266 0.000682195 0.00121931
0.440691 0.000706061 0.00123777
0.461012 0.000731406 0.00125651
0.48227 0.00075832 0.00127553
0.504508 0.000786902 0.00129484
0.527771 0.000817254 0.00131445
0.552107 0.000849487 0.00133435
0.577566 0.000883717 0.00135455
0.604198 0.000920067 0.00137506
0.632059 0.000958668 0.00139588
0.661204 0.000999662 0.00141701
0.691693 0.00104319 0.00143847
0.723588 0.00108942 0.00146024
0.756953 0.00113852 0.00148235
0.791857 0.00119065 0.00150479
0.828371 0.00124602 0.00152758
0.866568 0.00130481 0.00155071
0.906527 0.00136725 0.00157418
0.948328 0.00143355 0.00159802
0.992057 0.00150396 0.00162221
1.0378 0.00157874 0.00164677
1.08566 0.00165815 0.0016717
1.13572 0.00174247 0.00169701
1.18809 0.00183202 0.00172271
1.24287 0.00192712 0.00174879
1.30018 0.00202811 0.00177526
1.36014 0.00213535 0.00180214
1.42285 0.00224924 0.00182943
1.48846 0.00237018 0.00185712
1.5571 0.00249862 0.00188524
1.6289 0.00263501 0.00191378
1.70401 0.00277985 0.00194276
1.78258 0.00293367 0.00197217
1.86478 0.00309701 0.00200203
1.95077 0.00327047 0.00203234
2.04072 0.00345468 0.00206311
2.13482 0.0036503 0.00209435
2.23326 0.00385804 0.00212606
2.33624 0.00407865 0.00215824
2.44396 0.00431292 0.00219092
2.55666 0.00456171 0.00222409
2.67455 0.00482591 0.00225776
2.79788 0.00510648 0.00229195
2.92689 0.00540443 0.00232665
3.06185 0.00572083 0.00236187
3.20304 0.00605684 0.00239763
3.35074 0.00641366 0.00243393
3.50524 0.00679259 0.00247078
3.66688 0.00719499 0.00250819
3.83596 0.00762232 0.00254616
4.01284 0.00807613 0.00258471
4.19788 0.00855804 0.00262385
4.39145 0.00906982 0.00266357
4.59395 0.00961329 0.0027039
4.80578 0.0101904 0.00274483
5.02738 0.0108033 0.00278639
5.2592 0.0114542 0.00282858
5.50171 0.0121454 0.0028714
5.7554 0.0128794 0.00291488
6.02079 0.0136589 0.00295901
6.29841 0.0144866 0.00300381
6.58884 0.0153657 0.00304928
6.89266 0.0162992 0.00309545
7.21049 0.0172905 0.00314232
7.54298 0.0183433 0.00318989
7.8908 0.0194612 0.00323819
8.25465 0.0206484 0.00328721
8.63529 0.0219092 0.00333698
9.03347 0.0232481 0.0033875
9.45002 0.0246699 0.00343879
9.88577 0.0261798 0.00349085
10.3416 0.0277832 0.00354371
10.8185 0.029486 0.00359736
11.3173 0.0312942 0.00365182
11.8392 0.0332145 0.00370711
12.3851 0.0352537 0.00376324
12.9562 0.0374193 0.00382021
13.5536 0.039719 0.00387805
14.1786 0.0421611 0.00393677
14.8324 0.0447546 0.00399637
15.5164 0.0475087 0.00405687
16.2318 0.0504335 0.00411829
16.9803 0.0535394 0.00418065
17.7633 0.0568378 0.00424394
18.5824 0.0603405 0.0043082
19.4392 0.0640601 0.00437342
20.3356 0.0680102 0.00443964
21.2733 0.072205 0.00450685
22.2543 0.0766597 0.00457509
23.2804 0.0813904 0.00464435
24.3539 0.0864141 0.00471467
25.4769 0.091749 0.00478605
26.6517 0.0974144 0.00485851
27.8806 0.103431 0.00493207
29.1662 0.10982 0.00500674
30.5111 0.116605 0.00508254
31.9181 0.12381 0.00515949
33.3898 0.131462 0.00523761
34.9295 0.139587 0.00531691
36.5401 0.148216 0.0053974
38.225 0.15738 0.00547912
39.9877 0.167111 0.00556208
41.8315 0.177445 0.00564629
43.7605 0.188419 0.00573177
45.7783 0.200073 0.00581855
47.8892 0.212449 0.00590664
50.0974 0.225592 0.00599607
52.4075 0.239549 0.00608685
54.8241 0.254371 0.00617901
57.3521 0.27011 0.00627256
59.9967 0.286825 0.00636752
62.7632 0.304575 0.00646393
65.6573 0.323425 0.00656179
68.6849 0.343443 0.00666114
71.852 0.364701 0.00676199
75.1652 0.387275 0.00686552
75.1652 0.387275 0.00686451
75.6528 0.390646 0.00696163
76.1436 0.394087 0.00706049
76.6376 0.3976 0.00716113
77.1348 0.401186 0.00726359
77.6352 0.404846 0.0073679
78.1388 0.408584 0.0074741
78.6457 0.4124 0.00758224
79.1559 0.416297 0.00769235
79.6694 0.420276 0.00780448
80.1863 0.424339 0.00791867
80.7065 0.428488 0.00803495
81.23 0.432726 0.00815339
81.757 0.437055 0.00827402
82.2874 0.441476 0.00839689
82.8212 0.445991 0.00852204
83.3585 0.450605 0.00864954
83.8993 0.455317 0.00877942
84.4436 0.460132 0.00891173
84.9914 0.465051 0.00904654
85.5428 0.470076 0.0091839
86.0977 0.475212 0.00932385
86.6563 0.480459 0.00946646
87.2184 0.485822 0.00961178
87.7842 0.491302 0.00975988
88.3537 0.496904 0.0099108
88.9269 0.502628 0.0100646
89.5038 0.50848 0.0102214
90.0845 0.514461 0.0103812
90.6689 0.520576 0.0105441
91.2571 0.526827 0.0107102
91.8491 0.533217 0.0108794
92.4449 0.539751 0.011052
93.0447 0.546432 0.011228
93.6483 0.553264 0.0114074
94.2558 0.56025 0.0115903
94.8673 0.567394 0.0117768
95.4827 0.5747 0.011967
96.1021 0.582173 0.012161
96.7256 0.589816 0.0123588
97.3531 0.597635 0.0125605
97.9847 0.605632 0.0127663
98.6203 0.613814 0.0129762
99.2601 0.622185 0.0131903
99.904 0.630749 0.0134086
100.552 0.639511 0.0136314
101.204 0.648477 0.0138587
101.861 0.657652 0.0140905
102.522 0.667042 0.0143271
103.187 0.676651 0.0145685
103.856 0.686485 0.0148147
104.53 0.696552 0.0150661
105.208 0.706855 0.0153225
105.891 0.717402 0.0155842
106.578 0.7282 0.0158513
107.269 0.739254 0.0161239
107.965 0.750571 0.0164021
108.665 0.762159 0.016686
109.37 0.774024 0.0169759
110.08 0.786173 0.0172717
110.794 0.798615 0.0175737
111.513 0.811357 0.0178821
112.236 0.824408 0.0181968
112.964 0.837774 0.0185182
113.697 0.851465 0.0188462
114.435 0.865489 0.0191812
115.177 0.879856 0.0195233
115.924 0.894574 0.0198725
116.676 0.909653 0.0202292
117.433 0.925103 0.0205934
118.195 0.940933 0.0209653
118.962 0.957155 0.0213451
119.734 0.973777 0.021733
120.51 0.990812 0.0221292
121.292 1.00827 0.0225338
122.079 1.02616 0.0229472
122.871 1.04451 0.0233693
123.668 1.06331 0.0238006
124.47 1.08258 0.0242411
125.278 1.10233 0.0246911
126.091 1.12259 0.0251508
126.909 1.14335 0.0256204
127.732 1.16464 0.0261002
128.561 1.18647 0.0265904
129.395 1.20886 0.0270912
130.234 1.23181 0.027603
131.079 1.25536 0.0281258
131.929 1.2795 0.02866
132.785 1.30426 0.0292059
133.646 1.32966 0.0297637
134.513 1.35572 0.0303337
135.386 1.38244 0.0309161
136.264 1.40985 0.0315113
137.148 1.43798 0.0321196
138.038 1.46683 0.0327412
138.934 1.49644 0.0333764
139.835 1.52681 0.0340256
140.742 1.55798 0.0346891
141.655 1.58996 0.0353672
142.574 1.62278 0.0360603
143.499 1.65646 0.0367686
144.43 1.69103 0.0374926
145.367 1.72651 0.0382325
146.31 1.76292 0.0389888
147.259 1.80029 0.0397618
148.215 1.83865 0.0405518
149.176 1.87803 0.0413594
150.144 1.91846 0.0421847
151.118 1.95996 0.0430284
152.098 2.00256 0.0438907
153.085 2.04631 0.0447721
154.078 2.09122 0.045673
155.078 2.13733 0.0465938
156.084 2.18468 0.047535
157.096 2.2333 0.048497
158.115 2.28323 0.0494802
159.141 2.3345 0.0504852
160.173 2.38715 0.0515124
161.213 2.44122 0.0525623
162.258 2.49675 0.0536354
163.311 2.55379 0.0547321
164.37 2.61237 0.055853
165.437 2.67254 0.0569986
166.51 2.73434 0.0581694
167.59 2.79782 0.0593659
168.678 2.86303 0.0605887
169.772 2.93001 0.0618383
170.873 2.99882 0.0631152
171.982 3.06951 0.0644201
173.097 3.14213 0.0657535
174.22 3.21673 0.067116
175.351 3.29337 0.0685081
176.488 3.37211 0.0699305
177.633 3.45301 0.0713837
178.785 3.53613 0.0728684
179.945 3.62152 0.0743851
181.113 3.70926 0.0759345
182.288 3.79941 0.0775173
183.47 3.89204 0.079134
184.66 3.98721 0.0807852
185.858 4.08499 0.0824717
187.064 4.18547 0.084194
188.278 4.28871 0.0859528
189.499 4.39479 0.0877488
190.728 4.50379 0.0895827
191.966 4.6158 0.091455
193.211 4.73088 0.0933664
194.464 4.84913 0.0953177
195.726 4.97063 0.0973094
196.996 5.09548 0.0993423
198.274 5.22377 0.101417
199.56 5.35558 0.103534
200.855 5.49101 0.105694
202.158 5.63017 0.107898
203.469 5.77315 0.110147
204.789 5.92006 0.112441
206.118 6.07099 0.11478
207.455 6.22607 0.117166
208.801 6.38539 0.119598
210.155 6.54907 0.122078
211.519 6.71723 0.124607
212.891 6.88998 0.127184
214.272 7.06745 0.129811
215.662 7.24976 0.132488
217.061 7.43702 0.135215
218.469 7.62938 0.137993
219.886 7.82696 0.140823
221.313 8.0299 0.143705
222.749 8.23833 0.146639
224.194 8.45239 0.149626
225.648 8.67222 0.152667
227.112 8.89797 0.155761
228.585 9.12978 0.158909
230.068 9.3678 0.162112
231.561 9.61219 0.165369
233.063 9.8631 0.168682
234.575 10.1207 0.172049
236.097 10.3851 0.175472
237.628 10.6565 0.17895
239.17 10.9351 0.182483
240.722 11.221 0.186072
242.283 11.5145 0.189716
243.855 11.8156 0.193416
245.437 12.1245 0.19717
247.029 12.4415 0.200979
248.632 12.7667 0.204843
250.245 13.1002 0.208761
251.868 13.4424 0.212732
253.502 13.7932 0.216757
255.147 14.1531 0.220834
256.802 14.522 0.224963
258.468 14.9003 0.229143
260.145 15.288 0.233373
261.832 15.6855 0.237652
263.531 16.0929 0.241979
265.24 16.5103 0.246353
266.961 16.938 0.250772
268.693 17.3762 0.255236
270.436 17.825 0.259742
272.191 18.2847 0.264289
273.956 18.7554 0.268876
275.734 19.2374 0.273499
277.522 19.7308 0.278158
279.323 20.2358 0.28285
281.135 20.7526 0.287572
282.959 21.2814 0.292323
284.794 21.8224 0.2971
286.642 22.3757 0.301899
288.501 22.9416 0.306719
290.373 23.5202 0.311555
292.257 24.1117 0.316405
294.153 24.7162 0.321266
296.061 25.3339 0.326134
297.982 25.965 0.331005
299.915 26.6095 0.335875
301.86 27.2678 0.340741
303.819 27.9398 0.345598
305.79 28.6257 0.350442
307.773 29.3257 0.355268
309.77 30.0398 0.360071
311.78 30.7682 0.364848
313.802 31.511 0.369592
315.838 32.2682 0.374298
317.887 33.0399 0.378962
319.949 33.8261 0.383578
322.025 34.627 0.388139
324.114 35.4426 0.392641
326.217 36.2728 0.397077
328.333 37.1178 0.401442
330.463 37.9774 0.405728
332.607 38.8517 0.40993
334.764 39.7407 0.41404
336.936 40.6442 0.418054
339.122 41.5623 0.421963
341.322 42.4948 0.425761
343.536 43.4416 0.429441
345.765 44.4027 0.432997
348.008 45.3778 0.436421
350.266 46.3668 0.439705
352.538 47.3695 0.442844
354.825 48.3857 0.44583
357.127 49.4152 0.448656
359.444 50.4577 0.451314
361.776 51.513 0.453798
364.123 52.5807 0.456101
366.485 53.6606 0.458216
368.862 54.7523 0.460135
371.255 55.8555 0.461853
373.664 56.9696 0.463363
376.088 58.0944 0.464658
378.528 59.2294 0.465732
380.983 60.3742 0.466579
383.455 61.5281 0.467193
385.942 62.6908 0.467569
388.446 63.8616 0.467701
390.966 65.0401 0.467585
393.502 66.2255 0.467215
396.055 67.4174 0.466587
398.625 68.6151 0.465698
401.211 69.8179 0.464544
403.813 71.0252 0.463121
406.433 72.2362 0.461428
409.07 73.4502 0.459461
411.724 74.6666 0.457219
414.395 75.8844 0.454701
417.083 77.1031 0.451906
419.789 78.3217 0.448834
422.512 79.5394 0.445486
425.253 80.7555 0.441862
428.012 81.9691 0.437964
430.788 83.1794 0.433794
433.583 84.3855 0.429355
436.396 85.5866 0.424651
439.227 86.7818 0.419685
442.076 87.9702 0.414463
444.944 89.151 0.40899
447.831 90.3233 0.403271
450.736 91.4863 0.397315
453.66 92.639 0.391127
456.603 93.7807 0.384715
459.565 94.9104 0.37809
462.547 96.0275 0.371259
465.547 97.131 0.364232
468.567 98.2201 0.357019
471.607 99.2942 0.349633
474.667 100.352 0.342083
477.746 101.394 0.334381
480.845 102.418 0.326541
483.965 103.424 0.318574
487.104 104.412 0.310494
490.264 105.38 0.302314
493.445 106.328 0.294048
496.646 107.256 0.28571
499.868 108.163 0.277314
503.111 109.049 0.268873
506.375 109.913 0.260404
509.66 110.754 0.251919
512.966 111.573 0.243434
516.294 112.369 0.234962
519.643 113.142 0.226519
523.014 113.891 0.218117
526.407 114.617 0.209772
529.822 115.319 0.201496
533.26 115.998 0.193302
536.719 116.653 0.185204
540.201 117.284 0.177214
543.705 117.891 0.169343
547.233 118.475 0.161604
550.783 119.035 0.154006
554.356 119.572 0.146561
557.952 120.086 0.139277
561.572 120.577 0.132164
565.215 121.046 0.12523
568.882 121.493 0.118481
572.572 121.918 0.111926
576.287 122.322 0.105569
580.025 122.705 0.0994156
583.788 123.068 0.0934706
587.575 123.411 0.0877372
591.387 123.735 0.0822182
595.224 124.04 0.0769154
599.085 124.327 0.0718302
602.971 124.597 0.0669628
606.883 124.85 0.0623131
610.82 125.086 0.0578798
614.783 125.307 0.0536614
618.771 125.514 0.0496554
622.785 125.705 0.0458589
626.826 125.883 0.0422682
630.892 126.048 0.0388793
634.985 126.201 0.0356875
639.104 126.342 0.0326877
643.25 126.471 0.0298745
647.423 126.591 0.027242
651.623 126.7 0.024784
655.851 126.8 0.022494
660.105 126.891 0.0203655
664.388 126.974 0.0183916
668.698 127.049 0.0165652
673.036 127.117 0.0148794
677.402 127.179 0.013327
681.797 127.234 0.0119009
686.22 127.284 0.0105941
690.671 127.329 0.00939951
695.152 127.368 0.00831029
699.662 127.404 0.00731968
704.201 127.435 0.00642106
708.769 127.462 0.00560804
713.367 127.486 0.00487441
717.995 127.507 0.00421421
722.653 127.526 0.00362171
727.341 127.541 0.00309143
732.06 127.555 0.00261818
736.809 127.566 0.00219703
741.589 127.576 0.00182332
746.4 127.584 0.00149268
751.242 127.59 0.00120101
756.115 127.596 0.0009445
761.021 127.6 0.000719596
765.958 127.603 0.000523016
770.927 127.605 0.000351731
775.928 127.606 0.000202964
780.962 127.607 7.41698e-05
786.028 127.607 0
791.127 127.607 0
796.26 127.607 0
801.425 127.607 0
806.624 127.607 0
811.857 127.607 0
817.124 127.607 0
822.425 127.607 0
827.76 127.607 0
833.13 127.607 0
838.535 127.607 0
843.975 127.607 0
849.45 127.607 0
854.961 127.607 0
860.507 127.607 0
866.09 127.607 0
871.708 127.607 0
877.363 127.607 0
883.055 127.607 0
888.784 127.607 0
894.55 127.607 0
900.353 127.607 0
906.194 127.607 0
912.073 127.607 0
917.99 127.607 0
923.945 127.607 0
929.939 127.607 0
935.972 127.607 0
942.044 127.607 0
948.155 127.607 0
954.306 127.607 0
960.497 127.607 0
966.728 127.607 0
973 127.607 0
979.312 127.607 0
985.665 127.607 0
992.059 127.607 0
998.495 127.607 0
1004.97 127.607 0
1011.49 127.607 0
1018.05 127.607 0
1024.66 127.607 0
1031.31 127.607 0
1038 127.607 0
1044.73 127.607 0
1051.51 127.607 0
1058.33 127.607 0
1065.2 127.607 0
1072.11 127.607 0
1079.06 127.607 0
1086.06 127.607 0
1093.11 127.607 0
1100.2 127.607 0
1107.34 127.607 0
1114.52 127.607 0
1121.75 127.607 0
1129.03 127.607 0
1136.35 127.607 0
1143.72 127.607 0
1151.14 127.607 0
1158.61 127.607 0
1166.13 127.607 0
1173.69 127.607 0
1181.31 127.607 0
1188.97 127.607 0
1196.68 127.607 0
1204.45 127.607 0
1212.26 127.607 0
1220.12 127.607 0
1228.04 127.607 0
1236.01 127.607 0
1244.02 127.607 0
1252.09 127.607 0
1260.22 127.607 0
1268.39 127.607 0
1276.62 127.607 0
1284.9 127.607 0
1293.24 127.607 0
1301.63 127.607 0
1310.07 127.607 0
1318.57 127.607 0
1327.13 127.607 0
1335.74 127.607 0
1344.4 127.607 0
1353.12 127.607 0
1361.9 127.607 0
1370.74 127.607 0
1379.63 127.607 0
1388.58 127.607 0
1397.59 127.607 0
1406.65 127.607 0
1415.78 127.607 0
1424.96 127.607 0
1434.21 127.607 0
1443.51 127.607 0
1452.88 127.607 0
1462.3 127.607 0
1471.79 127.607 0
1481.34 127.607 0
1490.95 127.607 0
1500.62 127.607 0
1510.35 127.607 0
1520.15 127.607 0
1530.01 127.607 0
1539.94 127.607 0
1549.93 127.607 0
1559.98 127.607 0
1570.1 127.607 0
1580.29 127.607 0
1590.54 127.607 0
1600.86 127.607 0
1611.25 127.607 0
1621.7 127.607 0
1632.22 127.607 0
1642.81 127.607 0
1653.47 127.607 0
1664.19 127.607 0
1674.99 127.607 0
1685.85 127.607 0
1696.79 127.607 0
1707.8 127.607 0
1718.88 127.607 0
1730.03 127.607 0
1741.25 127.607 0
1752.55 127.607 0
1763.92 127.607 0
1775.36 127.607 0
1786.88 127.607 0
1798.47 127.607 0
1810.14 127.607 0
1821.88 127.607 0
1833.7 127.607 0
1845.6 127.607 0
1857.57 127.607 0
1869.62 127.607 0
1881.75 127.607 0
1893.96 127.607 0
1906.24 127.607 0
1918.61 127.607 0
1931.06 127.607 0
1943.58 127.607 0
1956.19 127.607 0
1968.88 127.607 0
1981.66 127.607 0
1994.51 127.607 0
2007.45 127.607 0
2020.47 127.607 0
2033.58 127.607 0
2046.77 127.607 0
2060.05 127.607 0
2073.42 127.607 0
2086.87 127.607 0
2100.41 127.607 0
2114.03 127.607 0
2127.75 127.607 0
2141.55 127.607 0
2155.44 127.607 0
2169.43 127.607 0
2183.5 127.607 0
2197.66 127.607 0
2211.92 127.607 0
2226.27 127.607 0
2240.71 127.607 0
2255.25 127.607 0
2269.88 127.607 0
2284.61 127.607 0
2299.43 127.607 0
2314.34 127.607 0
2329.36 127.607 0
2344.47 127.607 0
2359.68 127.607 0
2374.99 127.607 0
2390.39 127.607 0
2405.9 127.607 0
2421.51 127.607 0
2437.22 127.607 0
2453.03 127.607 0
2468.94 127.607 0
2484.96 127.607 0
2501.08 127.607 0
2517.31 127.607 0
2533.64 127.607 0
2550.07 127.607 0
2566.62 127.607 0
2583.27 127.607 0
2600.03 127.607 0
2616.89 127.607 0
2633.87 127.607 0
2650.96 127.607 0
2668.15 127.607 0
2685.46 127.607 0
2702.89 127.607 0
2720.42 127.607 0
2738.07 127.607 0
2755.83 127.607 0
2773.71 127.607 0
2791.7 127.607 0
2809.81 127.607 0
2828.04 127.607 0
2846.39 127.607 0
2864.85 127.607 0
2883.44 127.607 0
2902.15 127.607 0
2920.97 127.607 0
2939.92 127.607 0
2958.99 127.607 0
2978.19 127.607 0
2997.51 127.607 0
3016.96 127.607 0
3036.53 127.607 0
3056.23 127.607 0
3076.05 127.607 0
3096.01 127.607 0
3116.1 127.607 0
3136.31 127.607 0
3156.66 127.607 0
3177.14 127.607 0
3197.75 127.607 0
3218.49 127.607 0
3239.37 127.607 0
3260.39 127.607 0
3281.54 127.607 0
3302.83 127.607 0
3324.25 127.607 0
3345.82 127.607 0
3367.52 127.607 0
3389.37 127.607 0
3411.36 127.607 0
3433.49 127.607 0
3455.76 127.607 0
3478.18 127.607 0
3500.75 127.607 0
3523.46 127.607 0
3546.31 127.607 0
3569.32 127.607 0
3592.48 127.607 0
3615.78 127.607 0
3639.24 127.607 0
3662.85 127.607 0
3686.61 127.607 0
3710.53 127.607 0
3734.6 127.607 0
3758.82 127.607 0
3783.21 127.607 0
3807.75 127.607 0
3832.45 127.607 0
3857.32 127.607 0
3882.34 127.607 0
3907.53 127.607 0
3932.88 127.607 0
3958.39 127.608 7.63639e-05
3984.07 127.611 0.00017581
4009.92 127.617 0.00028978
4035.93 127.627 0.000420499
4062.11 127.64 0.000570553
4088.47 127.657 0.00074294
4114.99 127.679 0.000941146
4141.68 127.707 0.00116922
4168.55 127.742 0.00143188
4195.6 127.785 0.00173461
4222.81 127.837 0.00208379
4250.21 127.9 0.00248688
4277.78 127.975 0.00295255
4305.53 128.064 0.00349094
4333.46 128.17 0.00411386
4361.58 128.296 0.00483511
4389.87 128.445 0.00567078
4418.35 128.62 0.00663969
4447.01 128.827 0.00776377
4475.86 129.069 0.00906866
4504.9 129.355 0.0105842
4534.12 129.69 0.0123454
4563.54 130.083 0.0143927
4593.14 130.544 0.0167733
4622.94 131.085 0.0195422
4652.93 131.72 0.0227629
4683.12 132.463 0.0265089
4713.5 133.335 0.0308648
4744.08 134.356 0.0359278
4774.85 135.552 0.0418087
4805.83 136.953 0.0486331
4837.01 138.593 0.0565423
4868.39 140.51 0.0656939
4899.97 142.752 0.076261
4931.76 145.37 0.0884312
4963.75 148.423 0.102404
4995.95 151.977 0.118386
5028.36 156.109 0.136584
5060.98 160.901 0.157195
5093.82 166.443 0.180395
5126.86 172.833 0.206324
5160.12 180.173 0.235067
5193.6 188.57 0.266635
5227.29 198.132 0.30095
5261.2 208.963 0.337825
5295.33 221.161 0.376962
5329.68 234.815 0.417944
5364.26 249.997 0.460251
5399.06 266.762 0.50328
5434.09 285.144 0.546375
5469.34 305.155 0.58887
5504.82 326.781 0.630125
5540.53 349.988 0.669568
5576.48 374.722 0.706723
5612.65 400.913 0.741228
5649.06 428.478 0.772847
5685.71 457.325 0.801461
5722.6 487.359 0.827058
5759.72 518.484 0.849719
5797.09 550.605 0.869588
5834.69 583.633 0.886862
5872.55 617.484 0.901764
5910.64 652.082 0.914532
5948.99 687.358 0.925406
5987.58 723.25 0.934617
6026.42 759.705 0.942382
6065.52 796.675 0.9489
6104.87 834.121 0.954349
6144.47 872.007 0.958891
6184.33 910.305 0.962664
6224.45 948.99 0.965789
6264.83 988.041 0.968372
6305.48 1027.44 0.970501
6346.38 1067.18 0.972252
6387.55 1107.23 0.97369
6428.99 1147.61 0.974867
6470.7 1188.29 0.97583
6512.68 1229.27 0.976617
6554.93 1270.54 0.977257
6597.45 1312.11 0.977779
6640.25 1353.97 0.978202
6683.33 1396.11 0.978545
6726.69 1438.55 0.978823
6770.32 1481.27 0.979048
6814.25 1524.27 0.97923
6858.45 1567.56 0.979376
6902.95 1611.14 0.979494
6947.73 1655.01 0.979588
6992.8 1699.16 0.979664
7038.16 1743.6 0.979725
7083.82 1788.34 0.979774
7129.78 1833.36 0.979813
7176.03 1878.69 0.979844
7222.59 1924.3 0.979868
7269.44 1970.21 0.979888
7316.6 2016.42 0.979903
7364.07 2062.94 0.979916
7411.84 2109.75 0.979926
7459.92 2156.87 0.979933
7508.32 2204.29 0.979939
7557.03 2252.03 0.979944
7606.05 2300.07 0.979948
7655.39 2348.42 0.979951
7705.06 2397.09 0.979953
7755.04 2446.07 0.979955
7805.35 2495.37 0.979957
7855.99 2544.99 0.979958
7906.95 2594.94 0.979959
7958.25 2645.2 0.979959
8009.88 2695.8 0.97996
8061.84 2746.72 0.97996
8114.14 2797.97 0.97996
8166.78 2849.56 0.979961
8219.76 2901.48 0.979961
8273.08 2953.73 0.979961
8326.76 3006.33 0.979961
8380.77 3059.26 0.979961
8435.14 3112.54 0.979961
8489.86 3166.17 0.979961
8544.94 3220.14 0.979961
8600.38 3274.46 0.979961
8656.17 3329.14 0.979961
8712.32 3384.17 0.979961
8768.84 3439.56 0.979961
8825.73 3495.3 0.979961
8882.99 3551.41 0.979961
8940.61 3607.88 0.979961
8998.61 3664.72 0.979961
9056.99 3721.93 0.979961
9115.75 3779.51 0.979961
9174.89 3837.46 0.979961
9234.41 3895.79 0.979961
9294.31 3954.5 0.979961
9354.61 4013.58 0.979961
9415.29 4073.05 0.979961
9476.38 4132.91 0.979961
9537.85 4193.15 0.979961
9599.73 4253.79 0.979961
9662 4314.82 0.979961
9724.68 4376.24 0.979961
9787.77 4438.07 0.979961
9851.27 4500.29 0.979961
9915.18 4562.92 0.979961
9979.5 4625.95 0.979961
10044.2 4689.4 0.979961
10109.4 4753.25 0.979961
10175 4817.52 0.979961
10241 4882.21 0.979961
10307.4 4947.31 0.979961
10374.3 5012.84 0.979961
10441.6 5078.79 0.979961
10509.3 5145.17 0.979961
10577.5 5211.99 0.979961
10646.1 5279.23 0.979961
10715.2 5346.91 0.979961
10784.7 5415.03 0.979961
10854.7 5483.59 0.979961
10925.1 5552.6 0.979961
10996 5622.06 0.979961
11067.3 5691.96 0.979961
11139.1 5762.32 0.979961
11211.4 5833.14 0.979961
11284.1 5904.41 0.979961
11357.3 5976.15 0.979961
11431 6048.35 0.979961
11505.1 6121.02 0.979961
11579.8 6194.16 0.979961
11654.9 6267.78 0.979961
11730.5 6341.87 0.979961
11806.6 6416.45 0.979961
11883.2 6491.51 0.979961
11960.3 6567.05 0.979961
12037.9 6643.09 0.979961
12116 6719.62 0.979961
12194.6 6796.65 0.979961
12273.7 6874.17 0.979961
12353.3 6952.2 0.979961
12433.5 7030.73 0.979961
12514.1 7109.78 0.979961
12595.3 7189.33 0.979961
12677 7269.41 0.979961
12759.2 7350 0.979961
12842 7431.11 0.979961
12925.3 7512.76 0.979961
13009.2 7594.93 0.979961
13093.6 7677.63 0.979961
13178.5 7760.87 0.979961
13264 7844.65 0.979961
13350.1 7928.98 0.979961
13436.7 8013.85 0.979961
13523.8 8099.27 0.979961
13611.6 8185.24 0.979961
13699.9 8271.78 0.979961
13788.8 8358.87 0.979961
13878.2 8446.53 0.979961
13968.2 8534.76 0.979961
14058.9 8623.56 0.979961
14150.1 8712.94 0.979961
14241.9 8802.9 0.979961
14334.2 8893.44 0.979961
14427.2 8984.57 0.979961
14520.8 9076.28 0.979961
14615 9168.6 0.979961
14709.8 9261.51 0.979961
14805.3 9355.03 0.979961
14901.3 9449.15 0.979961
14998 9543.88 0.979961
15095.3 9639.23 0.979961
15193.2 9735.2 0.979961
15291.8 9831.79 0.979961
15391 9929 0.979961
15490.8 10026.8 0.979961
15591.3 10125.3 0.979961
15692.5 10224.4 0.979961
15794.3 10324.2 0.979961
15896.7 10424.6 0.979961
15999.9 10525.7 0.979961
16103.7 10627.4 0.979961
16208.1 10729.8 0.979961
16313.3 10832.8 0.979961
16419.1 10936.5 0.979961
16525.6 11040.9 0.979961
16632.8 11146 0.979961
16740.7 11251.7 0.979961
16849.3 11358.1 0.979961
16958.7 11465.3 0.979961
17068.7 11573.1 0.979961
17179.4 11681.6 0.979961
17290.8 11790.8 0.979961
17403 11900.7 0.979961
17515.9 12011.4 0.979961
17629.6 12122.7 0.979961
17743.9 12234.8 0.979961
17859 12347.6 0.979961
17974.9 12461.1 0.979961
18091.5 12575.4 0.979961
18208.9 12690.4 0.979961
18327 12806.2 0.979961
18445.9 12922.7 0.979961
18565.5 13040 0.979961
18686 13158 0.979961
18807.2 13276.8 0.979961
18929.2 13396.3 0.979961
19052 13516.7 0.979961
19175.6 13637.8 0.979961
19300 13759.7 0.979961
19425.2 13882.4 0.979961
19551.2 14005.9 0.979961
19678.1 14130.2 0.979961
19805.7 14255.3 0.979961
19934.2 14381.2 0.979961
20063.5 14507.9 0.979961
20193.7 14635.5 0.979961
20324.7 14763.9 0.979961
20456.6 14893.1 0.979961
20589.3 15023.1 0.979961
20722.8 15154 0.979961
20857.3 15285.8 0.979961
20992.6 15418.4 0.979961
21128.8 15551.8 0.979961
21265.8 15686.1 0.979961
21403.8 15821.3 0.979961
21542.7 15957.4 0.979961
21682.4 16094.4 0.979961
21823.1 16232.2 0.979961
21964.6 16370.9 0.979961
22107.1 16510.6 0.979961
22250.6 16651.1 0.979961
22394.9 16792.6 0.979961
22540.2 16934.9 0.979961
22686.4 17078.2 0.979961
22833.6 17222.5 0.979961
22981.7 17367.6 0.979961
23130.8 17513.7 0.979961
23280.9 17660.8 0.979961
23431.9 17808.8 0.979961
23583.9 17957.7 0.979961
23736.9 18107.7 0.979961
23890.9 18258.6 0.979961
24045.9 18410.5 0.979961
24201.9 18563.3 0.979961
24358.9 18717.2 0.979961
24516.9 18872.1 0.979961
24676 19027.9 0.979961
24836 19184.8 0.979961
24997.2 19342.7 0.979961
25159.3 19501.6 0.979961
25322.5 19661.5 0.979961
25486.8 19822.5 0.979961
25652.2 19984.6 0.979961
25818.6 20147.6 0.979961
25986.1 20311.8 0.979961
26154.7 20477 0.979961
26324.3 20643.3 0.979961
26495.1 20810.6 0.979961
26667 20979 0.979961
26840 21148.6 0.979961
27014.1 21319.2 0.979961
27189.4 21490.9 0.979961
27365.7 21663.8 0.979961
27543.3 21837.8 0.979961
27722 22012.9 0.979961
27901.8 22189.1 0.979961
28082.8 22366.5 0.979961
28265 22545 0.979961
28448.4 22724.7 0.979961
28632.9 22905.6 0.979961
28818.7 23087.6 0.979961
29005.6 23270.8 0.979961
29193.8 23455.2 0.979961
29383.2 23640.8 0.979961
29573.8 23827.6 0.979961
29765.7 24015.6 0.979961
29958.8 24204.8 0.979961
30153.1 24395.3 0.979961
30348.7 24587 0.979961
30545.6 24779.9 0.979961
30743.8 24974.1 0.979961
30943.2 25169.6 0.979961
31143.9 25366.3 0.979961
31346 25564.3 0.979961
31549.3 25763.6 0.979961
31754 25964.1 0.979961
31960 26166 0.979961
32167.3 26369.2 0.979961
32376 26573.7 0.979961
32586.1 26779.5 0.979961
32797.5 26986.7 0.979961
33010.2 27195.2 0.979961
33224.4 27405 0.979961
33439.9 27616.3 0.979961
33656.9 27828.8 0.979961
33875.2 28042.8 0.979961
34095 28258.2 0.979961
34316.1 28474.9 0.979961
34538.8 28693.1 0.979961
34762.8 28912.7 0.979961
34988.3 29133.7 0.979961
35215.3 29356.1 0.979961
35443.8 29580 0.979961
35673.7 29805.3 0.979961
35905.1 30032.1 0.979961
36138.1 30260.4 0.979961
36372.5 30490.1 0.979961
36608.5 30721.3 0.979961
36846 30954.1 0.979961
37085 31188.3 0.979961
37325.6 31424.1 0.979961
37567.7 31661.4 0.979961
37811.4 31900.2 0.979961
38056.7 32140.6 0.979961
38303.6 32382.5 0.979961
38552.1 32626 0.979961
38802.2 32871.1 0.979961
39053.9 33117.8 0.979961
39307.3 33366.1 0.979961
39562.3 33616 0.979961
39819 33867.5 0.979961
40077.3 34120.6 0.979961
40337.3 34375.4 0.979961
40599 34631.8 0.979961
40862.3 34889.9 0.979961
41127.4 35149.7 0.979961
41394.2 35411.2 0.979961
41662.8 35674.3 0.979961
41933.1 35939.2 0.979961
42205.1 36205.8 0.979961
42478.9 36474.1 0.979961
42754.5 36744.2 0.979961
43031.8 37016 0.979961
43311 37289.5 0.979961
43592 37564.9 0.979961
43874.8 37842 0.979961
44159.4 38120.9 0.979961
44445.9 38401.7 0.979961
44734.2 38684.2 0.979961
45024.4 38968.6 0.979961
45316.5 39254.9 0.979961
45610.5 39542.9 0.979961
45906.4 39832.9 0.979961
46204.2 40124.7 0.979961
46503.9 40418.5 0.979961
46805.6 40714.1 0.979961
47109.3 41011.7 0.979961
47414.9 41311.2 0.979961
47722.5 41612.6 0.979961
48032.1 41916 0.979961
48343.7 42221.4 0.979961
48657.3 42528.7 0.979961
48972.9 42838 0.979961
49290.7 43149.4 0.979961
49610.4 43462.7 0.979961
49932.3 43778.1 0.979961
50256.2 44095.6 0.979961
50582.2 44415 0.979961
50910.4 44736.6 0.979961
51240.6 45060.3 0.979961
51573.1 45386 0.979961
51907.6 45713.9 0.979961
52244.4 46043.9 0.979961
52583.3 46376 0.979961
52924.4 46710.3 0.979961
53267.8 47046.8 0.979961
53613.3 47385.4 0.979961
53961.1 47726.3 0.979961
54311.2 48069.3 0.979961
54663.5 48414.6 0.979961
55018.2 48762.1 0.979961
55375.1 49111.9 0.979961
55734.3 49463.9 0.979961
56095.9 49818.2 0.979961
