5.78741e-09 5.95396e-15 4.29514e-06
5.8738e-08 3.33166e-13 8.58285e-06
5.86595e-07 1.45059e-11 3.56977e-05
4.6076e-06 3.38009e-10 8.97843e-05
5.86875e-06 4.61297e-10 0.000114002
2.3369e-05 3.31505e-09 0.000192532
7.39119e-05 1.62978e-08 0.000292274
0.000147358 4.17301e-08 0.000330144
0.000152693 4.34471e-08 0.000292479
0.000165528 4.67976e-08 0.000304172
0.000294481 1.01986e-07 0.000463041
0.000466785 1.89679e-07 0.00054542
0.000739961 3.52227e-07 0.00041641
0.000792747 3.70702e-07 0.000446592
0.000859333 4.13069e-07 0.00055442
0.000931697 4.48502e-07 0.00055104
0.00117285 6.10601e-07 0.000697128
0.00147667 8.31244e-07 0.000750516
0.0017323 1.02935e-06 0.000535855
0.00185963 1.08409e-06 0.000525282
0.00294795 2.00733e-06 0.000908255
0.00467391 3.71532e-06 0.00105104
0.00633042 5.56999e-06 0.00091467
0.0070765 6.16755e-06 0.00093479
0.00933155 8.92099e-06 0.00127133
0.0117504 1.21316e-05 0.00137956
0.0154948 1.7543e-05 0.00122736
0.0177925 2.00421e-05 0.00125466
0.0234638 2.89812e-05 0.00164107
0.0295474 3.94039e-05 0.00177172
0.0354913 5.03041e-05 0.00128079
0.0389653 5.38549e-05 0.00125817
0.0549487 8.51279e-05 0.00191362
0.0590129 9.27925e-05 0.00199187
0.0713035 0.000119369 0.00114686
0.0787306 0.000125461 0.00110854
0.10265 0.000178607 0.00176378
0.112568 0.000193736 0.00180901
0.132297 0.000240204 0.00240921
0.146764 0.000275794 0.00181491
0.15911 0.000293738 0.00177613
0.191354 0.000375514 0.00260957
0.227502 0.000472769 0.000973271
0.245257 0.000484229 0.000805937
0.256566 0.000495831 0.00103354
0.268397 0.000508152 0.00104919
0.280773 0.000521236 0.00106507
0.293719 0.00053513 0.0010812
0.307263 0.000549885 0.00109757
0.321432 0.000565555 0.00111419
0.336253 0.000582195 0.00113106
0.351758 0.000599866 0.00114818
0.367978 0.000618631 0.00116556
0.384946 0.000638559 0.00118321
0.402697 0.000659722 0.00120112
0.421266 0.000682195 0.00121931
0.440691 0.000706061 0.00123777
0.461012 0.000731406 0.00125651
0.48227 0.00075832 0.00127553
0.504508 0.000786902 0.00129484
0.527771 0.000817254 0.00131445
0.552107 0.000849487 0.00133435
0.577566 0.000883717 0.00135455
0.604198 0.000920067 0.00137506
0.632059 0.000958668 0.00139588
0.661204 0.000999662 0.00141701
0.691693 0.00104319 0.00143847
0.723588 0.00108942 0.00146024
0.756953 0.00113852 0.00148235
0.791857 0.00119065 0.00150479
0.828371 0.00124602 0.00152758
0.866568 0.00130481 0.00155071
0.906527 0.00136725 0.00157418
0.948328 0.00143355 0.00159802
0.992057 0.00150396 0.00162221
1.0378 0.00157874 0.00164677
1.08566 0.00165815 0.0016717
1.13572 0.00174247 0.00169701
1.18809 0.00183202 0.00172271
1.24287 0.00192712 0.00174879
1.30018 0.00202811 0.00177526
1.36014 0.00213535 0.00180214
1.42285 0.00224924 0.00182943
1.48846 0.00237018 0.00185712
1.5571 0.00249862 0.00188524
1.6289 0.00263501 0.00191378
1.70401 0.00277985 0.00194276
1.78258 0.00293367 0.00197217
1.86478 0.00309701 0.00200203
1.95077 0.00327047 0.00203234
2.04072 0.00345468 0.00206311
2.13482 0.0036503 0.00209435
2.23326 0.00385804 0.00212606
2.33624 0.00407865 0.00215824
2.44396 0.00431292 0.00219092
2.55666 0.00456171 0.00222409
2.67455 0.00482591 0.00225776
2.79788 0.00510648 0.00229195
2.92689 0.00540443 0.00232665
3.06185 0.00572083 0.00236187
3.20304 0.00605684 0.00239763
3.35074 0.00641366 0.00243393
3.50524 0.00679259 0.00247078
3.66688 0.00719499 0.00250819
3.83596 0.00762232 0.00254616
4.01284 0.00807613 0.00258471
4.19788 0.00855804 0.00262385
4.39145 0.00906982 0.00266357
4.59395 0.00961329 0.0027039
4.80578 0.0101904 0.00274483
5.02738 0.0108033 0.00278639
5.2592 0.0114542 0.00282858
5.50171 0.0121454 0.0028714
5.7554 0.0128794 0.00291488
6.02079 0.0136589 0.00295901
6.29841 0.0144866 0.00300381
6.58884 0.0153657 0.00304928
6.89266 0.0162992 0.00309545
7.21049 0.0172905 0.00314232
7.54298 0.0183433 0.00318989
7.8908 0.0194612 0.00323819
8.25465 0.0206484 0.00328721
8.63529 0.0219092 0.00333698
9.03347 0.0232481 0.0033875
9.45002 0.0246699 0.00343879
9.88577 0.0261798 0.00349085
10.3416 0.0277832 0.00354371
10.8185 0.029486 0.00359736
11.3173 0.0312942 0.00365182
11.8392 0.0332145 0.00370711
12.3851 0.0352537 0.00376324
12.9562 0.0374193 0.00382021
13.5536 0.039719 0.00387805
14.1786 0.0421611 0.00393677
14.8324 0.0447546 0.00399637
15.5164 0.0475087 0.00405687
16.2318 0.0504335 0.00411829
16.9803 0.0535394 0.00418065
17.7633 0.0568378 0.00424394
18.5824 0.0603405 0.0043082
19.4392 0.0640601 0.00437342
20.3356 0.0680102 0.00443964
21.2733 0.072205 0.00450685
22.2543 0.0766597 0.00457509
23.2804 0.0813904 0.00464435
24.3539 0.0864141 0.00471467
25.4769 0.091749 0.00478605
26.6517 0.0974144 0.00485851
27.8806 0.103431 0.00493207
29.1662 0.10982 0.00500674
30.5111 0.116605 0.00508254
31.9181 0.12381 0.00515949
33.3898 0.131462 0.00523761
34.9295 0.139587 0.00531691
36.5401 0.148216 0.0053974
38.225 0.15738 0.00547912
39.9877 0.167111 0.00556208
41.8315 0.177445 0.00564629
43.7605 0.188419 0.00573177
45.7783 0.200073 0.00581855
47.8892 0.212449 0.00590664
50.0974 0.225592 0.00599607
52.4075 0.239549 0.00608685
54.8241 0.254371 0.00617901
57.3521 0.27011 0.00627256
59.9967 0.286825 0.00636752
62.7632 0.304575 0.00646393
65.6573 0.323425 0.00656179
68.6849 0.343443 0.00666114
71.852 0.364701 0.00676199
75.1652 0.387275 0.00686552
75.1652 0.387275 0.00686451
75.6528 0.390651 0.00698215
76.1436 0.394107 0.00710175
76.6376 0.397646 0.00722336
77.1348 0.401268 0.00734701
77.6352 0.404975 0.00747276
78.1388 0.408771 0.00760063
78.6457 0.412657 0.00773067
79.1559 0.416635 0.00786292
79.6694 0.420707 0.00799743
80.1863 0.424876 0.00813423
80.7065 0.429144 0.00827339
81.23 0.433512 0.00841494
81.757 0.437985 0.00855893
82.2874 0.442563 0.00870541
82.8212 0.44725 0.00885443
83.3585 0.452048 0.00900604
83.8993 0.45696 0.00916029
84.4436 0.461989 0.00931724
84.9914 0.467137 0.00947693
85.5428 0.472407 0.00963944
86.0977 0.477802 0.0098048
86.6563 0.483325 0.00997309
87.2184 0.48898 0.0101444
87.7842 0.494769 0.0103187
88.3537 0.500696 0.0104961
88.9269 0.506764 0.0106766
89.5038 0.512976 0.0108604
90.0845 0.519337 0.0110475
90.6689 0.525849 0.011238
91.2571 0.532516 0.0114319
91.8491 0.539342 0.0116293
92.4449 0.546331 0.0118303
93.0447 0.553488 0.0120349
93.6483 0.560815 0.0122432
94.2558 0.568318 0.0124554
94.8673 0.576 0.0126714
95.4827 0.583866 0.0128914
96.1021 0.591921 0.0131154
96.7256 0.600168 0.0133436
97.3531 0.608614 0.013576
97.9847 0.617263 0.0138126
98.6203 0.62612 0.0140537
99.2601 0.63519 0.0142993
99.904 0.644478 0.0145494
100.552 0.65399 0.0148042
101.204 0.663732 0.0150638
101.861 0.673709 0.0153282
102.522 0.683927 0.0155976
103.187 0.694392 0.0158721
103.856 0.705111 0.0161518
104.53 0.716089 0.0164368
105.208 0.727334 0.0167272
105.891 0.738852 0.0170231
106.578 0.750649 0.0173247
107.269 0.762734 0.017632
107.965 0.775113 0.0179452
108.665 0.787793 0.0182644
109.37 0.800784 0.0185897
110.08 0.814091 0.0189214
110.794 0.827724 0.0192594
111.513 0.841691 0.0196039
112.236 0.856 0.0199551
112.964 0.87066 0.0203132
113.697 0.88568 0.0206782
114.435 0.901069 0.0210503
115.177 0.916837 0.0214297
115.924 0.932994 0.0218165
116.676 0.949549 0.0222108
117.433 0.966513 0.0226129
118.195 0.983896 0.023023
118.962 1.00171 0.0234411
119.734 1.01997 0.0238674
120.51 1.03867 0.0243022
121.292 1.05785 0.0247456
122.079 1.0775 0.0251978
122.871 1.09763 0.0256589
123.668 1.11827 0.0261292
124.47 1.13943 0.0266089
125.278 1.16111 0.0270982
126.091 1.18334 0.0275972
126.909 1.20612 0.0281063
127.732 1.22948 0.0286255
128.561 1.25342 0.0291551
129.395 1.27796 0.0296954
130.234 1.30311 0.0302466
131.079 1.32891 0.0308088
131.929 1.35535 0.0313824
132.785 1.38246 0.0319676
133.646 1.41025 0.0325646
134.513 1.43875 0.0331737
135.386 1.46797 0.0337951
136.264 1.49793 0.0344291
137.148 1.52865 0.035076
138.038 1.56016 0.035736
138.934 1.59246 0.0364095
139.835 1.62558 0.0370966
140.742 1.65955 0.0377977
141.655 1.69439 0.0385132
142.574 1.73012 0.0392432
143.499 1.76676 0.0399881
144.43 1.80434 0.0407482
145.367 1.84288 0.0415239
146.31 1.88242 0.0423154
147.259 1.92296 0.043123
148.215 1.96455 0.0439473
149.176 2.00722 0.0447883
150.144 2.05097 0.0456466
151.118 2.09586 0.0465225
152.098 2.14191 0.0474162
153.085 2.18915 0.0483283
154.078 2.2376 0.0492591
155.078 2.28732 0.0502089
156.084 2.33832 0.0511781
157.096 2.39064 0.0521672
158.115 2.44432 0.0531766
159.141 2.49939 0.0542065
160.173 2.5559 0.0552576
161.213 2.61387 0.0563301
162.258 2.67336 0.0574245
163.311 2.73439 0.0585413
164.37 2.79702 0.0596808
165.437 2.86128 0.0608436
166.51 2.92721 0.0620301
167.59 2.99487 0.0632407
168.678 3.0643 0.0644758
169.772 3.13554 0.0657361
170.873 3.20865 0.0670219
171.982 3.28367 0.0683338
173.097 3.36066 0.0696722
174.22 3.43967 0.0710376
175.351 3.52074 0.0724305
176.488 3.60394 0.0738514
177.633 3.68933 0.0753009
178.785 3.77696 0.0767794
179.945 3.86688 0.0782875
181.113 3.95917 0.0798258
182.288 4.05388 0.0813946
183.47 4.15108 0.0829946
184.66 4.25084 0.0846263
185.858 4.35321 0.0862903
187.064 4.45828 0.087987
188.278 4.5661 0.0897171
189.499 4.67676 0.091481
190.728 4.79033 0.0932794
191.966 4.90688 0.0951128
193.211 5.0265 0.0969817
194.464 5.14925 0.0988867
195.726 5.27522 0.100828
196.996 5.40451 0.102807
198.274 5.53718 0.104824
199.56 5.67334 0.106879
200.855 5.81306 0.108972
202.158 5.95644 0.111105
203.469 6.10358 0.113279
204.789 6.25456 0.115492
206.118 6.40949 0.117746
207.455 6.56848 0.120042
208.801 6.73161 0.12238
210.155 6.89899 0.124761
211.519 7.07074 0.127185
212.891 7.24695 0.129652
214.272 7.42775 0.132163
215.662 7.61324 0.134718
217.061 7.80353 0.137318
218.469 7.99876 0.139964
219.886 8.19904 0.142655
221.313 8.40449 0.145393
222.749 8.61523 0.148176
224.194 8.8314 0.151007
225.648 9.05312 0.153885
227.112 9.28052 0.15681
228.585 9.51375 0.159783
230.068 9.75294 0.162804
231.561 9.99822 0.165873
233.063 10.2497 0.16899
234.575 10.5076 0.172156
236.097 10.7721 0.175371
237.628 11.0432 0.178634
239.17 11.3211 0.181946
240.722 11.606 0.185306
242.283 11.8981 0.188716
243.855 12.1974 0.192173
245.437 12.5042 0.19568
247.029 12.8186 0.199234
248.632 13.1407 0.202836
250.245 13.4709 0.206486
251.868 13.8091 0.210183
253.502 14.1556 0.213927
255.147 14.5105 0.217717
256.802 14.874 0.221552
258.468 15.2464 0.225433
260.145 15.6277 0.229358
261.832 16.0181 0.233326
263.531 16.4178 0.237337
265.24 16.827 0.241389
266.961 17.2459 0.245483
268.693 17.6746 0.249615
270.436 18.1134 0.253786
272.191 18.5623 0.257993
273.956 19.0216 0.262236
275.734 19.4915 0.266513
277.522 19.9721 0.270821
279.323 20.4636 0.275161
281.135 20.9661 0.279529
282.959 21.4799 0.283923
284.794 22.0052 0.288342
286.642 22.542 0.292783
288.501 23.0906 0.297245
290.373 23.6511 0.301723
292.257 24.2237 0.306217
294.153 24.8086 0.310723
296.061 25.4058 0.315238
297.982 26.0156 0.31976
299.915 26.6382 0.324285
301.86 27.2735 0.32881
303.819 27.9218 0.333331
305.79 28.5833 0.337846
307.773 29.2579 0.34235
309.77 29.946 0.34684
311.78 30.6475 0.351311
313.802 31.3625 0.35576
315.838 32.0913 0.360182
317.887 32.8338 0.364574
319.949 33.5901 0.36893
322.025 34.3603 0.373246
324.114 35.1445 0.377516
326.217 35.9428 0.381738
328.333 36.755 0.385904
330.463 37.5814 0.39001
332.607 38.4218 0.394051
334.764 39.2764 0.398022
336.936 40.145 0.401916
339.122 41.0277 0.405729
341.322 41.9244 0.409454
343.536 42.8351 0.413086
345.765 43.7596 0.416619
348.008 44.698 0.420047
350.266 45.6501 0.423365
352.538 46.6157 0.426565
354.825 47.5948 0.429641
357.127 48.5872 0.432589
359.444 49.5926 0.435401
361.776 50.611 0.438071
364.123 51.6421 0.440594
366.485 52.6857 0.442962
368.862 53.7415 0.44517
371.255 54.8092 0.447212
373.664 55.8885 0.449082
376.088 56.9792 0.450774
378.528 58.0808 0.452281
380.983 59.1931 0.453599
383.455 60.3156 0.454721
385.942 61.4479 0.455643
388.446 62.5896 0.456358
390.966 63.7403 0.456862
393.502 64.8994 0.45715
396.055 66.0665 0.457217
398.625 67.241 0.457058
401.211 68.4225 0.456671
403.813 69.6103 0.45605
406.433 70.8039 0.455192
409.07 72.0026 0.454094
411.724 73.2059 0.452753
414.395 74.4131 0.451166
417.083 75.6235 0.449332
419.789 76.8365 0.447248
422.512 78.0513 0.444913
425.253 79.2672 0.442327
428.012 80.4836 0.439489
430.788 81.6996 0.436399
433.583 82.9146 0.433058
436.396 84.1276 0.429466
439.227 85.338 0.425625
442.076 86.545 0.421538
444.944 87.7477 0.417206
447.831 88.9454 0.412634
450.736 90.1372 0.407825
453.66 91.3223 0.402782
456.603 92.5 0.397512
459.565 93.6693 0.392019
462.547 94.8296 0.386308
465.547 95.9799 0.380388
468.567 97.1195 0.374264
471.607 98.2475 0.367945
474.667 99.3633 0.361437
477.746 100.466 0.354751
480.845 101.555 0.347894
483.965 102.629 0.340877
487.104 103.688 0.333709
490.264 104.731 0.326401
493.445 105.757 0.318963
496.646 106.766 0.311407
499.868 107.757 0.303744
503.111 108.73 0.295986
506.375 109.683 0.288146
509.66 110.617 0.280234
512.966 111.53 0.272265
516.294 112.423 0.26425
519.643 113.294 0.256202
523.014 114.144 0.248134
526.407 114.973 0.240059
529.822 115.779 0.23199
533.26 116.562 0.22394
536.719 117.323 0.21592
540.201 118.061 0.207945
543.705 118.776 0.200025
547.233 119.467 0.192173
550.783 120.136 0.184401
554.356 120.781 0.17672
557.952 121.403 0.169141
561.572 122.002 0.161675
565.215 122.577 0.154332
568.882 123.13 0.147121
572.572 123.66 0.140051
576.287 124.167 0.133132
580.025 124.652 0.12637
583.788 125.115 0.119774
587.575 125.557 0.11335
591.387 125.977 0.107104
595.224 126.376 0.101042
599.085 126.755 0.0951675
602.971 127.114 0.0894853
606.883 127.453 0.0839985
610.82 127.774 0.0787097
614.783 128.075 0.0736209
618.771 128.359 0.0687333
622.785 128.626 0.0640474
626.826 128.875 0.0595633
630.892 129.109 0.0552801
634.985 129.327 0.0511966
639.104 129.53 0.0473108
643.25 129.718 0.0436203
647.423 129.893 0.0401221
651.623 130.055 0.0368127
655.851 130.204 0.0336881
660.105 130.341 0.030744
664.388 130.466 0.0279756
668.698 130.581 0.0253779
673.036 130.686 0.0229453
677.402 130.781 0.0206722
681.797 130.868 0.0185528
686.22 130.945 0.0165809
690.671 131.015 0.0147504
695.152 131.077 0.0130548
699.662 131.133 0.0114878
704.201 131.182 0.010043
708.769 131.224 0.00871397
713.367 131.262 0.00749425
717.995 131.294 0.00637756
722.653 131.321 0.00535766
727.341 131.344 0.00442846
732.06 131.363 0.003584
736.809 131.378 0.00281848
741.589 131.39 0.0021263
746.4 131.399 0.00150206
751.242 131.405 0.000940568
756.115 131.408 0.000436863
761.021 131.409 0
765.958 131.409 0
770.927 131.409 0
775.928 131.409 0
780.962 131.409 0
786.028 131.409 0
791.127 131.409 0
796.26 131.409 0
801.425 131.409 0
806.624 131.409 0
811.857 131.409 0
817.124 131.409 0
822.425 131.409 0
827.76 131.409 0
833.13 131.409 0
838.535 131.409 0
843.975 131.409 0
849.45 131.409 0
854.961 131.409 0
860.507 131.409 0
866.09 131.409 0
871.708 131.409 0
877.363 131.409 0
883.055 131.409 0
888.784 131.409 0
894.55 131.409 0
900.353 131.409 0
906.194 131.409 0
912.073 131.409 0
917.99 131.409 0
923.945 131.409 0
929.939 131.409 0
935.972 131.409 0
942.044 131.409 0
948.155 131.409 0
954.306 131.409 0
960.497 131.409 0
966.728 131.409 0
973 131.409 0
979.312 131.409 0
985.665 131.409 0
992.059 131.409 0
998.495 131.409 0
1004.97 131.409 0
1011.49 131.409 0
1018.05 131.409 0
1024.66 131.409 0
1031.31 131.409 0
1038 131.409 0
1044.73 131.409 0
1051.51 131.409 0
1058.33 131.409 0
1065.2 131.409 0
1072.11 131.409 0
1079.06 131.409 0
1086.06 131.409 0
1093.11 131.409 0
1100.2 131.409 0
1107.34 131.409 0
1114.52 131.409 0
1121.75 131.409 0
1129.03 131.409 0
1136.35 131.409 0
1143.72 131.409 0
1151.14 131.409 0
1158.61 131.409 0
1166.13 131.409 0
1173.69 131.409 0
1181.31 131.409 0
1188.97 131.409 0
1196.68 131.409 0
1204.45 131.409 0
1212.26 131.409 0
1220.12 131.409 0
1228.04 131.409 0
1236.01 131.409 0
1244.02 131.409 0
1252.09 131.409 0
1260.22 131.409 0
1268.39 131.409 0
1276.62 131.409 0
1284.9 131.409 0
1293.24 131.409 0
1301.63 131.409 0
1310.07 131.409 0
1318.57 131.409 0
1327.13 131.409 0
1335.74 131.409 0
1344.4 131.409 0
1353.12 131.409 0
1361.9 131.409 0
1370.74 131.409 0
1379.63 131.409 0
1388.58 131.409 0
1397.59 131.409 0
1406.65 131.409 0
1415.78 131.409 0
1424.96 131.409 0
1434.21 131.409 0
1443.51 131.409 0
1452.88 131.409 0
1462.3 131.409 0
1471.79 131.409 0
1481.34 131.409 0
1490.95 131.409 0
1500.62 131.409 0
1510.35 131.409 0
1520.15 131.409 0
1530.01 131.409 0
1539.94 131.409 0
1549.93 131.409 0
1559.98 131.409 0
1570.1 131.409 0
1580.29 131.409 0
1590.54 131.409 0
1600.86 131.409 0
1611.25 131.409 0
1621.7 131.409 0
1632.22 131.409 0
1642.81 131.409 0
1653.47 131.409 0
1664.19 131.409 0
1674.99 131.409 0
1685.85 131.409 0
1696.79 131.409 0
1707.8 131.409 0
1718.88 131.409 0
1730.03 131.409 0
1741.25 131.409 0
1752.55 131.409 0
1763.92 131.409 0
1775.36 131.409 0
1786.88 131.409 0
1798.47 131.409 0
1810.14 131.409 0
1821.88 131.409 0
1833.7 131.409 0
1845.6 131.409 0
1857.57 131.409 0
1869.62 131.409 0
1881.75 131.409 0
1893.96 131.409 0
1906.24 131.409 0
1918.61 131.409 0
1931.06 131.409 0
1943.58 131.409 0
1956.19 131.409 0
1968.88 131.409 0
1981.66 131.409 0
1994.51 131.409 0
2007.45 131.409 0
2020.47 131.409 0
2033.58 131.409 0
2046.77 131.409 0
2060.05 131.409 0
2073.42 131.409 0
2086.87 131.409 0
2100.41 131.409 0
2114.03 131.409 0
2127.75 131.409 0
2141.55 131.409 0
2155.44 131.409 0
2169.43 131.409 0
2183.5 131.409 0
2197.66 131.409 0
2211.92 131.409 0
2226.27 131.409 0
2240.71 131.409 0
2255.25 131.409 0
2269.88 131.409 0
2284.61 131.409 0
2299.43 131.409 0
2314.34 131.409 0
2329.36 131.409 0
2344.47 131.409 0
2359.68 131.409 0
2374.99 131.409 0
2390.39 131.409 0
2405.9 131.409 0
2421.51 131.409 0
2437.22 131.409 0
2453.03 131.409 0
2468.94 131.409 0
2484.96 131.409 0
2501.08 131.409 0
2517.31 131.409 0
2533.64 131.409 0
2550.07 131.409 0
2566.62 131.409 0
2583.27 131.409 0
2600.03 131.409 0
2616.89 131.409 0
2633.87 131.409 0
2650.96 131.409 0
2668.15 131.409 0
2685.46 131.409 0
2702.89 131.409 0
2720.42 131.409 0
2738.07 131.409 0
2755.83 131.409 0
2773.71 131.409 0
2791.7 131.409 0
2809.81 131.409 0
2828.04 131.409 0
2846.39 131.409 0
2864.85 131.409 0
2883.44 131.409 0
2902.15 131.409 0
2920.97 131.409 0
2939.92 131.409 0
2958.99 131.409 0
2978.19 131.409 0
2997.51 131.409 0
3016.96 131.409 0
3036.53 131.409 0
3056.23 131.409 0
3076.05 131.409 0
3096.01 131.409 0
3116.1 131.409 0
3136.31 131.409 0
3156.66 131.409 0
3177.14 131.409 0
3197.75 131.409 0
3218.49 131.409 0
3239.37 131.409 0
3260.39 131.409 0
3281.54 131.409 0
3302.83 131.409 0
3324.25 131.409 0
3345.82 131.409 0
3367.52 131.409 0
3389.37 131.409 0
3411.36 131.409 0
3433.49 131.409 0
3455.76 131.409 0
3478.18 131.409 0
3500.75 131.409 0
3523.46 131.409 0
3546.31 131.409 0
3569.32 131.409 0
3592.48 131.409 0
3615.78 131.409 0
3639.24 131.409 0
3662.85 131.409 0
3686.61 131.409 0
3710.53 131.409 0
3734.6 131.409 0
3758.82 131.409 0
3783.21 131.409 0
3807.75 131.409 0
3832.45 131.409 0
3857.32 131.409 0
3882.34 131.409 0
3907.53 131.409 0
3932.88 131.409 0
3958.39 131.409 0
3984.07 131.409 0
4009.92 131.409 0
4035.93 131.409 0
4062.11 131.409 0
4088.47 131.409 0
4114.99 131.409 0
4141.68 131.409 0
4168.55 131.409 0
4195.6 131.409 0
4222.81 131.409 0
4250.21 131.409 0
4277.78 131.409 0
4305.53 131.409 0
4333.46 131.409 0
4361.58 131.409 0
4389.87 131.409 0
4418.35 131.409 0
4447.01 131.409 0
4475.86 131.412 0.000242375
4504.9 131.428 0.000831711
4534.12 131.463 0.0015266
4563.54 131.519 0.0023466
4593.14 131.603 0.00331497
4622.94 131.719 0.00445938
4652.93 131.873 0.00581273
4683.12 132.073 0.00741409
4713.5 132.327 0.0093099
4744.08 132.646 0.0115552
4774.85 133.042 0.0142152
4805.83 133.532 0.0173668
4837.01 134.131 0.021101
4868.39 134.863 0.0255241
4899.97 135.752 0.0307607
4931.76 136.828 0.0369555
4963.75 138.127 0.0442752
4995.95 139.692 0.0529105
5028.36 141.572 0.0630765
5060.98 143.824 0.0750126
5093.82 146.516 0.0889799
5126.86 149.725 0.105256
5160.12 153.54 0.124127
5193.6 158.059 0.145873
5227.29 163.393 0.170751
5261.2 169.662 0.198969
5295.33 176.994 0.230661
5329.68 185.522 0.265851
5364.26 195.381 0.304426
5399.06 206.7 0.346111
5434.09 219.6 0.390455
5469.34 234.182 0.436834
5504.82 250.527 0.484479
5540.53 268.686 0.532518
5576.48 288.68 0.580039
5612.65 310.499 0.626158
5649.06 334.097 0.670082
5685.71 359.407 0.711162
5722.6 386.335 0.748925
5759.72 414.772 0.783084
5797.09 444.601 0.813528
5834.69 475.7 0.840297
5872.55 507.946 0.863552
5910.64 541.226 0.883537
5948.99 575.431 0.900548
5987.58 610.463 0.914907
6026.42 646.235 0.926939
6065.52 682.67 0.936956
6104.87 719.702 0.945249
6144.47 757.273 0.952081
6184.33 795.336 0.957684
6224.45 833.85 0.962263
6264.83 872.782 0.965992
6305.48 912.103 0.969019
6346.38 951.792 0.97147
6387.55 991.829 0.973449
6428.99 1032.2 0.975043
6470.7 1072.89 0.976325
6512.68 1113.9 0.977353
6554.93 1155.21 0.978177
6597.45 1196.82 0.978834
6640.25 1238.72 0.979359
6683.33 1280.92 0.979777
6726.69 1323.41 0.980109
6770.32 1366.19 0.980373
6814.25 1409.25 0.980582
6858.45 1452.6 0.980747
6902.95 1496.24 0.980877
6947.73 1540.17 0.98098
6992.8 1584.39 0.981061
7038.16 1628.89 0.981125
7083.82 1673.69 0.981175
7129.78 1718.78 0.981214
7176.03 1764.17 0.981244
7222.59 1809.85 0.981268
7269.44 1855.83 0.981287
7316.6 1902.1 0.981301
7364.07 1948.68 0.981313
7411.84 1995.56 0.981321
7459.92 2042.75 0.981328
7508.32 2090.24 0.981333
7557.03 2138.04 0.981337
7606.05 2186.15 0.98134
7655.39 2234.57 0.981343
7705.06 2283.31 0.981345
7755.04 2332.36 0.981346
7805.35 2381.73 0.981347
7855.99 2431.43 0.981348
7906.95 2481.44 0.981348
7958.25 2531.78 0.981349
8009.88 2582.44 0.981349
8061.84 2633.44 0.98135
8114.14 2684.76 0.98135
8166.78 2736.42 0.98135
8219.76 2788.41 0.98135
8273.08 2840.74 0.98135
8326.76 2893.41 0.98135
8380.77 2946.42 0.98135
8435.14 2999.78 0.98135
8489.86 3053.48 0.98135
8544.94 3107.53 0.98135
8600.38 3161.93 0.98135
8656.17 3216.68 0.98135
8712.32 3271.79 0.98135
8768.84 3327.26 0.98135
8825.73 3383.08 0.98135
8882.99 3439.27 0.98135
8940.61 3495.82 0.98135
8998.61 3552.74 0.98135
9056.99 3610.03 0.98135
9115.75 3667.69 0.98135
9174.89 3725.72 0.98135
9234.41 3784.13 0.98135
9294.31 3842.92 0.98135
9354.61 3902.09 0.98135
9415.29 3961.65 0.98135
9476.38 4021.59 0.98135
9537.85 4081.92 0.98135
9599.73 4142.64 0.98135
9662 4203.76 0.98135
9724.68 4265.27 0.98135
9787.77 4327.18 0.98135
9851.27 4389.49 0.98135
9915.18 4452.21 0.98135
9979.5 4515.33 0.98135
10044.2 4578.87 0.98135
10109.4 4642.81 0.98135
10175 4707.17 0.98135
10241 4771.95 0.98135
10307.4 4837.15 0.98135
10374.3 4902.77 0.98135
10441.6 4968.82 0.98135
10509.3 5035.29 0.98135
10577.5 5102.2 0.98135
10646.1 5169.54 0.98135
10715.2 5237.31 0.98135
10784.7 5305.53 0.98135
10854.7 5374.19 0.98135
10925.1 5443.3 0.98135
10996 5512.85 0.98135
11067.3 5582.85 0.98135
11139.1 5653.31 0.98135
11211.4 5724.23 0.98135
11284.1 5795.6 0.98135
11357.3 5867.44 0.98135
11431 5939.75 0.98135
11505.1 6012.52 0.98135
11579.8 6085.77 0.98135
11654.9 6159.49 0.98135
11730.5 6233.69 0.98135
11806.6 6308.37 0.98135
11883.2 6383.53 0.98135
11960.3 6459.19 0.98135
12037.9 6535.33 0.98135
12116 6611.97 0.98135
12194.6 6689.1 0.98135
12273.7 6766.74 0.98135
12353.3 6844.88 0.98135
12433.5 6923.52 0.98135
12514.1 7002.68 0.98135
12595.3 7082.35 0.98135
12677 7162.53 0.98135
12759.2 7243.24 0.98135
12842 7324.47 0.98135
12925.3 7406.23 0.98135
13009.2 7488.51 0.98135
13093.6 7571.34 0.98135
13178.5 7654.69 0.98135
13264 7738.59 0.98135
13350.1 7823.04 0.98135
13436.7 7908.03 0.98135
13523.8 7993.57 0.98135
13611.6 8079.67 0.98135
13699.9 8166.33 0.98135
13788.8 8253.54 0.98135
13878.2 8341.33 0.98135
13968.2 8429.68 0.98135
14058.9 8518.61 0.98135
14150.1 8608.11 0.98135
14241.9 8698.2 0.98135
14334.2 8788.87 0.98135
14427.2 8880.12 0.98135
14520.8 8971.97 0.98135
14615 9064.42 0.98135
14709.8 9157.46 0.98135
14805.3 9251.11 0.98135
14901.3 9345.37 0.98135
14998 9440.23 0.98135
15095.3 9535.72 0.98135
15193.2 9631.82 0.98135
15291.8 9728.54 0.98135
15391 9825.9 0.98135
15490.8 9923.88 0.98135
15591.3 10022.5 0.98135
15692.5 10121.8 0.98135
15794.3 10221.7 0.98135
15896.7 10322.2 0.98135
15999.9 10423.4 0.98135
16103.7 10525.3 0.98135
16208.1 10627.8 0.98135
16313.3 10731 0.98135
16419.1 10834.8 0.98135
16525.6 10939.4 0.98135
16632.8 11044.6 0.98135
16740.7 11150.5 0.98135
16849.3 11257.1 0.98135
16958.7 11364.3 0.98135
17068.7 11472.3 0.98135
17179.4 11581 0.98135
17290.8 11690.3 0.98135
17403 11800.4 0.98135
17515.9 11911.2 0.98135
17629.6 12022.7 0.98135
17743.9 12134.9 0.98135
17859 12247.9 0.98135
17974.9 12361.6 0.98135
18091.5 12476 0.98135
18208.9 12591.2 0.98135
18327 12707.1 0.98135
18445.9 12823.8 0.98135
18565.5 12941.3 0.98135
18686 13059.5 0.98135
18807.2 13178.4 0.98135
18929.2 13298.1 0.98135
19052 13418.7 0.98135
19175.6 13539.9 0.98135
19300 13662 0.98135
19425.2 13784.9 0.98135
19551.2 13908.6 0.98135
19678.1 14033 0.98135
19805.7 14158.3 0.98135
19934.2 14284.4 0.98135
20063.5 14411.3 0.98135
20193.7 14539 0.98135
20324.7 14667.6 0.98135
20456.6 14797 0.98135
20589.3 14927.2 0.98135
20722.8 15058.3 0.98135
20857.3 15190.2 0.98135
20992.6 15323 0.98135
21128.8 15456.7 0.98135
21265.8 15591.2 0.98135
21403.8 15726.6 0.98135
21542.7 15862.8 0.98135
21682.4 16000 0.98135
21823.1 16138 0.98135
21964.6 16277 0.98135
22107.1 16416.8 0.98135
22250.6 16557.5 0.98135
22394.9 16699.2 0.98135
22540.2 16841.8 0.98135
22686.4 16985.3 0.98135
22833.6 17129.7 0.98135
22981.7 17275.1 0.98135
23130.8 17421.4 0.98135
23280.9 17568.6 0.98135
23431.9 17716.8 0.98135
23583.9 17866 0.98135
23736.9 18016.2 0.98135
23890.9 18167.3 0.98135
24045.9 18319.4 0.98135
24201.9 18472.5 0.98135
24358.9 18626.5 0.98135
24516.9 18781.6 0.98135
24676 18937.7 0.98135
24836 19094.8 0.98135
24997.2 19252.9 0.98135
25159.3 19412.1 0.98135
25322.5 19572.2 0.98135
25486.8 19733.4 0.98135
25652.2 19895.7 0.98135
25818.6 20059 0.98135
25986.1 20223.4 0.98135
26154.7 20388.8 0.98135
26324.3 20555.3 0.98135
26495.1 20722.9 0.98135
26667 20891.6 0.98135
26840 21061.4 0.98135
27014.1 21232.2 0.98135
27189.4 21404.2 0.98135
27365.7 21577.3 0.98135
27543.3 21751.5 0.98135
27722 21926.9 0.98135
27901.8 22103.4 0.98135
28082.8 22281 0.98135
28265 22459.8 0.98135
28448.4 22639.7 0.98135
28632.9 22820.9 0.98135
28818.7 23003.1 0.98135
29005.6 23186.6 0.98135
29193.8 23371.3 0.98135
29383.2 23557.1 0.98135
29573.8 23744.2 0.98135
29765.7 23932.5 0.98135
29958.8 24122 0.98135
30153.1 24312.7 0.98135
30348.7 24504.7 0.98135
30545.6 24697.9 0.98135
30743.8 24892.3 0.98135
30943.2 25088.1 0.98135
31143.9 25285.1 0.98135
31346 25483.3 0.98135
31549.3 25682.9 0.98135
31754 25883.8 0.98135
31960 26085.9 0.98135
32167.3 26289.4 0.98135
32376 26494.2 0.98135
32586.1 26700.3 0.98135
32797.5 26907.7 0.98135
33010.2 27116.5 0.98135
33224.4 27326.7 0.98135
33439.9 27538.2 0.98135
33656.9 27751.1 0.98135
33875.2 27965.4 0.98135
34095 28181 0.98135
34316.1 28398.1 0.98135
34538.8 28616.6 0.98135
34762.8 28836.5 0.98135
34988.3 29057.8 0.98135
35215.3 29280.5 0.98135
35443.8 29504.7 0.98135
35673.7 29730.4 0.98135
35905.1 29957.5 0.98135
36138.1 30186.1 0.98135
36372.5 30416.1 0.98135
36608.5 30647.7 0.98135
36846 30880.8 0.98135
37085 31115.3 0.98135
37325.6 31351.4 0.98135
37567.7 31589.1 0.98135
37811.4 31828.2 0.98135
38056.7 32068.9 0.98135
38303.6 32311.2 0.98135
38552.1 32555.1 0.98135
38802.2 32800.5 0.98135
39053.9 33047.6 0.98135
39307.3 33296.2 0.98135
39562.3 33546.4 0.98135
39819 33798.3 0.98135
40077.3 34051.8 0.98135
40337.3 34306.9 0.98135
40599 34563.7 0.98135
40862.3 34822.2 0.98135
41127.4 35082.4 0.98135
41394.2 35344.2 0.98135
41662.8 35607.7 0.98135
41933.1 35873 0.98135
42205.1 36139.9 0.98135
42478.9 36408.6 0.98135
42754.5 36679.1 0.98135
43031.8 36951.2 0.98135
43311 37225.2 0.98135
43592 37500.9 0.98135
43874.8 37778.5 0.98135
44159.4 38057.8 0.98135
44445.9 38338.9 0.98135
44734.2 38621.9 0.98135
45024.4 38906.7 0.98135
45316.5 39193.3 0.98135
45610.5 39481.8 0.98135
45906.4 39772.2 0.98135
46204.2 40064.4 0.98135
46503.9 40358.6 0.98135
46805.6 40654.7 0.98135
47109.3 40952.6 0.98135
47414.9 41252.6 0.98135
47722.5 41554.4 0.98135
48032.1 41858.2 0.98135
48343.7 42164 0.98135
48657.3 42471.8 0.98135
48972.9 42781.6 0.98135
49290.7 43093.3 0.98135
49610.4 43407.2 0.98135
49932.3 43723 0.98135
50256.2 44040.9 0.98135
50582.2 44360.8 0.98135
50910.4 44682.8 0.98135
51240.6 45007 0.98135
51573.1 45333.2 0.98135
51907.6 45661.5 0.98135
52244.4 45992 0.98135
52583.3 46324.6 0.98135
52924.4 46659.3 0.98135
53267.8 46996.3 0.98135
53613.3 47335.4 0.98135
53961.1 47676.7 0.98135
54311.2 48020.3 0.98135
54663.5 48366 0.98135
55018.2 48714 0.98135
55375.1 49064.3 0.98135
55734.3 49416.8 0.98135
56095.9 49771.7 0.98135
