5.78741e-09 5.95396e-15 4.29514e-06
5.8738e-08 3.33166e-13 8.58285e-06
5.86595e-07 1.45059e-11 3.56977e-05
4.6076e-06 3.38009e-10 8.97843e-05
5.86875e-06 4.61297e-10 0.000114002
2.3369e-05 3.31505e-09 0.000192532
7.39119e-05 1.62978e-08 0.000292274
0.000147358 4.17301e-08 0.000330144
0.000152693 4.34471e-08 0.000292479
0.000165528 4.67976e-08 0.000304172
0.000294481 1.01986e-07 0.000463041
0.000466785 1.89679e-07 0.00054542
0.000739961 3.52227e-07 0.00041641
0.000792747 3.70702e-07 0.000446592
0.000859333 4.13069e-07 0.00055442
0.000931697 4.48502e-07 0.00055104
0.00117285 6.10601e-07 0.000697128
0.00147667 8.31244e-07 0.000750516
0.0017323 1.02935e-06 0.000535855
0.00185963 1.08409e-06 0.000525282
0.00294795 2.00733e-06 0.000908255
0.00467391 3.71532e-06 0.00105104
0.00633042 5.56999e-06 0.00091467
0.0070765 6.16755e-06 0.00093479
0.00933155 8.92099e-06 0.00127133
0.0117504 1.21316e-05 0.00137956
0.0154948 1.7543e-05 0.00122736
0.0177925 2.00421e-05 0.00125466
0.0234638 2.89812e-05 0.00164107
0.0295474 3.94039e-05 0.00177172
0.0354913 5.03041e-05 0.00128079
0.0389653 5.38549e-05 0.00125817
0.0549487 8.51279e-05 0.00191362
0.0590129 9.27925e-05 0.00199187
0.0713035 0.000119369 0.00114686
0.0787306 0.000125461 0.00110854
0.10265 0.000178607 0.00176378
0.112568 0.000193736 0.00180901
0.132297 0.000240204 0.00240921
0.146764 0.000275794 0.00181491
0.15911 0.000293738 0.00177613
0.191354 0.000375514 0.00260957
0.227502 0.000472769 0.000973271
0.245257 0.000484229 0.000805937
0.256566 0.000495831 0.00103354
0.268397 0.000508152 0.00104919
0.280773 0.000521236 0.00106507
0.293719 0.00053513 0.0010812
0.307263 0.000549885 0.00109757
0.321432 0.000565555 0.00111419
0.336253 0.000582195 0.00113106
0.351758 0.000599866 0.00114818
0.367978 0.000618631 0.00116556
0.384946 0.000638559 0.00118321
0.402697 0.000659722 0.00120112
0.421266 0.000682195 0.00121931
0.440691 0.000706061 0.00123777
0.461012 0.000731406 0.00125651
0.48227 0.00075832 0.00127553
0.504508 0.000786902 0.00129484
0.527771 0.000817254 0.00131445
0.552107 0.000849487 0.00133435
0.577566 0.000883717 0.00135455
0.604198 0.000920067 0.00137506
0.632059 0.000958668 0.00139588
0.661204 0.000999662 0.00141701
0.691693 0.00104319 0.00143847
0.723588 0.00108942 0.00146024
0.756953 0.00113852 0.00148235
0.791857 0.00119065 0.00150479
0.828371 0.00124602 0.00152758
0.866568 0.00130481 0.00155071
0.906527 0.00136725 0.00157418
0.948328 0.00143355 0.00159802
0.992057 0.00150396 0.00162221
1.0378 0.00157874 0.00164677
1.08566 0.00165815 0.0016717
1.13572 0.00174247 0.00169701
1.18809 0.00183202 0.00172271
1.24287 0.00192712 0.00174879
1.30018 0.00202811 0.00177526
1.36014 0.00213535 0.00180214
1.42285 0.00224924 0.00182943
1.48846 0.00237018 0.00185712
1.5571 0.00249862 0.00188524
1.6289 0.00263501 0.00191378
1.70401 0.00277985 0.00194276
1.78258 0.00293367 0.00197217
1.86478 0.00309701 0.00200203
1.95077 0.00327047 0.00203234
2.04072 0.00345468 0.00206311
2.13482 0.0036503 0.00209435
2.23326 0.00385804 0.00212606
2.33624 0.00407865 0.00215824
2.44396 0.00431292 0.00219092
2.55666 0.00456171 0.00222409
2.67455 0.00482591 0.00225776
2.79788 0.00510648 0.00229195
2.92689 0.00540443 0.00232665
3.06185 0.00572083 0.00236187
3.20304 0.00605684 0.00239763
3.35074 0.00641366 0.00243393
3.50524 0.00679259 0.00247078
3.66688 0.00719499 0.00250819
3.83596 0.00762232 0.00254616
4.01284 0.00807613 0.00258471
4.19788 0.00855804 0.00262385
4.39145 0.00906982 0.00266357
4.59395 0.00961329 0.0027039
4.80578 0.0101904 0.00274483
5.02738 0.0108033 0.00278639
5.2592 0.0114542 0.00282858
5.50171 0.0121454 0.0028714
5.7554 0.0128794 0.00291488
6.02079 0.0136589 0.00295901
6.29841 0.0144866 0.00300381
6.58884 0.0153657 0.00304928
6.89266 0.0162992 0.00309545
7.21049 0.0172905 0.00314232
7.54298 0.0183433 0.00318989
7.8908 0.0194612 0.00323819
8.25465 0.0206484 0.00328721
8.63529 0.0219092 0.00333698
9.03347 0.0232481 0.0033875
9.45002 0.0246699 0.00343879
9.88577 0.0261798 0.00349085
10.3416 0.0277832 0.00354371
10.8185 0.029486 0.00359736
11.3173 0.0312942 0.00365182
11.8392 0.0332145 0.00370711
12.3851 0.0352537 0.00376324
12.9562 0.0374193 0.00382021
13.5536 0.039719 0.00387805
14.1786 0.0421611 0.00393677
14.8324 0.0447546 0.00399637
15.5164 0.0475087 0.00405687
16.2318 0.0504335 0.00411829
16.9803 0.0535394 0.00418065
17.7633 0.0568378 0.00424394
18.5824 0.0603405 0.0043082
19.4392 0.0640601 0.00437342
20.3356 0.0680102 0.00443964
21.2733 0.072205 0.00450685
22.2543 0.0766597 0.00457509
23.2804 0.0813904 0.00464435
24.3539 0.0864141 0.00471467
25.4769 0.091749 0.00478605
26.6517 0.0974144 0.00485851
27.8806 0.103431 0.00493207
29.1662 0.10982 0.00500674
30.5111 0.116605 0.00508254
31.9181 0.12381 0.00515949
33.3898 0.131462 0.00523761
34.9295 0.139587 0.00531691
36.5401 0.148216 0.0053974
38.225 0.15738 0.00547912
39.9877 0.167111 0.00556208
41.8315 0.177445 0.00564629
43.7605 0.188419 0.00573177
45.7783 0.200073 0.00581855
47.8892 0.212449 0.00590664
50.0974 0.225592 0.00599607
52.4075 0.239549 0.00608685
54.8241 0.254371 0.00617901
57.3521 0.27011 0.00627256
59.9967 0.286825 0.00636752
62.7632 0.304575 0.00646393
65.6573 0.323425 0.00656179
68.6849 0.343443 0.00666114
71.852 0.364701 0.00676199
75.1652 0.387275 0.00686552
75.1652 0.387275 0.00686451
75.6528 0.390649 0.00697387
76.1436 0.394099 0.00708515
76.6376 0.397627 0.00719838
77.1348 0.401235 0.0073136
77.6352 0.404924 0.00743085
78.1388 0.408696 0.00755018
78.6457 0.412554 0.00767163
79.1559 0.4165 0.00779525
79.6694 0.420535 0.00792107
80.1863 0.424662 0.00804914
80.7065 0.428883 0.00817951
81.23 0.433201 0.00831223
81.757 0.437617 0.00844734
82.2874 0.442133 0.0085849
82.8212 0.446754 0.00872495
83.3585 0.45148 0.00886756
83.8993 0.456314 0.00901276
84.4436 0.46126 0.00916062
84.9914 0.46632 0.0093112
85.5428 0.471496 0.00946454
86.0977 0.476792 0.00962071
86.6563 0.48221 0.00977977
87.2184 0.487753 0.00994178
87.7842 0.493425 0.0101068
88.3537 0.499228 0.0102749
88.9269 0.505167 0.0104461
89.5038 0.511244 0.0106206
90.0845 0.517462 0.0107983
90.6689 0.523826 0.0109794
91.2571 0.530338 0.0111639
91.8491 0.537003 0.0113518
92.4449 0.543824 0.0115434
93.0447 0.550805 0.0117386
93.6483 0.557951 0.0119375
94.2558 0.565265 0.0121402
94.8673 0.572751 0.0123468
95.4827 0.580415 0.0125574
96.1021 0.58826 0.012772
96.7256 0.59629 0.0129907
97.3531 0.604512 0.0132137
97.9847 0.612929 0.0134411
98.6203 0.621547 0.0136728
99.2601 0.63037 0.0139091
99.904 0.639404 0.01415
100.552 0.648654 0.0143956
101.204 0.658127 0.014646
101.861 0.667826 0.0149013
102.522 0.677759 0.0151617
103.187 0.687931 0.0154272
103.856 0.698349 0.015698
104.53 0.709019 0.0159741
105.208 0.719947 0.0162558
105.891 0.73114 0.0165431
106.578 0.742605 0.0168361
107.269 0.754349 0.0171349
107.965 0.766379 0.0174398
108.665 0.778703 0.0177508
109.37 0.791328 0.018068
110.08 0.804262 0.0183917
110.794 0.817514 0.0187219
111.513 0.831092 0.0190588
112.236 0.845004 0.0194026
112.964 0.859259 0.0197533
113.697 0.873866 0.0201112
114.435 0.888835 0.0204764
115.177 0.904174 0.0208491
115.924 0.919894 0.0212294
116.676 0.936006 0.0216175
117.433 0.952519 0.0220136
118.195 0.969443 0.0224179
118.962 0.986791 0.0228305
119.734 1.00457 0.0232517
120.51 1.0228 0.0236816
121.292 1.04149 0.0241204
122.079 1.06064 0.0245683
122.871 1.08028 0.0250256
123.668 1.10041 0.0254923
124.47 1.12106 0.0259689
125.278 1.14222 0.0264554
126.091 1.16393 0.026952
126.909 1.18618 0.0274591
127.732 1.209 0.0279769
128.561 1.2324 0.0285055
129.395 1.2564 0.0290453
130.234 1.28101 0.0295964
131.079 1.30626 0.0301592
131.929 1.33215 0.0307338
132.785 1.3587 0.0313207
133.646 1.38594 0.0319199
134.513 1.41388 0.0325319
135.386 1.44254 0.0331568
136.264 1.47194 0.033795
137.148 1.50211 0.0344468
138.038 1.53305 0.0351124
138.934 1.5648 0.0357922
139.835 1.59737 0.0364866
140.742 1.63079 0.0371957
141.655 1.66508 0.0379199
142.574 1.70027 0.0386597
143.499 1.73638 0.0394152
144.43 1.77343 0.0401869
145.367 1.81145 0.040975
146.31 1.85047 0.0417801
147.259 1.89052 0.0426024
148.215 1.93162 0.0434423
149.176 1.9738 0.0443001
150.144 2.0171 0.0451764
151.118 2.06154 0.0460714
152.098 2.10715 0.0469856
153.085 2.15398 0.0479194
154.078 2.20204 0.0488731
155.078 2.25138 0.0498473
156.084 2.30203 0.0508424
157.096 2.35402 0.0518588
158.115 2.4074 0.0528969
159.141 2.46221 0.0539572
160.173 2.51847 0.0550402
161.213 2.57624 0.0561463
162.258 2.63555 0.057276
163.311 2.69645 0.0584298
164.37 2.75897 0.0596082
165.437 2.82318 0.0608118
166.51 2.8891 0.0620409
167.59 2.9568 0.0632961
168.678 3.02631 0.064578
169.772 3.09769 0.065887
170.873 3.171 0.0672238
171.982 3.24627 0.0685888
173.097 3.32357 0.0699826
174.22 3.40296 0.0714057
175.351 3.48449 0.0728588
176.488 3.56821 0.0743424
177.633 3.6542 0.075857
178.785 3.7425 0.0774033
179.945 3.83319 0.0789818
181.113 3.92633 0.0805932
182.288 4.02199 0.0822379
183.47 4.12024 0.0839168
184.66 4.22114 0.0856302
185.858 4.32477 0.0873789
187.064 4.4312 0.0891634
188.278 4.54051 0.0909844
189.499 4.65277 0.0928425
190.728 4.76807 0.0947383
191.966 4.88649 0.0966725
193.211 5.00811 0.0986456
194.464 5.13302 0.100658
195.726 5.2613 0.102711
196.996 5.39304 0.104805
198.274 5.52835 0.10694
199.56 5.6673 0.109117
200.855 5.81 0.111337
202.158 5.95655 0.1136
203.469 6.10705 0.115907
204.789 6.26159 0.118259
206.118 6.4203 0.120655
207.455 6.58326 0.123097
208.801 6.75061 0.125586
210.155 6.92244 0.128121
211.519 7.09887 0.130703
212.891 7.28003 0.133333
214.272 7.46602 0.136012
215.662 7.65698 0.138739
217.061 7.85303 0.141516
218.469 8.0543 0.144343
219.886 8.26091 0.147219
221.313 8.47301 0.150147
222.749 8.69071 0.153125
224.194 8.91418 0.156155
225.648 9.14353 0.159237
227.112 9.37893 0.16237
228.585 9.6205 0.165556
230.068 9.86841 0.168794
231.561 10.1228 0.172085
233.063 10.3838 0.175429
234.575 10.6516 0.178826
236.097 10.9264 0.182276
237.628 11.2082 0.185779
239.17 11.4974 0.189335
240.722 11.7939 0.192944
242.283 12.0981 0.196605
243.855 12.4101 0.20032
245.437 12.7299 0.204086
247.029 13.0579 0.207905
248.632 13.3942 0.211775
250.245 13.739 0.215697
251.868 14.0924 0.219669
253.502 14.4546 0.22369
255.147 14.8258 0.227762
256.802 15.2062 0.231881
258.468 15.596 0.236049
260.145 15.9953 0.240262
261.832 16.4044 0.244522
263.531 16.8234 0.248826
265.24 17.2525 0.253173
266.961 17.6919 0.257562
268.693 18.1418 0.261991
270.436 18.6024 0.266459
272.191 19.0738 0.270963
273.956 19.5563 0.275503
275.734 20.05 0.280077
277.522 20.5551 0.284681
279.323 21.0718 0.289315
281.135 21.6003 0.293975
282.959 22.1407 0.298659
284.794 22.6933 0.303365
286.642 23.2581 0.308089
288.501 23.8354 0.31283
290.373 24.4254 0.317583
292.257 25.0281 0.322346
294.153 25.6438 0.327116
296.061 26.2726 0.331888
297.982 26.9146 0.336659
299.915 27.57 0.341426
301.86 28.2389 0.346185
303.819 28.9215 0.35093
305.79 29.6178 0.355659
307.773 30.328 0.360366
309.77 31.0522 0.365048
311.78 31.7905 0.369698
313.802 32.5429 0.374314
315.838 33.3096 0.378888
317.887 34.0906 0.383417
319.949 34.8859 0.387894
322.025 35.6956 0.392315
324.114 36.5197 0.396674
326.217 37.3583 0.400964
328.333 38.2113 0.405181
330.463 39.0788 0.409317
332.607 39.9606 0.413368
334.764 40.8568 0.417326
336.936 41.7673 0.421186
339.122 42.6921 0.42494
341.322 43.631 0.428583
343.536 44.5839 0.432108
345.765 45.5507 0.435508
348.008 46.5312 0.438776
350.266 47.5253 0.441906
352.538 48.5329 0.444891
354.825 49.5536 0.447725
357.127 50.5873 0.450399
359.444 51.6337 0.452909
361.776 52.6925 0.455246
364.123 53.7635 0.457405
366.485 54.8463 0.459378
368.862 55.9406 0.46116
371.255 57.046 0.462744
373.664 58.1622 0.464123
376.088 59.2887 0.465292
378.528 60.4251 0.466245
380.983 61.5709 0.466976
383.455 62.7257 0.467479
385.942 63.8889 0.467749
388.446 65.0601 0.467782
390.966 66.2386 0.467572
393.502 67.424 0.467115
396.055 68.6155 0.466408
398.625 69.8127 0.465445
401.211 71.0147 0.464225
403.813 72.2211 0.462744
406.433 73.431 0.460999
409.07 74.6439 0.458989
411.724 75.8589 0.456711
414.395 77.0754 0.454166
417.083 78.2926 0.451351
419.789 79.5096 0.448267
422.512 80.7258 0.444915
425.253 81.9404 0.441295
428.012 83.1525 0.437409
430.788 84.3612 0.433259
433.583 85.5659 0.428848
436.396 86.7656 0.424179
439.227 87.9595 0.419256
442.076 89.1468 0.414084
444.944 90.3266 0.408667
447.831 91.498 0.403012
450.736 92.6603 0.397124
453.66 93.8126 0.391011
456.603 94.954 0.384681
459.565 96.0838 0.378141
462.547 97.2012 0.3714
465.547 98.3052 0.364467
468.567 99.3952 0.357353
471.607 100.47 0.350067
474.667 101.53 0.342621
477.746 102.573 0.335026
480.845 103.6 0.327292
483.965 104.608 0.319434
487.104 105.599 0.311462
490.264 106.57 0.30339
493.445 107.522 0.295231
496.646 108.454 0.286998
499.868 109.366 0.278705
503.111 110.256 0.270365
506.375 111.125 0.261993
509.66 111.971 0.253601
512.966 112.796 0.245205
516.294 113.598 0.236818
519.643 114.377 0.228454
523.014 115.133 0.220125
526.407 115.866 0.211847
529.822 116.576 0.203631
533.26 117.262 0.195491
536.719 117.924 0.187439
540.201 118.563 0.179487
543.705 119.178 0.171648
547.233 119.77 0.163932
550.783 120.338 0.156349
554.356 120.884 0.148911
557.952 121.406 0.141627
561.572 121.906 0.134505
565.215 122.383 0.127554
568.882 122.839 0.120781
572.572 123.272 0.114193
576.287 123.684 0.107797
580.025 124.076 0.101597
583.788 124.447 0.0955983
587.575 124.798 0.0898047
591.387 125.13 0.0842193
595.224 125.442 0.0788445
599.085 125.737 0.0736817
602.971 126.014 0.068732
606.883 126.273 0.0639954
610.82 126.516 0.0594715
614.783 126.743 0.0551589
618.771 126.955 0.0510557
622.785 127.152 0.0471596
626.826 127.335 0.0434675
630.892 127.505 0.0399756
634.985 127.662 0.03668
639.104 127.807 0.0335759
643.25 127.94 0.0306584
647.423 128.062 0.0279221
651.623 128.174 0.0253612
655.851 128.276 0.0229696
660.105 128.369 0.0207411
664.388 128.453 0.0186693
668.698 128.53 0.0167474
673.036 128.599 0.0149686
677.402 128.66 0.0133262
681.797 128.716 0.0118131
686.22 128.765 0.0104227
690.671 128.808 0.00914791
695.152 128.847 0.00798208
699.662 128.88 0.00691853
704.201 128.909 0.0059507
708.769 128.935 0.00507224
713.367 128.956 0.00427694
717.995 128.974 0.00355883
722.653 128.989 0.00291212
727.341 129.002 0.00233129
732.06 129.011 0.00181104
736.809 129.019 0.00134636
741.589 129.024 0.00093246
746.4 129.028 0.000564851
751.242 129.03 0.000239293
756.115 129.03 0
761.021 129.03 0
765.958 129.03 0
770.927 129.03 0
775.928 129.03 0
780.962 129.03 0
786.028 129.03 0
791.127 129.03 0
796.26 129.03 0
801.425 129.03 0
806.624 129.03 0
811.857 129.03 0
817.124 129.03 0
822.425 129.03 0
827.76 129.03 0
833.13 129.03 0
838.535 129.03 0
843.975 129.03 0
849.45 129.03 0
854.961 129.03 0
860.507 129.03 0
866.09 129.03 0
871.708 129.03 0
877.363 129.03 0
883.055 129.03 0
888.784 129.03 0
894.55 129.03 0
900.353 129.03 0
906.194 129.03 0
912.073 129.03 0
917.99 129.03 0
923.945 129.03 0
929.939 129.03 0
935.972 129.03 0
942.044 129.03 0
948.155 129.03 0
954.306 129.03 0
960.497 129.03 0
966.728 129.03 0
973 129.03 0
979.312 129.03 0
985.665 129.03 0
992.059 129.03 0
998.495 129.03 0
1004.97 129.03 0
1011.49 129.03 0
1018.05 129.03 0
1024.66 129.03 0
1031.31 129.03 0
1038 129.03 0
1044.73 129.03 0
1051.51 129.03 0
1058.33 129.03 0
1065.2 129.03 0
1072.11 129.03 0
1079.06 129.03 0
1086.06 129.03 0
1093.11 129.03 0
1100.2 129.03 0
1107.34 129.03 0
1114.52 129.03 0
1121.75 129.03 0
1129.03 129.03 0
1136.35 129.03 0
1143.72 129.03 0
1151.14 129.03 0
1158.61 129.03 0
1166.13 129.03 0
1173.69 129.03 0
1181.31 129.03 0
1188.97 129.03 0
1196.68 129.03 0
1204.45 129.03 0
1212.26 129.03 0
1220.12 129.03 0
1228.04 129.03 0
1236.01 129.03 0
1244.02 129.03 0
1252.09 129.03 0
1260.22 129.03 0
1268.39 129.03 0
1276.62 129.03 0
1284.9 129.03 0
1293.24 129.03 0
1301.63 129.03 0
1310.07 129.03 0
1318.57 129.03 0
1327.13 129.03 0
1335.74 129.03 0
1344.4 129.03 0
1353.12 129.03 0
1361.9 129.03 0
1370.74 129.03 0
1379.63 129.03 0
1388.58 129.03 0
1397.59 129.03 0
1406.65 129.03 0
1415.78 129.03 0
1424.96 129.03 0
1434.21 129.03 0
1443.51 129.03 0
1452.88 129.03 0
1462.3 129.03 0
1471.79 129.03 0
1481.34 129.03 0
1490.95 129.03 0
1500.62 129.03 0
1510.35 129.03 0
1520.15 129.03 0
1530.01 129.03 0
1539.94 129.03 0
1549.93 129.03 0
1559.98 129.03 0
1570.1 129.03 0
1580.29 129.03 0
1590.54 129.03 0
1600.86 129.03 0
1611.25 129.03 0
1621.7 129.03 0
1632.22 129.03 0
1642.81 129.03 0
1653.47 129.03 0
1664.19 129.03 0
1674.99 129.03 0
1685.85 129.03 0
1696.79 129.03 0
1707.8 129.03 0
1718.88 129.03 0
1730.03 129.03 0
1741.25 129.03 0
1752.55 129.03 0
1763.92 129.03 0
1775.36 129.03 0
1786.88 129.03 0
1798.47 129.03 0
1810.14 129.03 0
1821.88 129.03 0
1833.7 129.03 0
1845.6 129.03 0
1857.57 129.03 0
1869.62 129.03 0
1881.75 129.03 0
1893.96 129.03 0
1906.24 129.03 0
1918.61 129.03 0
1931.06 129.03 0
1943.58 129.03 0
1956.19 129.03 0
1968.88 129.03 0
1981.66 129.03 0
1994.51 129.03 0
2007.45 129.03 0
2020.47 129.03 0
2033.58 129.03 0
2046.77 129.03 0
2060.05 129.03 0
2073.42 129.03 0
2086.87 129.03 0
2100.41 129.03 0
2114.03 129.03 0
2127.75 129.03 0
2141.55 129.03 0
2155.44 129.03 0
2169.43 129.03 0
2183.5 129.03 0
2197.66 129.03 0
2211.92 129.03 0
2226.27 129.03 0
2240.71 129.03 0
2255.25 129.03 0
2269.88 129.03 0
2284.61 129.03 0
2299.43 129.03 0
2314.34 129.03 0
2329.36 129.03 0
2344.47 129.03 0
2359.68 129.03 0
2374.99 129.03 0
2390.39 129.03 0
2405.9 129.03 0
2421.51 129.03 0
2437.22 129.03 0
2453.03 129.03 0
2468.94 129.03 0
2484.96 129.03 0
2501.08 129.03 0
2517.31 129.03 0
2533.64 129.03 0
2550.07 129.03 0
2566.62 129.03 0
2583.27 129.03 0
2600.03 129.03 0
2616.89 129.03 0
2633.87 129.03 0
2650.96 129.03 0
2668.15 129.03 0
2685.46 129.03 0
2702.89 129.03 0
2720.42 129.03 0
2738.07 129.03 0
2755.83 129.03 0
2773.71 129.03 0
2791.7 129.03 0
2809.81 129.03 0
2828.04 129.03 0
2846.39 129.03 0
2864.85 129.03 0
2883.44 129.03 0
2902.15 129.03 0
2920.97 129.03 0
2939.92 129.03 0
2958.99 129.03 0
2978.19 129.03 0
2997.51 129.03 0
3016.96 129.03 0
3036.53 129.03 0
3056.23 129.03 0
3076.05 129.03 0
3096.01 129.03 0
3116.1 129.03 0
3136.31 129.03 0
3156.66 129.03 0
3177.14 129.03 0
3197.75 129.03 0
3218.49 129.03 0
3239.37 129.03 0
3260.39 129.03 0
3281.54 129.03 0
3302.83 129.03 0
3324.25 129.03 0
3345.82 129.03 0
3367.52 129.03 0
3389.37 129.03 0
3411.36 129.03 0
3433.49 129.03 0
3455.76 129.03 0
3478.18 129.03 0
3500.75 129.03 0
3523.46 129.03 0
3546.31 129.03 0
3569.32 129.03 0
3592.48 129.03 0
3615.78 129.03 0
3639.24 129.03 0
3662.85 129.03 0
3686.61 129.03 0
3710.53 129.03 0
3734.6 129.03 0
3758.82 129.03 0
3783.21 129.03 0
3807.75 129.03 0
3832.45 129.03 0
3857.32 129.03 0
3882.34 129.03 0
3907.53 129.03 0
3932.88 129.03 0
3958.39 129.03 0
3984.07 129.03 0
4009.92 129.03 0
4035.93 129.033 0.000187115
4062.11 129.042 0.000508944
4088.47 129.06 0.000883304
4114.99 129.09 0.00131913
4141.68 129.132 0.00182693
4168.55 129.189 0.00241905
4195.6 129.263 0.00311004
4222.81 129.359 0.003917
4250.21 129.479 0.00486008
4277.78 129.628 0.00596297
4305.53 129.812 0.00725356
4333.46 130.036 0.00876468
4361.58 130.307 0.0105349
4389.87 130.634 0.0126094
4418.35 131.028 0.0150414
4447.01 131.5 0.0178931
4475.86 132.064 0.021237
4504.9 132.738 0.0251577
4534.12 133.54 0.0297533
4563.54 134.495 0.035137
4593.14 135.628 0.0414388
4622.94 136.973 0.0488068
4652.93 138.566 0.0574084
4683.12 140.45 0.0674302
4713.5 142.675 0.0790777
4744.08 145.3 0.0925726
4774.85 148.388 0.108149
4805.83 152.016 0.126046
4837.01 156.264 0.146498
4868.39 161.226 0.169721
4899.97 166.999 0.195891
4931.76 173.691 0.22513
4963.75 181.411 0.257477
4995.95 190.272 0.292866
5028.36 200.384 0.331107
5060.98 211.85 0.371874
5093.82 224.762 0.414698
5126.86 239.198 0.458988
5160.12 255.213 0.504047
5193.6 272.841 0.549124
5227.29 292.089 0.593452
5261.2 312.94 0.636309
5295.33 335.354 0.677056
5329.68 359.267 0.715178
5364.26 384.602 0.750304
5399.06 411.268 0.782208
5434.09 439.166 0.810804
5469.34 468.195 0.836127
5504.82 498.256 0.858307
5540.53 529.251 0.877544
5576.48 561.09 0.894083
5612.65 593.69 0.908192
5649.06 626.976 0.920145
5685.71 660.882 0.930211
5722.6 695.348 0.938642
5759.72 730.325 0.945671
5797.09 765.77 0.951506
5834.69 801.644 0.956332
5872.55 837.918 0.96031
5910.64 874.566 0.963579
5948.99 911.565 0.966259
5987.58 948.899 0.968449
6026.42 986.551 0.970236
6065.52 1024.51 0.97169
6104.87 1062.77 0.972871
6144.47 1101.32 0.973829
6184.33 1140.15 0.974603
6224.45 1179.27 0.975229
6264.83 1218.66 0.975734
6305.48 1258.32 0.97614
6346.38 1298.26 0.976467
6387.55 1338.46 0.976729
6428.99 1378.94 0.976939
6470.7 1419.69 0.977107
6512.68 1460.71 0.977241
6554.93 1502 0.977348
6597.45 1543.56 0.977433
6640.25 1585.4 0.9775
6683.33 1627.51 0.977554
6726.69 1669.89 0.977597
6770.32 1712.56 0.97763
6814.25 1755.5 0.977657
6858.45 1798.72 0.977678
6902.95 1842.22 0.977694
6947.73 1886 0.977707
6992.8 1930.07 0.977718
7038.16 1974.42 0.977726
7083.82 2019.06 0.977732
7129.78 2064 0.977737
7176.03 2109.22 0.977741
7222.59 2154.74 0.977744
7269.44 2200.55 0.977746
7316.6 2246.66 0.977748
7364.07 2293.07 0.977749
7411.84 2339.78 0.97775
7459.92 2386.79 0.977751
7508.32 2434.11 0.977752
7557.03 2481.74 0.977752
7606.05 2529.67 0.977752
7655.39 2577.92 0.977753
7705.06 2626.47 0.977753
7755.04 2675.35 0.977753
7805.35 2724.54 0.977753
7855.99 2774.05 0.977753
7906.95 2823.88 0.977753
7958.25 2874.03 0.977753
8009.88 2924.51 0.977753
8061.84 2975.32 0.977753
8114.14 3026.45 0.977754
8166.78 3077.92 0.977754
8219.76 3129.73 0.977754
8273.08 3181.86 0.977754
8326.76 3234.34 0.977754
8380.77 3287.16 0.977754
8435.14 3340.32 0.977754
8489.86 3393.82 0.977754
8544.94 3447.67 0.977754
8600.38 3501.87 0.977754
8656.17 3556.43 0.977754
8712.32 3611.33 0.977754
8768.84 3666.59 0.977754
8825.73 3722.22 0.977754
8882.99 3778.2 0.977754
8940.61 3834.54 0.977754
8998.61 3891.25 0.977754
9056.99 3948.33 0.977754
9115.75 4005.78 0.977754
9174.89 4063.6 0.977754
9234.41 4121.8 0.977754
9294.31 4180.37 0.977754
9354.61 4239.33 0.977754
9415.29 4298.66 0.977754
9476.38 4358.39 0.977754
9537.85 4418.49 0.977754
9599.73 4478.99 0.977754
9662 4539.88 0.977754
9724.68 4601.17 0.977754
9787.77 4662.85 0.977754
9851.27 4724.94 0.977754
9915.18 4787.43 0.977754
9979.5 4850.32 0.977754
10044.2 4913.62 0.977754
10109.4 4977.33 0.977754
10175 5041.45 0.977754
10241 5105.99 0.977754
10307.4 5170.95 0.977754
10374.3 5236.33 0.977754
10441.6 5302.14 0.977754
10509.3 5368.37 0.977754
10577.5 5435.03 0.977754
10646.1 5502.12 0.977754
10715.2 5569.65 0.977754
10784.7 5637.62 0.977754
10854.7 5706.03 0.977754
10925.1 5774.88 0.977754
10996 5844.18 0.977754
11067.3 5913.93 0.977754
11139.1 5984.13 0.977754
11211.4 6054.78 0.977754
11284.1 6125.9 0.977754
11357.3 6197.47 0.977754
11431 6269.51 0.977754
11505.1 6342.02 0.977754
11579.8 6415 0.977754
11654.9 6488.45 0.977754
11730.5 6562.37 0.977754
11806.6 6636.78 0.977754
11883.2 6711.67 0.977754
11960.3 6787.05 0.977754
12037.9 6862.91 0.977754
12116 6939.27 0.977754
12194.6 7016.12 0.977754
12273.7 7093.47 0.977754
12353.3 7171.32 0.977754
12433.5 7249.68 0.977754
12514.1 7328.55 0.977754
12595.3 7407.92 0.977754
12677 7487.82 0.977754
12759.2 7568.23 0.977754
12842 7649.16 0.977754
12925.3 7730.62 0.977754
13009.2 7812.6 0.977754
13093.6 7895.12 0.977754
13178.5 7978.17 0.977754
13264 8061.76 0.977754
13350.1 8145.9 0.977754
13436.7 8230.58 0.977754
13523.8 8315.81 0.977754
13611.6 8401.59 0.977754
13699.9 8487.93 0.977754
13788.8 8574.83 0.977754
13878.2 8662.29 0.977754
13968.2 8750.32 0.977754
14058.9 8838.92 0.977754
14150.1 8928.1 0.977754
14241.9 9017.85 0.977754
14334.2 9108.19 0.977754
14427.2 9199.11 0.977754
14520.8 9290.62 0.977754
14615 9382.73 0.977754
14709.8 9475.43 0.977754
14805.3 9568.74 0.977754
14901.3 9662.65 0.977754
14998 9757.17 0.977754
15095.3 9852.3 0.977754
15193.2 9948.05 0.977754
15291.8 10044.4 0.977754
15391 10141.4 0.977754
15490.8 10239 0.977754
15591.3 10337.3 0.977754
15692.5 10436.2 0.977754
15794.3 10535.7 0.977754
15896.7 10635.9 0.977754
15999.9 10736.8 0.977754
16103.7 10838.2 0.977754
16208.1 10940.4 0.977754
16313.3 11043.2 0.977754
16419.1 11146.7 0.977754
16525.6 11250.8 0.977754
16632.8 11355.6 0.977754
16740.7 11461.1 0.977754
16849.3 11567.3 0.977754
16958.7 11674.2 0.977754
17068.7 11781.8 0.977754
17179.4 11890 0.977754
17290.8 11999 0.977754
17403 12108.7 0.977754
17515.9 12219.1 0.977754
17629.6 12330.2 0.977754
17743.9 12442 0.977754
17859 12554.6 0.977754
17974.9 12667.8 0.977754
18091.5 12781.9 0.977754
18208.9 12896.6 0.977754
18327 13012.1 0.977754
18445.9 13128.4 0.977754
18565.5 13245.4 0.977754
18686 13363.1 0.977754
18807.2 13481.6 0.977754
18929.2 13600.9 0.977754
19052 13721 0.977754
19175.6 13841.9 0.977754
19300 13963.5 0.977754
19425.2 14085.9 0.977754
19551.2 14209.1 0.977754
19678.1 14333.1 0.977754
19805.7 14458 0.977754
19934.2 14583.6 0.977754
20063.5 14710 0.977754
20193.7 14837.3 0.977754
20324.7 14965.4 0.977754
20456.6 15094.3 0.977754
20589.3 15224.1 0.977754
20722.8 15354.7 0.977754
20857.3 15486.1 0.977754
20992.6 15618.4 0.977754
21128.8 15751.6 0.977754
21265.8 15885.6 0.977754
21403.8 16020.5 0.977754
21542.7 16156.2 0.977754
21682.4 16292.9 0.977754
21823.1 16430.4 0.977754
21964.6 16568.8 0.977754
22107.1 16708.2 0.977754
22250.6 16848.4 0.977754
22394.9 16989.5 0.977754
22540.2 17131.6 0.977754
22686.4 17274.5 0.977754
22833.6 17418.4 0.977754
22981.7 17563.3 0.977754
23130.8 17709.1 0.977754
23280.9 17855.8 0.977754
23431.9 18003.4 0.977754
23583.9 18152.1 0.977754
23736.9 18301.7 0.977754
23890.9 18452.2 0.977754
24045.9 18603.8 0.977754
24201.9 18756.3 0.977754
24358.9 18909.8 0.977754
24516.9 19064.3 0.977754
24676 19219.8 0.977754
24836 19376.4 0.977754
24997.2 19533.9 0.977754
25159.3 19692.4 0.977754
25322.5 19852 0.977754
25486.8 20012.7 0.977754
25652.2 20174.3 0.977754
25818.6 20337 0.977754
25986.1 20500.8 0.977754
26154.7 20665.6 0.977754
26324.3 20831.5 0.977754
26495.1 20998.5 0.977754
26667 21166.6 0.977754
26840 21335.7 0.977754
27014.1 21506 0.977754
27189.4 21677.3 0.977754
27365.7 21849.8 0.977754
27543.3 22023.4 0.977754
27722 22198.1 0.977754
27901.8 22373.9 0.977754
28082.8 22550.9 0.977754
28265 22729 0.977754
28448.4 22908.3 0.977754
28632.9 23088.8 0.977754
28818.7 23270.4 0.977754
29005.6 23453.2 0.977754
29193.8 23637.2 0.977754
29383.2 23822.3 0.977754
29573.8 24008.7 0.977754
29765.7 24196.3 0.977754
29958.8 24385.1 0.977754
30153.1 24575.1 0.977754
30348.7 24766.4 0.977754
30545.6 24958.9 0.977754
30743.8 25152.6 0.977754
30943.2 25347.7 0.977754
31143.9 25543.9 0.977754
31346 25741.5 0.977754
31549.3 25940.3 0.977754
31754 26140.4 0.977754
31960 26341.8 0.977754
32167.3 26544.6 0.977754
32376 26748.6 0.977754
32586.1 26954 0.977754
32797.5 27160.7 0.977754
33010.2 27368.7 0.977754
33224.4 27578.1 0.977754
33439.9 27788.8 0.977754
33656.9 28000.9 0.977754
33875.2 28214.4 0.977754
34095 28429.3 0.977754
34316.1 28645.6 0.977754
34538.8 28863.2 0.977754
34762.8 29082.3 0.977754
34988.3 29302.8 0.977754
35215.3 29524.7 0.977754
35443.8 29748.1 0.977754
35673.7 29972.9 0.977754
35905.1 30199.2 0.977754
36138.1 30427 0.977754
36372.5 30656.2 0.977754
36608.5 30886.9 0.977754
36846 31119.1 0.977754
37085 31352.8 0.977754
37325.6 31588.1 0.977754
37567.7 31824.8 0.977754
37811.4 32063.1 0.977754
38056.7 32302.9 0.977754
38303.6 32544.3 0.977754
38552.1 32787.3 0.977754
38802.2 33031.8 0.977754
39053.9 33278 0.977754
39307.3 33525.7 0.977754
39562.3 33775 0.977754
39819 34026 0.977754
40077.3 34278.5 0.977754
40337.3 34532.7 0.977754
40599 34788.6 0.977754
40862.3 35046.1 0.977754
41127.4 35305.3 0.977754
41394.2 35566.2 0.977754
41662.8 35828.8 0.977754
41933.1 36093 0.977754
42205.1 36359 0.977754
42478.9 36626.7 0.977754
42754.5 36896.2 0.977754
43031.8 37167.3 0.977754
43311 37440.3 0.977754
43592 37715 0.977754
43874.8 37991.5 0.977754
44159.4 38269.8 0.977754
44445.9 38549.9 0.977754
44734.2 38831.9 0.977754
45024.4 39115.6 0.977754
45316.5 39401.2 0.977754
45610.5 39688.6 0.977754
45906.4 39977.9 0.977754
46204.2 40269.1 0.977754
46503.9 40562.2 0.977754
46805.6 40857.2 0.977754
47109.3 41154.1 0.977754
47414.9 41452.9 0.977754
47722.5 41753.6 0.977754
48032.1 42056.4 0.977754
48343.7 42361 0.977754
48657.3 42667.7 0.977754
48972.9 42976.3 0.977754
49290.7 43286.9 0.977754
49610.4 43599.6 0.977754
49932.3 43914.3 0.977754
50256.2 44231 0.977754
50582.2 44549.8 0.977754
50910.4 44870.6 0.977754
51240.6 45193.5 0.977754
51573.1 45518.6 0.977754
51907.6 45845.7 0.977754
52244.4 46174.9 0.977754
52583.3 46506.3 0.977754
52924.4 46839.9 0.977754
53267.8 47175.6 0.977754
53613.3 47513.4 0.977754
53961.1 47853.5 0.977754
54311.2 48195.8 0.977754
54663.5 48540.3 0.977754
55018.2 48887 0.977754
55375.1 49236 0.977754
55734.3 49587.3 0.977754
56095.9 49940.8 0.977754
