5.78741e-09 5.95396e-15 4.29514e-06
5.8738e-08 3.33166e-13 8.58285e-06
5.86595e-07 1.45059e-11 3.56977e-05
4.6076e-06 3.38009e-10 8.97843e-05
5.86875e-06 4.61297e-10 0.000114002
2.3369e-05 3.31505e-09 0.000192532
7.39119e-05 1.62978e-08 0.000292274
0.000147358 4.17301e-08 0.000330144
0.000152693 4.34471e-08 0.000292479
0.000165528 4.67976e-08 0.000304172
0.000294481 1.01986e-07 0.000463041
0.000466785 1.89679e-07 0.00054542
0.000739961 3.52227e-07 0.00041641
0.000792747 3.70702e-07 0.000446592
0.000859333 4.13069e-07 0.00055442
0.000931697 4.48502e-07 0.00055104
0.00117285 6.10601e-07 0.000697128
0.00147667 8.31244e-07 0.000750516
0.0017323 1.02935e-06 0.000535855
0.00185963 1.08409e-06 0.000525282
0.00294795 2.00733e-06 0.000908255
0.00467391 3.71532e-06 0.00105104
0.00633042 5.56999e-06 0.00091467
0.0070765 6.16755e-06 0.00093479
0.00933155 8.92099e-06 0.00127133
0.0117504 1.21316e-05 0.00137956
0.0154948 1.7543e-05 0.00122736
0.0177925 2.00421e-05 0.00125466
0.0234638 2.89812e-05 0.00164107
0.0295474 3.94039e-05 0.00177172
0.0354913 5.03041e-05 0.00128079
0.0389653 5.38549e-05 0.00125817
0.0549487 8.51279e-05 0.00191362
0.0590129 9.27925e-05 0.00199187
0.0713035 0.000119369 0.00114686
0.0787306 0.000125461 0.00110854
0.10265 0.000178607 0.00176378
0.112568 0.000193736 0.00180901
0.132297 0.000240204 0.00240921
0.146764 0.000275794 0.00181491
0.15911 0.000293738 0.00177613
0.191354 0.000375514 0.00260957
0.227502 0.000472769 0.000973271
0.245257 0.000484229 0.000805937
0.256566 0.000495831 0.00103354
0.268397 0.000508152 0.00104919
0.280773 0.000521236 0.00106507
0.293719 0.00053513 0.0010812
0.307263 0.000549885 0.00109757
0.321432 0.000565555 0.00111419
0.336253 0.000582195 0.00113106
0.351758 0.000599866 0.00114818
0.367978 0.000618631 0.00116556
0.384946 0.000638559 0.00118321
0.402697 0.000659722 0.00120112
0.421266 0.000682195 0.00121931
0.440691 0.000706061 0.00123777
0.461012 0.000731406 0.00125651
0.48227 0.00075832 0.00127553
0.504508 0.000786902 0.00129484
0.527771 0.000817254 0.00131445
0.552107 0.000849487 0.00133435
0.577566 0.000883717 0.00135455
0.604198 0.000920067 0.00137506
0.632059 0.000958668 0.00139588
0.661204 0.000999662 0.00141701
0.691693 0.00104319 0.00143847
0.723588 0.00108942 0.00146024
0.756953 0.00113852 0.00148235
0.791857 0.00119065 0.00150479
0.828371 0.00124602 0.00152758
0.866568 0.00130481 0.00155071
0.906527 0.00136725 0.00157418
0.948328 0.00143355 0.00159802
0.992057 0.00150396 0.00162221
1.0378 0.00157874 0.00164677
1.08566 0.00165815 0.0016717
1.13572 0.00174247 0.00169701
1.18809 0.00183202 0.00172271
1.24287 0.00192712 0.00174879
1.30018 0.00202811 0.00177526
1.36014 0.00213535 0.00180214
1.42285 0.00224924 0.00182943
1.48846 0.00237018 0.00185712
1.5571 0.00249862 0.00188524
1.6289 0.00263501 0.00191378
1.70401 0.00277985 0.00194276
1.78258 0.00293367 0.00197217
1.86478 0.00309701 0.00200203
1.95077 0.00327047 0.00203234
2.04072 0.00345468 0.00206311
2.13482 0.0036503 0.00209435
2.23326 0.00385804 0.00212606
2.33624 0.00407865 0.00215824
2.44396 0.00431292 0.00219092
2.55666 0.00456171 0.00222409
2.67455 0.00482591 0.00225776
2.79788 0.00510648 0.00229195
2.92689 0.00540443 0.00232665
3.06185 0.00572083 0.00236187
3.20304 0.00605684 0.00239763
3.35074 0.00641366 0.00243393
3.50524 0.00679259 0.00247078
3.66688 0.00719499 0.00250819
3.83596 0.00762232 0.00254616
4.01284 0.00807613 0.00258471
4.19788 0.00855804 0.00262385
4.39145 0.00906982 0.00266357
4.59395 0.00961329 0.0027039
4.80578 0.0101904 0.00274483
5.02738 0.0108033 0.00278639
5.2592 0.0114542 0.00282858
5.50171 0.0121454 0.0028714
5.7554 0.0128794 0.00291488
6.02079 0.0136589 0.00295901
6.29841 0.0144866 0.00300381
6.58884 0.0153657 0.00304928
6.89266 0.0162992 0.00309545
7.21049 0.0172905 0.00314232
7.54298 0.0183433 0.00318989
7.8908 0.0194612 0.00323819
8.25465 0.0206484 0.00328721
8.63529 0.0219092 0.00333698
9.03347 0.0232481 0.0033875
9.45002 0.0246699 0.00343879
9.88577 0.0261798 0.00349085
10.3416 0.0277832 0.00354371
10.8185 0.029486 0.00359736
11.3173 0.0312942 0.00365182
11.8392 0.0332145 0.00370711
12.3851 0.0352537 0.00376324
12.9562 0.0374193 0.00382021
13.5536 0.039719 0.00387805
14.1786 0.0421611 0.00393677
14.8324 0.0447546 0.00399637
15.5164 0.0475087 0.00405687
16.2318 0.0504335 0.00411829
16.9803 0.0535394 0.00418065
17.7633 0.0568378 0.00424394
18.5824 0.0603405 0.0043082
19.4392 0.0640601 0.00437342
20.3356 0.0680102 0.00443964
21.2733 0.072205 0.00450685
22.2543 0.0766597 0.00457509
23.2804 0.0813904 0.00464435
24.3539 0.0864141 0.00471467
25.4769 0.091749 0.00478605
26.6517 0.0974144 0.00485851
27.8806 0.103431 0.00493207
29.1662 0.10982 0.00500674
30.5111 0.116605 0.00508254
31.9181 0.12381 0.00515949
33.3898 0.131462 0.00523761
34.9295 0.139587 0.00531691
36.5401 0.148216 0.0053974
38.225 0.15738 0.00547912
39.9877 0.167111 0.00556208
41.8315 0.177445 0.00564629
43.7605 0.188419 0.00573177
45.7783 0.200073 0.00581855
47.8892 0.212449 0.00590664
50.0974 0.225592 0.00599607
52.4075 0.239549 0.00608685
54.8241 0.254371 0.00617901
57.3521 0.27011 0.00627256
59.9967 0.286825 0.00636752
62.7632 0.304575 0.00646393
65.6573 0.323425 0.00656179
68.6849 0.343443 0.00666114
71.852 0.364701 0.00676199
75.1652 0.387275 0.00686552
75.1652 0.387275 0.00686451
75.6528 0.390635 0.00691537
76.1436 0.394042 0.00696653
76.6376 0.397496 0.00701798
77.1348 0.400998 0.00706974
77.6352 0.404548 0.0071218
78.1388 0.408148 0.00717416
78.6457 0.411798 0.00722683
79.1559 0.415499 0.00727981
79.6694 0.419251 0.0073331
80.1863 0.423055 0.0073867
80.7065 0.426912 0.00744061
81.23 0.430821 0.00749483
81.757 0.434785 0.00754937
82.2874 0.438804 0.00760422
82.8212 0.442878 0.0076594
83.3585 0.447008 0.00771489
83.8993 0.451195 0.0077707
84.4436 0.45544 0.00782684
84.9914 0.459743 0.0078833
85.5428 0.464106 0.00794009
86.0977 0.468528 0.00799721
86.6563 0.473011 0.00805465
87.2184 0.477555 0.00811242
87.7842 0.482161 0.00817053
88.3537 0.486831 0.00822897
88.9269 0.491565 0.00828775
89.5038 0.496363 0.00834686
90.0845 0.501227 0.00840631
90.6689 0.506157 0.0084661
91.2571 0.511154 0.00852623
91.8491 0.51622 0.00858671
92.4449 0.521355 0.00864753
93.0447 0.526559 0.00870869
93.6483 0.531834 0.00877021
94.2558 0.537181 0.00883207
94.8673 0.542601 0.00889428
95.4827 0.548094 0.00895685
96.1021 0.553662 0.00901977
96.7256 0.559305 0.00908305
97.3531 0.565024 0.00914668
97.9847 0.570821 0.00921067
98.6203 0.576696 0.00927502
99.2601 0.582651 0.00933974
99.904 0.588686 0.00940481
100.552 0.594803 0.00947026
101.204 0.601002 0.00953607
101.861 0.607285 0.00960224
102.522 0.613652 0.00966879
103.187 0.620105 0.00973571
103.856 0.626644 0.009803
104.53 0.633272 0.00987066
105.208 0.639989 0.0099387
105.891 0.646795 0.0100071
106.578 0.653693 0.0100759
107.269 0.660684 0.0101451
107.965 0.667768 0.0102147
108.665 0.674947 0.0102846
109.37 0.682222 0.0103549
110.08 0.689594 0.0104256
110.794 0.697064 0.0104967
111.513 0.704635 0.0105682
112.236 0.712306 0.0106401
112.964 0.72008 0.0107124
113.697 0.727957 0.0107851
114.435 0.735939 0.0108581
115.177 0.744027 0.0109316
115.924 0.752222 0.0110054
116.676 0.760527 0.0110797
117.433 0.768942 0.0111544
118.195 0.777468 0.0112294
118.962 0.786107 0.0113049
119.734 0.794861 0.0113808
120.51 0.803731 0.0114571
121.292 0.812718 0.0115338
122.079 0.821824 0.0116109
122.871 0.83105 0.0116884
123.668 0.840398 0.0117663
124.47 0.849869 0.0118446
125.278 0.859465 0.0119234
126.091 0.869188 0.0120026
126.909 0.879038 0.0120822
127.732 0.889019 0.0121622
128.561 0.89913 0.0122426
129.395 0.909374 0.0123235
130.234 0.919753 0.0124047
131.079 0.930268 0.0124864
131.929 0.940921 0.0125686
132.785 0.951713 0.0126511
133.646 0.962647 0.0127341
134.513 0.973724 0.0128175
135.386 0.984945 0.0129014
136.264 0.996314 0.0129857
137.148 1.00783 0.0130704
138.038 1.0195 0.0131555
138.934 1.03132 0.0132411
139.835 1.04329 0.0133272
140.742 1.05542 0.0134136
141.655 1.06771 0.0135005
142.574 1.08015 0.0135879
143.499 1.09276 0.0136757
144.43 1.10553 0.0137639
145.367 1.11847 0.0138526
146.31 1.13158 0.0139417
147.259 1.14485 0.0140312
148.215 1.1583 0.0141212
149.176 1.17192 0.0142117
150.144 1.18572 0.0143026
151.118 1.19969 0.014394
152.098 1.21385 0.0144858
153.085 1.22819 0.014578
154.078 1.24271 0.0146708
155.078 1.25742 0.0147639
156.084 1.27232 0.0148575
157.096 1.28742 0.0149516
158.115 1.3027 0.0150461
159.141 1.31818 0.0151411
160.173 1.33386 0.0152366
161.213 1.34975 0.0153325
162.258 1.36583 0.0154288
163.311 1.38212 0.0155257
164.37 1.39862 0.0156229
165.437 1.41534 0.0157207
166.51 1.43226 0.0158189
167.59 1.4494 0.0159175
168.678 1.46676 0.0160167
169.772 1.48434 0.0161162
170.873 1.50215 0.0162163
171.982 1.52018 0.0163168
173.097 1.53844 0.0164178
174.22 1.55693 0.0165192
175.351 1.57566 0.0166211
176.488 1.59463 0.0167234
177.633 1.61383 0.0168263
178.785 1.63328 0.0169296
179.945 1.65298 0.0170333
181.113 1.67292 0.0171375
182.288 1.69312 0.0172422
183.47 1.71357 0.0173473
184.66 1.73428 0.0174529
185.858 1.75525 0.017559
187.064 1.77649 0.0176655
188.278 1.79799 0.0177725
189.499 1.81977 0.01788
190.728 1.84181 0.0179879
191.966 1.86414 0.0180963
193.211 1.88674 0.0182051
194.464 1.90963 0.0183144
195.726 1.9328 0.0184241
196.996 1.95627 0.0185344
198.274 1.98002 0.018645
199.56 2.00408 0.0187562
200.855 2.02843 0.0188678
202.158 2.05309 0.0189798
203.469 2.07806 0.0190923
204.789 2.10333 0.0192052
206.118 2.12892 0.0193186
207.455 2.15483 0.0194325
208.801 2.18106 0.0195468
210.155 2.20761 0.0196616
211.519 2.2345 0.0197768
212.891 2.26172 0.0198924
214.272 2.28927 0.0200085
215.662 2.31716 0.020125
217.061 2.3454 0.020242
218.469 2.37399 0.0203594
219.886 2.40293 0.0204773
221.313 2.43222 0.0205955
222.749 2.46188 0.0207143
224.194 2.4919 0.0208334
225.648 2.52228 0.020953
227.112 2.55304 0.021073
228.585 2.58418 0.0211934
230.068 2.6157 0.0213143
231.561 2.6476 0.0214355
233.063 2.67989 0.0215572
234.575 2.71258 0.0216793
236.097 2.74566 0.0218018
237.628 2.77915 0.0219248
239.17 2.81304 0.0220481
240.722 2.84735 0.0221718
242.283 2.88207 0.0222959
243.855 2.91721 0.0224204
245.437 2.95278 0.0225453
247.029 2.98878 0.0226706
248.632 3.02521 0.0227963
250.245 3.06208 0.0229224
251.868 3.0994 0.0230488
253.502 3.13716 0.0231756
255.147 3.17538 0.0233028
256.802 3.21406 0.0234303
258.468 3.2532 0.0235582
260.145 3.29281 0.0236865
261.832 3.33289 0.0238151
263.531 3.37345 0.023944
265.24 3.4145 0.0240733
266.961 3.45603 0.0242029
268.693 3.49806 0.0243329
270.436 3.54059 0.0244632
272.191 3.58362 0.0245938
273.956 3.62716 0.0247247
275.734 3.67122 0.0248559
277.522 3.7158 0.0249874
279.323 3.76091 0.0251192
281.135 3.80654 0.0252513
282.959 3.85272 0.0253836
284.794 3.89944 0.0255163
286.642 3.9467 0.0256492
288.501 3.99452 0.0257824
290.373 4.0429 0.0259158
292.257 4.09185 0.0260495
294.153 4.14136 0.0261834
296.061 4.19146 0.0263175
297.982 4.24213 0.0264519
299.915 4.2934 0.0265865
301.86 4.34526 0.0267213
303.819 4.39771 0.0268562
305.79 4.45078 0.0269914
307.773 4.50446 0.0271267
309.77 4.55876 0.0272623
311.78 4.61368 0.0273979
313.802 4.66923 0.0275338
315.838 4.72542 0.0276697
317.887 4.78226 0.0278058
319.949 4.83974 0.0279421
322.025 4.89788 0.0280784
324.114 4.95668 0.0282148
326.217 5.01615 0.0283513
328.333 5.07629 0.0284879
330.463 5.13712 0.0286246
332.607 5.19863 0.0287613
334.764 5.26084 0.0288981
336.936 5.32374 0.0290348
339.122 5.38736 0.0291716
341.322 5.45169 0.0293085
343.536 5.51674 0.0294452
345.765 5.58251 0.029582
348.008 5.64902 0.0297188
350.266 5.71627 0.0298554
352.538 5.78426 0.0299921
354.825 5.85301 0.0301286
357.127 5.92252 0.0302651
359.444 5.9928 0.0304014
361.776 6.06385 0.0305376
364.123 6.13568 0.0306737
366.485 6.2083 0.0308096
368.862 6.28171 0.0309454
371.255 6.35592 0.0310809
373.664 6.43094 0.0312163
376.088 6.50678 0.0313514
378.528 6.58343 0.0314863
380.983 6.66092 0.0316209
383.455 6.73924 0.0317553
385.942 6.8184 0.0318893
388.446 6.89841 0.0320231
390.966 6.97927 0.0321565
393.502 7.061 0.0322895
396.055 7.1436 0.0324222
398.625 7.22707 0.0325545
401.211 7.31143 0.0326863
403.813 7.39668 0.0328178
406.433 7.48282 0.0329487
409.07 7.56987 0.0330792
411.724 7.65783 0.0332092
414.395 7.7467 0.0333386
417.083 7.8365 0.0334675
419.789 7.92723 0.0335958
422.512 8.01889 0.0337235
425.253 8.1115 0.0338506
428.012 8.20506 0.033977
430.788 8.29958 0.0341028
433.583 8.39506 0.0342278
436.396 8.49151 0.0343522
439.227 8.58894 0.0344757
442.076 8.68735 0.0345985
444.944 8.78675 0.0347205
447.831 8.88715 0.0348416
450.736 8.98855 0.0349619
453.66 9.09095 0.0350812
456.603 9.19437 0.0351996
459.565 9.29881 0.0353171
462.547 9.40428 0.0354336
465.547 9.51078 0.035549
468.567 9.61831 0.0356634
471.607 9.7269 0.0357767
474.667 9.83652 0.0358888
477.746 9.94721 0.0359998
480.845 10.059 0.0361097
483.965 10.1718 0.0362182
487.104 10.2856 0.0363256
490.264 10.4006 0.0364316
493.445 10.5166 0.0365363
496.646 10.6338 0.0366396
499.868 10.752 0.0367415
503.111 10.8713 0.0368419
506.375 10.9917 0.0369409
509.66 11.1132 0.0370383
512.966 11.2358 0.0371341
516.294 11.3596 0.0372284
519.643 11.4844 0.037321
523.014 11.6104 0.0374118
526.407 11.7375 0.037501
529.822 11.8657 0.0375883
533.26 11.995 0.0376738
536.719 12.1255 0.0377574
540.201 12.2571 0.0378392
543.705 12.3898 0.0379189
547.233 12.5237 0.0379966
550.783 12.6588 0.0380723
554.356 12.7949 0.0381458
557.952 12.9322 0.0382172
561.572 13.0707 0.0382863
565.215 13.2103 0.0383532
568.882 13.3511 0.0384177
572.572 13.4929 0.0384799
576.287 13.636 0.0385397
580.025 13.7802 0.0385969
583.788 13.9255 0.0386517
587.575 14.072 0.0387038
591.387 14.2196 0.0387533
595.224 14.3684 0.0388
599.085 14.5183 0.038844
602.971 14.6693 0.0388852
606.883 14.8215 0.0389235
610.82 14.9748 0.0389588
614.783 15.1293 0.0389911
618.771 15.2849 0.0390204
622.785 15.4415 0.0390465
626.826 15.5993 0.0390694
630.892 15.7583 0.039089
634.985 15.9183 0.0391053
639.104 16.0794 0.0391182
643.25 16.2416 0.0391276
647.423 16.4049 0.0391335
651.623 16.5693 0.0391357
655.851 16.7347 0.0391343
660.105 16.9012 0.0391291
664.388 17.0687 0.0391201
668.698 17.2373 0.0391072
673.036 17.4069 0.0390903
677.402 17.5776 0.0390694
681.797 17.7492 0.0390443
686.22 17.9218 0.0390151
690.671 18.0954 0.0389815
695.152 18.27 0.0389436
699.662 18.4455 0.0389012
704.201 18.622 0.0388543
708.769 18.7994 0.0388028
713.367 18.9777 0.0387467
717.995 19.1569 0.0386857
722.653 19.3369 0.0386199
727.341 19.5178 0.0385491
732.06 19.6995 0.0384733
736.809 19.882 0.0383924
741.589 20.0653 0.0383062
746.4 20.2494 0.0382148
751.242 20.4342 0.038118
756.115 20.6197 0.0380157
761.021 20.8059 0.0379078
765.958 20.9928 0.0377942
770.927 21.1803 0.0376749
775.928 21.3684 0.0375497
780.962 21.5571 0.0374186
786.028 21.7463 0.0372814
791.127 21.9361 0.0371381
796.26 22.1263 0.0369885
801.425 22.317 0.0368326
806.624 22.508 0.0366702
811.857 22.6995 0.0365013
817.124 22.8913 0.0363257
822.425 23.0833 0.0361433
827.76 23.2757 0.0359541
833.13 23.4682 0.0357579
838.535 23.6609 0.0355547
843.975 23.8538 0.0353442
849.45 24.0467 0.0351265
854.961 24.2397 0.0349014
860.507 24.4326 0.0346688
866.09 24.6255 0.0344285
871.708 24.8182 0.0341806
877.363 25.0108 0.0339248
883.055 25.2031 0.0336611
888.784 25.3952 0.0333893
894.55 25.5869 0.0331093
900.353 25.7782 0.032821
906.194 25.969 0.0325244
912.073 26.1593 0.0322192
917.99 26.349 0.0319054
923.945 26.5381 0.0315829
929.939 26.7264 0.0312514
935.972 26.9139 0.0309111
942.044 27.1005 0.0305616
948.155 27.2862 0.0302029
954.306 27.4709 0.0298349
960.497 27.6544 0.0294574
966.728 27.8367 0.0290704
973 28.0178 0.0286737
979.312 28.1975 0.0282672
985.665 28.3758 0.0278508
992.059 28.5525 0.0274244
998.495 28.7276 0.0269877
1004.97 28.901 0.0265409
1011.49 29.0725 0.0260836
1018.05 29.2421 0.0256158
1024.66 29.4097 0.0251374
1031.31 29.5752 0.0246483
1038 29.7384 0.0241483
1044.73 29.8993 0.0236373
1051.51 30.0578 0.0231153
1058.33 30.2136 0.022582
1065.2 30.3668 0.0220374
1072.11 30.5172 0.0214814
1079.06 30.6646 0.0209138
1086.06 30.809 0.0203346
1093.11 30.9502 0.0197435
1100.2 31.088 0.0191406
1107.34 31.2225 0.0185257
1114.52 31.3533 0.0178987
1121.75 31.4804 0.0172595
1129.03 31.6036 0.016608
1136.35 31.7228 0.015944
1143.72 31.8379 0.0152676
1151.14 31.9486 0.0145785
1158.61 32.0549 0.0138766
1166.13 32.1565 0.013162
1173.69 32.2533 0.0124344
1181.31 32.3451 0.0116937
1188.97 32.4319 0.01094
1196.68 32.5133 0.0101731
1204.45 32.5892 0.00939288
1212.26 32.6595 0.00859929
1220.12 32.724 0.00779223
1228.04 32.7824 0.00697163
1236.01 32.8346 0.00613741
1244.02 32.8805 0.00528949
1252.09 32.9197 0.0044278
1260.22 32.9521 0.00355227
1268.39 32.9775 0.00266284
1276.62 32.9957 0.00175943
1284.9 33.0064 0.000841999
1293.24 33.01 0
1301.63 33.01 0
1310.07 33.01 0
1318.57 33.01 0
1327.13 33.01 0
1335.74 33.01 0
1344.4 33.01 0
1353.12 33.01 0
1361.9 33.01 0
1370.74 33.01 0
1379.63 33.01 0
1388.58 33.01 0
1397.59 33.01 0
1406.65 33.01 0
1415.78 33.01 0
1424.96 33.01 0
1434.21 33.01 0
1443.51 33.01 0
1452.88 33.01 0
1462.3 33.01 0
1471.79 33.01 0
1481.34 33.01 0
1490.95 33.01 0
1500.62 33.01 0
1510.35 33.01 0
1520.15 33.01 0
1530.01 33.01 0
1539.94 33.01 0
1549.93 33.01 0
1559.98 33.01 0
1570.1 33.01 0
1580.29 33.01 0
1590.54 33.01 0
1600.86 33.01 0
1611.25 33.01 0
1621.7 33.01 0
1632.22 33.01 0
1642.81 33.01 0
1653.47 33.01 0
1664.19 33.01 0
1674.99 33.01 0
1685.85 33.01 0
1696.79 33.01 0
1707.8 33.01 0
1718.88 33.01 0
1730.03 33.01 0
1741.25 33.01 0
1752.55 33.01 0
1763.92 33.01 0
1775.36 33.01 0
1786.88 33.01 0
1798.47 33.01 0
1810.14 33.01 0
1821.88 33.01 0
1833.7 33.01 0
1845.6 33.01 0
1857.57 33.01 0
1869.62 33.01 0
1881.75 33.01 0
1893.96 33.01 0
1906.24 33.01 0
1918.61 33.01 0
1931.06 33.01 0
1943.58 33.01 0
1956.19 33.01 0
1968.88 33.01 0
1981.66 33.01 0
1994.51 33.01 0
2007.45 33.01 0
2020.47 33.01 0
2033.58 33.01 0
2046.77 33.01 0
2060.05 33.01 0
2073.42 33.01 0
2086.87 33.01 0
2100.41 33.01 0
2114.03 33.01 0
2127.75 33.01 0
2141.55 33.01 0
2155.44 33.01 0
2169.43 33.01 0
2183.5 33.01 0
2197.66 33.01 0
2211.92 33.01 0
2226.27 33.01 0
2240.71 33.01 0
2255.25 33.01 0
2269.88 33.01 0
2284.61 33.01 0
2299.43 33.01 0
2314.34 33.01 0
2329.36 33.01 0
2344.47 33.01 0
2359.68 33.01 0
2374.99 33.01 0
2390.39 33.01 0
2405.9 33.01 0
2421.51 33.01 0
2437.22 33.01 0
2453.03 33.01 0
2468.94 33.01 0
2484.96 33.01 0
2501.08 33.01 0
2517.31 33.01 0
2533.64 33.01 0
2550.07 33.01 0
2566.62 33.01 0
2583.27 33.01 0
2600.03 33.01 0
2616.89 33.01 0
2633.87 33.01 0
2650.96 33.01 0
2668.15 33.01 0
2685.46 33.01 0
2702.89 33.01 0
2720.42 33.01 0
2738.07 33.01 0
2755.83 33.01 0
2773.71 33.01 0
2791.7 33.01 0
2809.81 33.01 0
2828.04 33.01 0
2846.39 33.01 0
2864.85 33.01 0
2883.44 33.01 0
2902.15 33.01 0
2920.97 33.01 0
2939.92 33.01 0
2958.99 33.01 0
2978.19 33.01 0
2997.51 33.01 0
3016.96 33.01 0
3036.53 33.01 0
3056.23 33.01 0
3076.05 33.01 0
3096.01 33.01 0
3116.1 33.01 0
3136.31 33.01 0
3156.66 33.01 0
3177.14 33.01 0
3197.75 33.01 0
3218.49 33.01 0
3239.37 33.01 0
3260.39 33.01 0
3281.54 33.01 0
3302.83 33.01 0
3324.25 33.01 0
3345.82 33.01 0
3367.52 33.01 0
3389.37 33.01 0
3411.36 33.01 0
3433.49 33.01 0
3455.76 33.01 0
3478.18 33.01 0
3500.75 33.01 0
3523.46 33.01 0
3546.31 33.01 0
3569.32 33.01 0
3592.48 33.01 0
3615.78 33.01 0
3639.24 33.01 0
3662.85 33.01 0
3686.61 33.01 0
3710.53 33.01 0
3734.6 33.01 0
3758.82 33.01 0
3783.21 33.01 0
3807.75 33.01 0
3832.45 33.01 0
3857.32 33.01 0
3882.34 33.01 0
3907.53 33.01 0
3932.88 33.01 0
3958.39 33.01 0
3984.07 33.01 0
4009.92 33.01 0
4035.93 33.01 0
4062.11 33.01 0
4088.47 33.01 0
4114.99 33.01 0
4141.68 33.01 0
4168.55 33.01 0
4195.6 33.01 0
4222.81 33.01 0
4250.21 33.01 0
4277.78 33.01 0
4305.53 33.01 0
4333.46 33.01 0
4361.58 33.01 0
4389.87 33.01 0
4418.35 33.01 0
4447.01 33.01 0
4475.86 33.01 0
4504.9 33.01 0
4534.12 33.01 0
4563.54 33.01 0
4593.14 33.01 0
4622.94 33.01 0
4652.93 33.01 0
4683.12 33.01 0
4713.5 33.01 0
4744.08 33.01 0
4774.85 33.01 0
4805.83 33.0407 0.00198296
4837.01 33.3181 0.015811
4868.39 34.0305 0.0295952
4899.97 35.1803 0.0432163
4931.76 36.7661 0.056559
4963.75 38.7829 0.069516
4995.95 41.2223 0.0819916
5028.36 44.0727 0.0939039
5060.98 47.32 0.105187
5093.82 50.9476 0.115791
5126.86 54.9374 0.125684
5160.12 59.27 0.134848
5193.6 63.9253 0.143281
5227.29 68.8827 0.150992
5261.2 74.1219 0.158004
5295.33 79.623 0.164343
5329.68 85.3666 0.170048
5364.26 91.3344 0.175156
5399.06 97.5091 0.179711
5434.09 103.874 0.183756
5469.34 110.415 0.187336
5504.82 117.118 0.190494
5540.53 123.971 0.19327
5576.48 130.961 0.195703
5612.65 138.08 0.197831
5649.06 145.317 0.199687
5685.71 152.664 0.201302
5722.6 160.115 0.202705
5759.72 167.663 0.20392
5797.09 175.302 0.204972
5834.69 183.028 0.20588
5872.55 190.836 0.206663
5910.64 198.722 0.207336
5948.99 206.683 0.207915
5987.58 214.717 0.208412
6026.42 222.821 0.208837
6065.52 230.992 0.209202
6104.87 239.23 0.209513
6144.47 247.533 0.209778
6184.33 255.9 0.210005
6224.45 264.329 0.210198
6264.83 272.82 0.210361
6305.48 281.373 0.210501
6346.38 289.986 0.210619
6387.55 298.659 0.210719
6428.99 307.393 0.210803
6470.7 316.186 0.210875
6512.68 325.04 0.210935
6554.93 333.953 0.210986
6597.45 342.926 0.211029
6640.25 351.958 0.211065
6683.33 361.051 0.211095
6726.69 370.204 0.21112
6770.32 379.418 0.211142
6814.25 388.692 0.211159
6858.45 398.027 0.211174
6902.95 407.423 0.211187
6947.73 416.88 0.211197
6992.8 426.4 0.211206
7038.16 435.981 0.211213
7083.82 445.625 0.211219
7129.78 455.332 0.211224
7176.03 465.102 0.211228
7222.59 474.935 0.211231
7269.44 484.833 0.211234
7316.6 494.794 0.211237
7364.07 504.821 0.211238
7411.84 514.912 0.21124
7459.92 525.069 0.211241
7508.32 535.293 0.211242
7557.03 545.582 0.211243
7606.05 555.938 0.211244
7655.39 566.362 0.211245
7705.06 576.853 0.211245
7755.04 587.412 0.211245
7805.35 598.04 0.211246
7855.99 608.736 0.211246
7906.95 619.502 0.211246
7958.25 630.338 0.211246
8009.88 641.245 0.211247
8061.84 652.222 0.211247
8114.14 663.27 0.211247
8166.78 674.39 0.211247
8219.76 685.582 0.211247
8273.08 696.846 0.211247
8326.76 708.184 0.211247
8380.77 719.595 0.211247
8435.14 731.081 0.211247
8489.86 742.64 0.211247
8544.94 754.275 0.211247
8600.38 765.985 0.211247
8656.17 777.772 0.211247
8712.32 789.634 0.211247
8768.84 801.574 0.211247
8825.73 813.591 0.211247
8882.99 825.686 0.211247
8940.61 837.86 0.211247
8998.61 850.112 0.211247
9056.99 862.444 0.211247
9115.75 874.856 0.211247
9174.89 887.349 0.211247
9234.41 899.923 0.211247
9294.31 912.578 0.211247
9354.61 925.315 0.211247
9415.29 938.135 0.211247
9476.38 951.038 0.211247
9537.85 964.025 0.211247
9599.73 977.096 0.211247
9662 990.251 0.211247
9724.68 1003.49 0.211247
9787.77 1016.82 0.211247
9851.27 1030.23 0.211247
9915.18 1043.73 0.211247
9979.5 1057.32 0.211247
10044.2 1071 0.211247
10109.4 1084.76 0.211247
10175 1098.62 0.211247
10241 1112.56 0.211247
10307.4 1126.6 0.211247
10374.3 1140.72 0.211247
10441.6 1154.94 0.211247
10509.3 1169.25 0.211247
10577.5 1183.65 0.211247
10646.1 1198.15 0.211247
10715.2 1212.74 0.211247
10784.7 1227.42 0.211247
10854.7 1242.2 0.211247
10925.1 1257.08 0.211247
10996 1272.05 0.211247
11067.3 1287.12 0.211247
11139.1 1302.28 0.211247
11211.4 1317.55 0.211247
11284.1 1332.91 0.211247
11357.3 1348.38 0.211247
11431 1363.94 0.211247
11505.1 1379.61 0.211247
11579.8 1395.38 0.211247
11654.9 1411.25 0.211247
11730.5 1427.22 0.211247
11806.6 1443.29 0.211247
11883.2 1459.47 0.211247
11960.3 1475.76 0.211247
12037.9 1492.15 0.211247
12116 1508.65 0.211247
12194.6 1525.25 0.211247
12273.7 1541.96 0.211247
12353.3 1558.78 0.211247
12433.5 1575.71 0.211247
12514.1 1592.75 0.211247
12595.3 1609.9 0.211247
12677 1627.16 0.211247
12759.2 1644.54 0.211247
12842 1662.02 0.211247
12925.3 1679.62 0.211247
13009.2 1697.33 0.211247
13093.6 1715.16 0.211247
13178.5 1733.11 0.211247
13264 1751.17 0.211247
13350.1 1769.34 0.211247
13436.7 1787.64 0.211247
13523.8 1806.05 0.211247
13611.6 1824.59 0.211247
13699.9 1843.24 0.211247
13788.8 1862.01 0.211247
13878.2 1880.91 0.211247
13968.2 1899.93 0.211247
14058.9 1919.07 0.211247
14150.1 1938.34 0.211247
14241.9 1957.73 0.211247
14334.2 1977.25 0.211247
14427.2 1996.89 0.211247
14520.8 2016.67 0.211247
14615 2036.56 0.211247
14709.8 2056.59 0.211247
14805.3 2076.75 0.211247
14901.3 2097.04 0.211247
14998 2117.46 0.211247
15095.3 2138.02 0.211247
15193.2 2158.7 0.211247
15291.8 2179.53 0.211247
15391 2200.48 0.211247
15490.8 2221.57 0.211247
15591.3 2242.8 0.211247
15692.5 2264.17 0.211247
15794.3 2285.68 0.211247
15896.7 2307.32 0.211247
15999.9 2329.11 0.211247
16103.7 2351.03 0.211247
16208.1 2373.1 0.211247
16313.3 2395.31 0.211247
16419.1 2417.67 0.211247
16525.6 2440.17 0.211247
16632.8 2462.82 0.211247
16740.7 2485.61 0.211247
16849.3 2508.56 0.211247
16958.7 2531.65 0.211247
17068.7 2554.89 0.211247
17179.4 2578.28 0.211247
17290.8 2601.82 0.211247
17403 2625.52 0.211247
17515.9 2649.37 0.211247
17629.6 2673.37 0.211247
17743.9 2697.53 0.211247
17859 2721.85 0.211247
17974.9 2746.32 0.211247
18091.5 2770.96 0.211247
18208.9 2795.75 0.211247
18327 2820.7 0.211247
18445.9 2845.82 0.211247
18565.5 2871.1 0.211247
18686 2896.54 0.211247
18807.2 2922.15 0.211247
18929.2 2947.92 0.211247
19052 2973.87 0.211247
19175.6 2999.98 0.211247
19300 3026.25 0.211247
19425.2 3052.7 0.211247
19551.2 3079.32 0.211247
19678.1 3106.12 0.211247
19805.7 3133.09 0.211247
19934.2 3160.23 0.211247
20063.5 3187.55 0.211247
20193.7 3215.04 0.211247
20324.7 3242.72 0.211247
20456.6 3270.57 0.211247
20589.3 3298.6 0.211247
20722.8 3326.82 0.211247
20857.3 3355.22 0.211247
20992.6 3383.8 0.211247
21128.8 3412.57 0.211247
21265.8 3441.53 0.211247
21403.8 3470.67 0.211247
21542.7 3500 0.211247
21682.4 3529.53 0.211247
21823.1 3559.24 0.211247
21964.6 3589.15 0.211247
22107.1 3619.25 0.211247
22250.6 3649.55 0.211247
22394.9 3680.04 0.211247
22540.2 3710.73 0.211247
22686.4 3741.62 0.211247
22833.6 3772.71 0.211247
22981.7 3804 0.211247
23130.8 3835.5 0.211247
23280.9 3867.2 0.211247
23431.9 3899.1 0.211247
23583.9 3931.21 0.211247
23736.9 3963.53 0.211247
23890.9 3996.06 0.211247
24045.9 4028.8 0.211247
24201.9 4061.76 0.211247
24358.9 4094.92 0.211247
24516.9 4128.31 0.211247
24676 4161.91 0.211247
24836 4195.72 0.211247
24997.2 4229.76 0.211247
25159.3 4264.02 0.211247
25322.5 4298.49 0.211247
25486.8 4333.2 0.211247
25652.2 4368.13 0.211247
25818.6 4403.28 0.211247
25986.1 4438.66 0.211247
26154.7 4474.27 0.211247
26324.3 4510.12 0.211247
26495.1 4546.19 0.211247
26667 4582.5 0.211247
26840 4619.05 0.211247
27014.1 4655.83 0.211247
27189.4 4692.85 0.211247
27365.7 4730.11 0.211247
27543.3 4767.62 0.211247
27722 4805.36 0.211247
27901.8 4843.35 0.211247
28082.8 4881.59 0.211247
28265 4920.08 0.211247
28448.4 4958.81 0.211247
28632.9 4997.8 0.211247
28818.7 5037.04 0.211247
29005.6 5076.53 0.211247
29193.8 5116.28 0.211247
29383.2 5156.29 0.211247
29573.8 5196.56 0.211247
29765.7 5237.09 0.211247
29958.8 5277.88 0.211247
30153.1 5318.94 0.211247
30348.7 5360.26 0.211247
30545.6 5401.85 0.211247
30743.8 5443.71 0.211247
30943.2 5485.84 0.211247
31143.9 5528.25 0.211247
31346 5570.93 0.211247
31549.3 5613.89 0.211247
31754 5657.12 0.211247
31960 5700.64 0.211247
32167.3 5744.44 0.211247
32376 5788.52 0.211247
32586.1 5832.89 0.211247
32797.5 5877.55 0.211247
33010.2 5922.5 0.211247
33224.4 5967.73 0.211247
33439.9 6013.27 0.211247
33656.9 6059.09 0.211247
33875.2 6105.22 0.211247
34095 6151.64 0.211247
34316.1 6198.37 0.211247
34538.8 6245.39 0.211247
34762.8 6292.73 0.211247
34988.3 6340.37 0.211247
35215.3 6388.32 0.211247
35443.8 6436.58 0.211247
35673.7 6485.15 0.211247
35905.1 6534.04 0.211247
36138.1 6583.25 0.211247
36372.5 6632.77 0.211247
36608.5 6682.62 0.211247
36846 6732.79 0.211247
37085 6783.28 0.211247
37325.6 6834.1 0.211247
37567.7 6885.26 0.211247
37811.4 6936.74 0.211247
38056.7 6988.56 0.211247
38303.6 7040.71 0.211247
38552.1 7093.2 0.211247
38802.2 7146.04 0.211247
39053.9 7199.21 0.211247
39307.3 7252.73 0.211247
39562.3 7306.6 0.211247
39819 7360.82 0.211247
40077.3 7415.39 0.211247
40337.3 7470.31 0.211247
40599 7525.59 0.211247
40862.3 7581.23 0.211247
41127.4 7637.23 0.211247
41394.2 7693.59 0.211247
41662.8 7750.32 0.211247
41933.1 7807.42 0.211247
42205.1 7864.88 0.211247
42478.9 7922.72 0.211247
42754.5 7980.94 0.211247
43031.8 8039.53 0.211247
43311 8098.5 0.211247
43592 8157.86 0.211247
43874.8 8217.6 0.211247
44159.4 8277.72 0.211247
44445.9 8338.24 0.211247
44734.2 8399.15 0.211247
45024.4 8460.46 0.211247
45316.5 8522.16 0.211247
45610.5 8584.26 0.211247
45906.4 8646.77 0.211247
46204.2 8709.68 0.211247
46503.9 8773 0.211247
46805.6 8836.73 0.211247
47109.3 8900.88 0.211247
47414.9 8965.44 0.211247
47722.5 9030.41 0.211247
48032.1 9095.82 0.211247
48343.7 9161.64 0.211247
48657.3 9227.89 0.211247
48972.9 9294.57 0.211247
49290.7 9361.69 0.211247
49610.4 9429.24 0.211247
49932.3 9497.23 0.211247
50256.2 9565.65 0.211247
50582.2 9634.53 0.211247
50910.4 9703.85 0.211247
51240.6 9773.62 0.211247
51573.1 9843.84 0.211247
51907.6 9914.52 0.211247
52244.4 9985.65 0.211247
52583.3 10057.2 0.211247
52924.4 10129.3 0.211247
53267.8 10201.8 0.211247
53613.3 10274.8 0.211247
53961.1 10348.3 0.211247
54311.2 10422.3 0.211247
54663.5 10496.7 0.211247
55018.2 10571.6 0.211247
55375.1 10647 0.211247
55734.3 10722.9 0.211247
56095.9 10799.3 0.211247
