5.78741e-09 5.95396e-15 4.29514e-06
5.8738e-08 3.33166e-13 8.58285e-06
5.86595e-07 1.45059e-11 3.56977e-05
4.6076e-06 3.38009e-10 8.97843e-05
5.86875e-06 4.61297e-10 0.000114002
2.3369e-05 3.31505e-09 0.000192532
7.39119e-05 1.62978e-08 0.000292274
0.000147358 4.17301e-08 0.000330144
0.000152693 4.34471e-08 0.000292479
0.000165528 4.67976e-08 0.000304172
0.000294481 1.01986e-07 0.000463041
0.000466785 1.89679e-07 0.00054542
0.000739961 3.52227e-07 0.00041641
0.000792747 3.70702e-07 0.000446592
0.000859333 4.13069e-07 0.00055442
0.000931697 4.48502e-07 0.00055104
0.00117285 6.10601e-07 0.000697128
0.00147667 8.31244e-07 0.000750516
0.0017323 1.02935e-06 0.000535855
0.00185963 1.08409e-06 0.000525282
0.00294795 2.00733e-06 0.000908255
0.00467391 3.71532e-06 0.00105104
0.00633042 5.56999e-06 0.00091467
0.0070765 6.16755e-06 0.00093479
0.00933155 8.92099e-06 0.00127133
0.0117504 1.21316e-05 0.00137956
0.0154948 1.7543e-05 0.00122736
0.0177925 2.00421e-05 0.00125466
0.0234638 2.89812e-05 0.00164107
0.0295474 3.94039e-05 0.00177172
0.0354913 5.03041e-05 0.00128079
0.0389653 5.38549e-05 0.00125817
0.0549487 8.51279e-05 0.00191362
0.0590129 9.27925e-05 0.00199187
0.0713035 0.000119369 0.00114686
0.0787306 0.000125461 0.00110854
0.10265 0.000178607 0.00176378
0.112568 0.000193736 0.00180901
0.132297 0.000240204 0.00240921
0.146764 0.000275794 0.00181491
0.15911 0.000293738 0.00177613
0.191354 0.000375514 0.00260957
0.227502 0.000472769 0.000973271
0.245257 0.000484229 0.000805937
0.256566 0.000495831 0.00103354
0.268397 0.000508152 0.00104919
0.280773 0.000521236 0.00106507
0.293719 0.00053513 0.0010812
0.307263 0.000549885 0.00109757
0.321432 0.000565555 0.00111419
0.336253 0.000582195 0.00113106
0.351758 0.000599866 0.00114818
0.367978 0.000618631 0.00116556
0.384946 0.000638559 0.00118321
0.402697 0.000659722 0.00120112
0.421266 0.000682195 0.00121931
0.440691 0.000706061 0.00123777
0.461012 0.000731406 0.00125651
0.48227 0.00075832 0.00127553
0.504508 0.000786902 0.00129484
0.527771 0.000817254 0.00131445
0.552107 0.000849487 0.00133435
0.577566 0.000883717 0.00135455
0.604198 0.000920067 0.00137506
0.632059 0.000958668 0.00139588
0.661204 0.000999662 0.00141701
0.691693 0.00104319 0.00143847
0.723588 0.00108942 0.00146024
0.756953 0.00113852 0.00148235
0.791857 0.00119065 0.00150479
0.828371 0.00124602 0.00152758
0.866568 0.00130481 0.00155071
0.906527 0.00136725 0.00157418
0.948328 0.00143355 0.00159802
0.992057 0.00150396 0.00162221
1.0378 0.00157874 0.00164677
1.08566 0.00165815 0.0016717
1.13572 0.00174247 0.00169701
1.18809 0.00183202 0.00172271
1.24287 0.00192712 0.00174879
1.30018 0.00202811 0.00177526
1.36014 0.00213535 0.00180214
1.42285 0.00224924 0.00182943
1.48846 0.00237018 0.00185712
1.5571 0.00249862 0.00188524
1.6289 0.00263501 0.00191378
1.70401 0.00277985 0.00194276
1.78258 0.00293367 0.00197217
1.86478 0.00309701 0.00200203
1.95077 0.00327047 0.00203234
2.04072 0.00345468 0.00206311
2.13482 0.0036503 0.00209435
2.23326 0.00385804 0.00212606
2.33624 0.00407865 0.00215824
2.44396 0.00431292 0.00219092
2.55666 0.00456171 0.00222409
2.67455 0.00482591 0.00225776
2.79788 0.00510648 0.00229195
2.92689 0.00540443 0.00232665
3.06185 0.00572083 0.00236187
3.20304 0.00605684 0.00239763
3.35074 0.00641366 0.00243393
3.50524 0.00679259 0.00247078
3.66688 0.00719499 0.00250819
3.83596 0.00762232 0.00254616
4.01284 0.00807613 0.00258471
4.19788 0.00855804 0.00262385
4.39145 0.00906982 0.00266357
4.59395 0.00961329 0.0027039
4.80578 0.0101904 0.00274483
5.02738 0.0108033 0.00278639
5.2592 0.0114542 0.00282858
5.50171 0.0121454 0.0028714
5.7554 0.0128794 0.00291488
6.02079 0.0136589 0.00295901
6.29841 0.0144866 0.00300381
6.58884 0.0153657 0.00304928
6.89266 0.0162992 0.00309545
7.21049 0.0172905 0.00314232
7.54298 0.0183433 0.00318989
7.8908 0.0194612 0.00323819
8.25465 0.0206484 0.00328721
8.63529 0.0219092 0.00333698
9.03347 0.0232481 0.0033875
9.45002 0.0246699 0.00343879
9.88577 0.0261798 0.00349085
10.3416 0.0277832 0.00354371
10.8185 0.029486 0.00359736
11.3173 0.0312942 0.00365182
11.8392 0.0332145 0.00370711
12.3851 0.0352537 0.00376324
12.9562 0.0374193 0.00382021
13.5536 0.039719 0.00387805
14.1786 0.0421611 0.00393677
14.8324 0.0447546 0.00399637
15.5164 0.0475087 0.00405687
16.2318 0.0504335 0.00411829
16.9803 0.0535394 0.00418065
17.7633 0.0568378 0.00424394
18.5824 0.0603405 0.0043082
19.4392 0.0640601 0.00437342
20.3356 0.0680102 0.00443964
21.2733 0.072205 0.00450685
22.2543 0.0766597 0.00457509
23.2804 0.0813904 0.00464435
24.3539 0.0864141 0.00471467
25.4769 0.091749 0.00478605
26.6517 0.0974144 0.00485851
27.8806 0.103431 0.00493207
29.1662 0.10982 0.00500674
30.5111 0.116605 0.00508254
31.9181 0.12381 0.00515949
33.3898 0.131462 0.00523761
34.9295 0.139587 0.00531691
36.5401 0.148216 0.0053974
38.225 0.15738 0.00547912
39.9877 0.167111 0.00556208
41.8315 0.177445 0.00564629
43.7605 0.188419 0.00573177
45.7783 0.200073 0.00581855
47.8892 0.212449 0.00590664
50.0974 0.225592 0.00599607
52.4075 0.239549 0.00608685
54.8241 0.254371 0.00617901
57.3521 0.27011 0.00627256
59.9967 0.286825 0.00636752
62.7632 0.304575 0.00646393
65.6573 0.323425 0.00656179
68.6849 0.343443 0.00666114
71.852 0.364701 0.00676199
75.1652 0.387275 0.00686552
75.1652 0.387275 0.00686451
77.1406 0.403039 0.00909476
79.168 0.423792 0.0113787
81.2486 0.4499 0.0137175
83.3839 0.481747 0.0161121
85.5753 0.519742 0.0185635
87.8243 0.564313 0.0210729
90.1324 0.615916 0.0236413
92.5012 0.67503 0.0262696
94.9323 0.742161 0.028959
97.4272 0.817844 0.0317104
99.9877 0.902642 0.0345248
102.615 0.997147 0.0374032
105.312 1.10199 0.0403464
108.08 1.21782 0.0433554
110.92 1.34534 0.0464311
113.836 1.48527 0.0495742
116.827 1.63839 0.0527856
119.898 1.80549 0.0560659
123.049 1.98744 0.0594158
126.283 2.18511 0.0628358
129.601 2.39944 0.0663265
133.007 2.63142 0.0698882
136.503 2.88207 0.0735212
140.091 3.15247 0.0772258
143.772 3.44374 0.0810019
147.551 3.75708 0.0848495
151.429 4.09371 0.0887685
155.408 4.45492 0.0927583
159.493 4.84206 0.0968184
163.684 5.25654 0.100948
167.986 5.69983 0.105146
172.401 6.17346 0.109412
176.932 6.679 0.113743
181.582 7.21812 0.118139
186.354 7.79253 0.122596
191.251 8.40402 0.127113
196.278 9.05442 0.131687
201.436 9.74565 0.136314
206.73 10.4797 0.140991
212.163 11.2585 0.145714
217.739 12.0843 0.150478
223.461 12.9591 0.155279
229.334 13.8852 0.16011
235.361 14.8649 0.164966
241.547 15.9003 0.169838
247.895 16.994 0.174721
254.41 18.1482 0.179604
261.096 19.3654 0.184479
267.958 20.6479 0.189336
275 21.9983 0.194164
282.228 23.4188 0.19895
289.645 24.912 0.203682
297.257 26.4802 0.208344
305.069 28.1258 0.212923
313.087 29.8508 0.217401
321.315 31.6576 0.22176
329.76 33.5481 0.225981
338.426 35.5242 0.230044
347.32 37.5875 0.233925
356.448 39.7395 0.237602
365.816 41.9815 0.241049
375.43 44.3143 0.244238
385.297 46.7384 0.247143
395.423 49.2541 0.249731
405.815 51.861 0.251972
416.48 54.5583 0.253831
427.426 57.3445 0.255274
438.659 60.2176 0.256263
450.188 63.1748 0.25676
462.019 66.2124 0.256724
474.161 69.3259 0.256116
486.623 72.5099 0.254891
499.412 75.7576 0.253007
512.537 79.0614 0.250421
526.007 82.4121 0.247087
539.831 85.7994 0.242961
554.018 89.2111 0.238001
568.579 92.634 0.232161
583.522 96.0526 0.225403
598.857 99.4502 0.217687
614.596 102.808 0.208977
630.748 106.105 0.199242
647.325 109.318 0.188456
664.337 112.423 0.176598
681.797 115.393 0.163655
699.715 118.2 0.149623
718.104 120.813 0.13451
736.977 123.199 0.118334
756.345 125.324 0.101128
776.223 127.153 0.0829401
796.623 128.65 0.0638386
817.559 129.778 0.043911
839.046 130.5 0.0232684
861.097 130.779 0.00204826
883.727 130.802 0
906.952 130.802 0
930.788 130.802 0
955.25 130.802 0
980.355 130.802 0
1006.12 130.802 0
1032.56 130.802 0
1059.7 130.802 0
1087.55 130.802 0
1116.13 130.802 0
1145.46 130.802 0
1175.57 130.802 0
1206.46 130.802 0
1238.17 130.802 0
1270.71 130.802 0
1304.11 130.802 0
1338.38 130.802 0
1373.55 130.802 0
1409.65 130.802 0
1446.7 131.256 0.024502
1484.72 133.427 0.0896827
1523.74 138.336 0.161928
1563.79 146.375 0.239566
1604.88 157.883 0.320474
1647.06 173.125 0.402236
1690.35 192.27 0.482374
1734.77 215.393 0.558596
1780.37 242.465 0.629011
1827.16 273.377 0.69228
1875.17 307.95 0.747668
1924.46 345.962 0.795002
1975.03 387.172 0.834574
2026.94 431.333 0.867003
2080.21 478.213 0.893105
2134.88 527.605 0.913775
2190.99 579.326 0.929904
2248.57 633.229 0.94232
2307.66 689.194 0.951758
2368.31 747.131 0.958848
2430.55 806.976 0.964115
2494.43 868.684 0.967984
2559.99 932.234 0.970796
2627.27 997.617 0.972817
2696.31 1064.84 0.974255
2767.18 1133.91 0.975267
2839.9 1204.86 0.975971
2914.54 1277.72 0.976456
2991.13 1352.53 0.976786
3069.74 1429.32 0.977008
3150.42 1508.15 0.977156
3233.22 1589.06 0.977253
3318.19 1672.1 0.977316
3405.39 1757.33 0.977357
3494.89 1844.8 0.977383
3586.74 1934.58 0.977399
3681 2026.71 0.977409
3777.75 2121.26 0.977415
3877.03 2218.31 0.977418
3978.92 2317.9 0.977421
4083.49 2420.11 0.977422
4190.81 2525 0.977423
4300.95 2632.66 0.977423
4413.98 2743.14 0.977423
4529.99 2856.52 0.977423
4649.04 2972.89 0.977423
4771.22 3092.31 0.977423
4896.62 3214.87 0.977423
5025.3 3340.66 0.977423
5157.37 3469.74 0.977423
5292.92 3602.23 0.977423
5432.02 3738.19 0.977423
5574.78 3877.73 0.977423
5721.29 4020.93 0.977423
5871.65 4167.9 0.977423
6025.97 4318.73 0.977423
6184.33 4473.52 0.977423
6346.87 4632.38 0.977423
6513.67 4795.42 0.977423
6684.85 4962.74 0.977423
6860.54 5134.46 0.977423
7040.84 5310.69 0.977423
7225.88 5491.55 0.977423
7415.79 5677.17 0.977423
7610.68 5867.67 0.977423
7810.7 6063.17 0.977423
8015.97 6263.81 0.977423
8226.64 6469.72 0.977423
8442.85 6681.04 0.977423
8664.73 6897.92 0.977423
8892.45 7120.5 0.977423
9126.16 7348.93 0.977423
9366 7583.36 0.977423
9612.15 7823.95 0.977423
9864.77 8070.86 0.977423
10124 8324.27 0.977423
10390.1 8584.33 0.977423
10663.2 8851.23 0.977423
10943.4 9125.14 0.977423
11231 9406.25 0.977423
11526.2 9694.75 0.977423
11829.1 9990.83 0.977423
12140 10294.7 0.977423
12459 10606.5 0.977423
12786.5 10926.6 0.977423
13122.5 11255 0.977423
13467.4 11592.1 0.977423
13821.3 11938.1 0.977423
14184.5 12293.1 0.977423
14557.3 12657.5 0.977423
14939.9 13031.4 0.977423
15332.6 13415.2 0.977423
15735.5 13809.1 0.977423
16149.1 14213.3 0.977423
16573.5 14628.1 0.977423
17009 15053.8 0.977423
17456.1 15490.8 0.977423
17914.8 15939.2 0.977423
18385.6 16399.4 0.977423
18868.8 16871.7 0.977423
19364.7 17356.3 0.977423
19873.7 17853.8 0.977423
20396 18364.3 0.977423
20932 18888.2 0.977423
21482.1 19425.9 0.977423
22046.7 19977.7 0.977423
22626.1 20544.1 0.977423
23220.7 21125.3 0.977423
23831 21721.8 0.977423
24457.3 22333.9 0.977423
25100.1 22962.2 0.977423
25759.7 23607 0.977423
26436.7 24268.7 0.977423
27131.5 24947.8 0.977423
27844.5 25644.7 0.977423
28576.3 26360 0.977423
29327.3 27094 0.977423
30098.1 27847.4 0.977423
30889.1 28620.5 0.977423
31700.9 29414 0.977423
32534 30228.3 0.977423
33389.1 31064.1 0.977423
34266.6 31921.8 0.977423
35167.1 32802 0.977423
36091.4 33705.4 0.977423
37039.9 34632.5 0.977423
38013.3 35583.9 0.977423
39012.4 36560.4 0.977423
40037.7 37562.6 0.977423
41089.9 38591 0.977423
42169.8 39646.5 0.977423
43278.1 40729.8 0.977423
44415.4 41841.5 0.977423
45582.7 42982.4 0.977423
46780.7 44153.4 0.977423
48010.1 45355 0.977423
49271.9 46588.3 0.977423
50566.8 47854 0.977423
51895.8 49153 0.977423
53259.7 50486 0.977423
54659.4 51854.2 0.977423
56095.9 53258.2 0.977423
