5.78741e-09 5.95396e-15 4.29514e-06
5.8738e-08 3.33166e-13 8.58285e-06
5.86595e-07 1.45059e-11 3.56977e-05
4.6076e-06 3.38009e-10 8.97843e-05
5.86875e-06 4.61297e-10 0.000114002
2.3369e-05 3.31505e-09 0.000192532
7.39119e-05 1.62978e-08 0.000292274
0.000147358 4.17301e-08 0.000330144
0.000152693 4.34471e-08 0.000292479
0.000165528 4.67976e-08 0.000304172
0.000294481 1.01986e-07 0.000463041
0.000466785 1.89679e-07 0.00054542
0.000739961 3.52227e-07 0.00041641
0.000792747 3.70702e-07 0.000446592
0.000859333 4.13069e-07 0.00055442
0.000931697 4.48502e-07 0.00055104
0.00117285 6.10601e-07 0.000697128
0.00147667 8.31244e-07 0.000750516
0.0017323 1.02935e-06 0.000535855
0.00185963 1.08409e-06 0.000525282
0.00294795 2.00733e-06 0.000908255
0.00467391 3.71532e-06 0.00105104
0.00633042 5.56999e-06 0.00091467
0.0070765 6.16755e-06 0.00093479
0.00933155 8.92099e-06 0.00127133
0.0117504 1.21316e-05 0.00137956
0.0154948 1.7543e-05 0.00122736
0.0177925 2.00421e-05 0.00125466
0.0234638 2.89812e-05 0.00164107
0.0295474 3.94039e-05 0.00177172
0.0354913 5.03041e-05 0.00128079
0.0389653 5.38549e-05 0.00125817
0.0549487 8.51279e-05 0.00191362
0.0590129 9.27925e-05 0.00199187
0.0713035 0.000119369 0.00114686
0.0787306 0.000125461 0.00110854
0.10265 0.000178607 0.00176378
0.112568 0.000193736 0.00180901
0.132297 0.000240204 0.00240921
0.146764 0.000275794 0.00181491
0.15911 0.000293738 0.00177613
0.191354 0.000375514 0.00260957
0.227502 0.000472769 0.000973271
0.245257 0.000484229 0.000805937
0.256566 0.000495831 0.00103354
0.268397 0.000508152 0.00104919
0.280773 0.000521236 0.00106507
0.293719 0.00053513 0.0010812
0.307263 0.000549885 0.00109757
0.321432 0.000565555 0.00111419
0.336253 0.000582195 0.00113106
0.351758 0.000599866 0.00114818
0.367978 0.000618631 0.00116556
0.384946 0.000638559 0.00118321
0.402697 0.000659722 0.00120112
0.421266 0.000682195 0.00121931
0.440691 0.000706061 0.00123777
0.461012 0.000731406 0.00125651
0.48227 0.00075832 0.00127553
0.504508 0.000786902 0.00129484
0.527771 0.000817254 0.00131445
0.552107 0.000849487 0.00133435
0.577566 0.000883717 0.00135455
0.604198 0.000920067 0.00137506
0.632059 0.000958668 0.00139588
0.661204 0.000999662 0.00141701
0.691693 0.00104319 0.00143847
0.723588 0.00108942 0.00146024
0.756953 0.00113852 0.00148235
0.791857 0.00119065 0.00150479
0.828371 0.00124602 0.00152758
0.866568 0.00130481 0.00155071
0.906527 0.00136725 0.00157418
0.948328 0.00143355 0.00159802
0.992057 0.00150396 0.00162221
1.0378 0.00157874 0.00164677
1.08566 0.00165815 0.0016717
1.13572 0.00174247 0.00169701
1.18809 0.00183202 0.00172271
1.24287 0.00192712 0.00174879
1.30018 0.00202811 0.00177526
1.36014 0.00213535 0.00180214
1.42285 0.00224924 0.00182943
1.48846 0.00237018 0.00185712
1.5571 0.00249862 0.00188524
1.6289 0.00263501 0.00191378
1.70401 0.00277985 0.00194276
1.78258 0.00293367 0.00197217
1.86478 0.00309701 0.00200203
1.95077 0.00327047 0.00203234
2.04072 0.00345468 0.00206311
2.13482 0.0036503 0.00209435
2.23326 0.00385804 0.00212606
2.33624 0.00407865 0.00215824
2.44396 0.00431292 0.00219092
2.55666 0.00456171 0.00222409
2.67455 0.00482591 0.00225776
2.79788 0.00510648 0.00229195
2.92689 0.00540443 0.00232665
3.06185 0.00572083 0.00236187
3.20304 0.00605684 0.00239763
3.35074 0.00641366 0.00243393
3.50524 0.00679259 0.00247078
3.66688 0.00719499 0.00250819
3.83596 0.00762232 0.00254616
4.01284 0.00807613 0.00258471
4.19788 0.00855804 0.00262385
4.39145 0.00906982 0.00266357
4.59395 0.00961329 0.0027039
4.80578 0.0101904 0.00274483
5.02738 0.0108033 0.00278639
5.2592 0.0114542 0.00282858
5.50171 0.0121454 0.0028714
5.7554 0.0128794 0.00291488
6.02079 0.0136589 0.00295901
6.29841 0.0144866 0.00300381
6.58884 0.0153657 0.00304928
6.89266 0.0162992 0.00309545
7.21049 0.0172905 0.00314232
7.54298 0.0183433 0.00318989
7.8908 0.0194612 0.00323819
8.25465 0.0206484 0.00328721
8.63529 0.0219092 0.00333698
9.03347 0.0232481 0.0033875
9.45002 0.0246699 0.00343879
9.88577 0.0261798 0.00349085
10.3416 0.0277832 0.00354371
10.8185 0.029486 0.00359736
11.3173 0.0312942 0.00365182
11.8392 0.0332145 0.00370711
12.3851 0.0352537 0.00376324
12.9562 0.0374193 0.00382021
13.5536 0.039719 0.00387805
14.1786 0.0421611 0.00393677
14.8324 0.0447546 0.00399637
15.5164 0.0475087 0.00405687
16.2318 0.0504335 0.00411829
16.9803 0.0535394 0.00418065
17.7633 0.0568378 0.00424394
18.5824 0.0603405 0.0043082
19.4392 0.0640601 0.00437342
20.3356 0.0680102 0.00443964
21.2733 0.072205 0.00450685
22.2543 0.0766597 0.00457509
23.2804 0.0813904 0.00464435
24.3539 0.0864141 0.00471467
25.4769 0.091749 0.00478605
26.6517 0.0974144 0.00485851
27.8806 0.103431 0.00493207
29.1662 0.10982 0.00500674
30.5111 0.116605 0.00508254
31.9181 0.12381 0.00515949
33.3898 0.131462 0.00523761
34.9295 0.139587 0.00531691
36.5401 0.148216 0.0053974
38.225 0.15738 0.00547912
39.9877 0.167111 0.00556208
41.8315 0.177445 0.00564629
43.7605 0.188419 0.00573177
45.7783 0.200073 0.00581855
47.8892 0.212449 0.00590664
50.0974 0.225592 0.00599607
52.4075 0.239549 0.00608685
54.8241 0.254371 0.00617901
57.3521 0.27011 0.00627256
59.9967 0.286825 0.00636752
62.7632 0.304575 0.00646393
65.6573 0.323425 0.00656179
68.6849 0.343443 0.00666114
71.852 0.364701 0.00676199
75.1652 0.387275 0.00686552
75.1652 0.387275 0.00686451
77.1406 0.403083 0.00913964
79.168 0.423972 0.011468
81.2486 0.450311 0.0138506
83.3839 0.482489 0.0162883
85.5753 0.520917 0.0187822
87.8243 0.566027 0.0213332
90.1324 0.618277 0.0239421
92.5012 0.67815 0.02661
94.9323 0.746156 0.0293377
97.4272 0.822829 0.032126
99.9877 0.908736 0.034976
102.615 1.00447 0.0378883
105.312 1.11066 0.0408638
108.08 1.22797 0.0439032
110.92 1.35708 0.0470072
113.836 1.49873 0.0501766
116.827 1.65369 0.0534118
119.898 1.82275 0.0567134
123.049 2.00676 0.060082
126.283 2.20661 0.0635178
129.601 2.42323 0.0670212
133.007 2.65759 0.0705924
136.503 2.91072 0.0742316
140.091 3.18367 0.0779386
143.772 3.47757 0.0817134
147.551 3.79358 0.0855557
151.429 4.13293 0.089465
155.408 4.49688 0.0934407
159.493 4.88678 0.0974822
163.684 5.30399 0.101588
167.986 5.74997 0.105758
172.401 6.22622 0.10999
176.932 6.73429 0.114282
181.582 7.27581 0.118632
186.354 7.85246 0.123039
191.251 8.46597 0.127499
196.278 9.11815 0.132009
201.436 9.81087 0.136567
206.73 10.546 0.141169
212.163 11.3256 0.14581
217.739 12.1517 0.150485
223.461 13.0263 0.15519
229.334 13.9516 0.159919
235.361 14.9297 0.164666
241.547 15.963 0.169423
247.895 17.0536 0.174183
254.41 18.2039 0.178937
261.096 19.4161 0.183677
267.958 20.6927 0.188393
275 22.0359 0.193074
282.228 23.448 0.197707
289.645 24.9314 0.202281
297.257 26.4884 0.206781
305.069 28.121 0.211193
313.087 29.8316 0.215501
321.315 31.622 0.219686
329.76 33.4942 0.223731
338.426 35.45 0.227616
347.32 37.4909 0.231319
356.448 39.6183 0.234817
365.816 41.8334 0.238085
375.43 44.1368 0.241099
385.297 46.5292 0.243829
395.423 49.0104 0.246247
405.815 51.5802 0.24832
416.48 54.2377 0.250017
427.426 56.9813 0.251302
438.659 59.8089 0.252138
450.188 62.7177 0.252488
462.019 65.7039 0.252309
474.161 68.763 0.251562
486.623 71.8894 0.250201
499.412 75.0763 0.248181
512.537 78.3158 0.245456
526.007 81.5987 0.241976
539.831 84.9141 0.237694
554.018 88.2499 0.232557
568.579 91.592 0.226516
583.522 94.9246 0.219518
598.857 98.2296 0.211514
614.596 101.487 0.202451
630.748 104.675 0.192281
647.325 107.769 0.180956
664.337 110.741 0.168429
681.797 113.561 0.154657
699.715 116.197 0.139602
718.104 118.614 0.12323
736.977 120.773 0.10551
756.345 122.631 0.0864219
776.223 124.146 0.0659495
796.623 125.268 0.044087
817.559 125.948 0.0208381
839.046 126.172 0
861.097 126.172 0
883.727 126.172 0
906.952 126.172 0
930.788 126.172 0
955.25 126.172 0
980.355 126.172 0
1006.12 126.172 0
1032.56 126.172 0
1059.7 126.172 0
1087.55 126.172 0
1116.13 126.172 0
1145.46 126.172 0
1175.57 126.172 0
1206.46 126.172 0
1238.17 126.172 0
1270.71 126.172 0
1304.11 126.172 0
1338.38 126.172 0
1373.55 126.172 0
1409.65 126.172 0
1446.7 126.172 0
1484.72 126.172 0
1523.74 126.172 0
1563.79 126.172 0
1604.88 126.172 0
1647.06 126.172 0
1690.35 126.172 0
1734.77 126.172 0
1780.37 126.172 0
1827.16 126.172 0
1875.17 126.172 0
1924.46 126.172 0
1975.03 126.172 0
2026.94 128.767 0.100018
2080.21 138.207 0.254376
2134.88 156.167 0.402664
2190.99 182.523 0.536846
2248.57 216.739 0.651568
2307.66 257.996 0.744735
2368.31 305.356 0.817068
2430.55 357.894 0.871119
2494.43 414.788 0.910234
2559.99 475.363 0.937791
2627.27 539.096 0.956773
2696.31 605.601 0.969596
2767.18 674.61 0.978111
2839.9 745.945 0.983678
2914.54 819.496 0.987265
2991.13 895.206 0.989544
3069.74 973.05 0.990972
3150.42 1053.03 0.991854
3233.22 1135.18 0.992392
3318.19 1219.52 0.992715
3405.39 1306.1 0.992907
3494.89 1394.96 0.993018
3586.74 1486.17 0.993083
3681 1579.79 0.993119
3777.75 1675.86 0.993139
3877.03 1774.47 0.993151
3978.92 1875.66 0.993157
4083.49 1979.52 0.99316
4190.81 2086.1 0.993161
4300.95 2195.49 0.993162
4413.98 2307.75 0.993163
4529.99 2422.96 0.993163
4649.04 2541.2 0.993163
4771.22 2662.55 0.993163
4896.62 2787.08 0.993163
5025.3 2914.89 0.993163
5157.37 3046.06 0.993163
5292.92 3180.67 0.993163
5432.02 3318.82 0.993163
5574.78 3460.61 0.993163
5721.29 3606.12 0.993163
5871.65 3755.45 0.993163
6025.97 3908.71 0.993163
6184.33 4066 0.993163
6346.87 4227.42 0.993163
6513.67 4393.08 0.993163
6684.85 4563.09 0.993163
6860.54 4737.58 0.993163
7040.84 4916.65 0.993163
7225.88 5100.42 0.993163
7415.79 5289.03 0.993163
7610.68 5482.59 0.993163
7810.7 5681.24 0.993163
8015.97 5885.11 0.993163
8226.64 6094.34 0.993163
8442.85 6309.07 0.993163
8664.73 6529.44 0.993163
8892.45 6755.6 0.993163
9126.16 6987.7 0.993163
9366 7225.91 0.993163
9612.15 7470.38 0.993163
9864.77 7721.27 0.993163
10124 7978.75 0.993163
10390.1 8243 0.993163
10663.2 8514.2 0.993163
10943.4 8792.52 0.993163
11231 9078.16 0.993163
11526.2 9371.31 0.993163
11829.1 9672.15 0.993163
12140 9980.91 0.993163
12459 10297.8 0.993163
12786.5 10623 0.993163
13122.5 10956.7 0.993163
13467.4 11299.2 0.993163
13821.3 11650.8 0.993163
14184.5 12011.5 0.993163
14557.3 12381.7 0.993163
14939.9 12761.7 0.993163
15332.6 13151.7 0.993163
15735.5 13551.9 0.993163
16149.1 13962.6 0.993163
16573.5 14384.1 0.993163
17009 14816.7 0.993163
17456.1 15260.7 0.993163
17914.8 15716.3 0.993163
18385.6 16183.9 0.993163
18868.8 16663.8 0.993163
19364.7 17156.3 0.993163
19873.7 17661.7 0.993163
20396 18180.5 0.993163
20932 18712.8 0.993163
21482.1 19259.2 0.993163
22046.7 19819.9 0.993163
22626.1 20395.3 0.993163
23220.7 20985.9 0.993163
23831 21592 0.993163
24457.3 22214 0.993163
25100.1 22852.4 0.993163
25759.7 23507.5 0.993163
26436.7 24179.9 0.993163
27131.5 24869.9 0.993163
27844.5 25578.1 0.993163
28576.3 26304.9 0.993163
29327.3 27050.8 0.993163
30098.1 27816.3 0.993163
30889.1 28601.9 0.993163
31700.9 29408.1 0.993163
32534 30235.6 0.993163
33389.1 31084.7 0.993163
34266.6 31956.2 0.993163
35167.1 32850.6 0.993163
36091.4 33768.6 0.993163
37039.9 34710.6 0.993163
38013.3 35677.4 0.993163
39012.4 36669.6 0.993163
40037.7 37687.9 0.993163
41089.9 38732.9 0.993163
42169.8 39805.4 0.993163
43278.1 40906.1 0.993163
44415.4 42035.7 0.993163
45582.7 43195 0.993163
46780.7 44384.8 0.993163
48010.1 45605.8 0.993163
49271.9 46859 0.993163
50566.8 48145 0.993163
51895.8 49464.9 0.993163
53259.7 50819.5 0.993163
54659.4 52209.6 0.993163
56095.9 53636.3 0.993163
