5.78741e-09 5.95396e-15 4.29514e-06
5.8738e-08 3.33166e-13 8.58285e-06
5.86595e-07 1.45059e-11 3.56977e-05
4.6076e-06 3.38009e-10 8.97843e-05
5.86875e-06 4.61297e-10 0.000114002
2.3369e-05 3.31505e-09 0.000192532
7.39119e-05 1.62978e-08 0.000292274
0.000147358 4.17301e-08 0.000330144
0.000152693 4.34471e-08 0.000292479
0.000165528 4.67976e-08 0.000304172
0.000294481 1.01986e-07 0.000463041
0.000466785 1.89679e-07 0.00054542
0.000739961 3.52227e-07 0.00041641
0.000792747 3.70702e-07 0.000446592
0.000859333 4.13069e-07 0.00055442
0.000931697 4.48502e-07 0.00055104
0.00117285 6.10601e-07 0.000697128
0.00147667 8.31244e-07 0.000750516
0.0017323 1.02935e-06 0.000535855
0.00185963 1.08409e-06 0.000525282
0.00294795 2.00733e-06 0.000908255
0.00467391 3.71532e-06 0.00105104
0.00633042 5.56999e-06 0.00091467
0.0070765 6.16755e-06 0.00093479
0.00933155 8.92099e-06 0.00127133
0.0117504 1.21316e-05 0.00137956
0.0154948 1.7543e-05 0.00122736
0.0177925 2.00421e-05 0.00125466
0.0234638 2.89812e-05 0.00164107
0.0295474 3.94039e-05 0.00177172
0.0354913 5.03041e-05 0.00128079
0.0389653 5.38549e-05 0.00125817
0.0549487 8.51279e-05 0.00191362
0.0590129 9.27925e-05 0.00199187
0.0713035 0.000119369 0.00114686
0.0787306 0.000125461 0.00110854
0.10265 0.000178607 0.00176378
0.112568 0.000193736 0.00180901
0.132297 0.000240204 0.00240921
0.146764 0.000275794 0.00181491
0.15911 0.000293738 0.00177613
0.191354 0.000375514 0.00260957
0.227502 0.000472769 0.000973271
0.245257 0.000484229 0.000805937
0.256566 0.000495831 0.00103354
0.268397 0.000508152 0.00104919
0.280773 0.000521236 0.00106507
0.293719 0.00053513 0.0010812
0.307263 0.000549885 0.00109757
0.321432 0.000565555 0.00111419
0.336253 0.000582195 0.00113106
0.351758 0.000599866 0.00114818
0.367978 0.000618631 0.00116556
0.384946 0.000638559 0.00118321
0.402697 0.000659722 0.00120112
0.421266 0.000682195 0.00121931
0.440691 0.000706061 0.00123777
0.461012 0.000731406 0.00125651
0.48227 0.00075832 0.00127553
0.504508 0.000786902 0.00129484
0.527771 0.000817254 0.00131445
0.552107 0.000849487 0.00133435
0.577566 0.000883717 0.00135455
0.604198 0.000920067 0.00137506
0.632059 0.000958668 0.00139588
0.661204 0.000999662 0.00141701
0.691693 0.00104319 0.00143847
0.723588 0.00108942 0.00146024
0.756953 0.00113852 0.00148235
0.791857 0.00119065 0.00150479
0.828371 0.00124602 0.00152758
0.866568 0.00130481 0.00155071
0.906527 0.00136725 0.00157418
0.948328 0.00143355 0.00159802
0.992057 0.00150396 0.00162221
1.0378 0.00157874 0.00164677
1.08566 0.00165815 0.0016717
1.13572 0.00174247 0.00169701
1.18809 0.00183202 0.00172271
1.24287 0.00192712 0.00174879
1.30018 0.00202811 0.00177526
1.36014 0.00213535 0.00180214
1.42285 0.00224924 0.00182943
1.48846 0.00237018 0.00185712
1.5571 0.00249862 0.00188524
1.6289 0.00263501 0.00191378
1.70401 0.00277985 0.00194276
1.78258 0.00293367 0.00197217
1.86478 0.00309701 0.00200203
1.95077 0.00327047 0.00203234
2.04072 0.00345468 0.00206311
2.13482 0.0036503 0.00209435
2.23326 0.00385804 0.00212606
2.33624 0.00407865 0.00215824
2.44396 0.00431292 0.00219092
2.55666 0.00456171 0.00222409
2.67455 0.00482591 0.00225776
2.79788 0.00510648 0.00229195
2.92689 0.00540443 0.00232665
3.06185 0.00572083 0.00236187
3.20304 0.00605684 0.00239763
3.35074 0.00641366 0.00243393
3.50524 0.00679259 0.00247078
3.66688 0.00719499 0.00250819
3.83596 0.00762232 0.00254616
4.01284 0.00807613 0.00258471
4.19788 0.00855804 0.00262385
4.39145 0.00906982 0.00266357
4.59395 0.00961329 0.0027039
4.80578 0.0101904 0.00274483
5.02738 0.0108033 0.00278639
5.2592 0.0114542 0.00282858
5.50171 0.0121454 0.0028714
5.7554 0.0128794 0.00291488
6.02079 0.0136589 0.00295901
6.29841 0.0144866 0.00300381
6.58884 0.0153657 0.00304928
6.89266 0.0162992 0.00309545
7.21049 0.0172905 0.00314232
7.54298 0.0183433 0.00318989
7.8908 0.0194612 0.00323819
8.25465 0.0206484 0.00328721
8.63529 0.0219092 0.00333698
9.03347 0.0232481 0.0033875
9.45002 0.0246699 0.00343879
9.88577 0.0261798 0.00349085
10.3416 0.0277832 0.00354371
10.8185 0.029486 0.00359736
11.3173 0.0312942 0.00365182
11.8392 0.0332145 0.00370711
12.3851 0.0352537 0.00376324
12.9562 0.0374193 0.00382021
13.5536 0.039719 0.00387805
14.1786 0.0421611 0.00393677
14.8324 0.0447546 0.00399637
15.5164 0.0475087 0.00405687
16.2318 0.0504335 0.00411829
16.9803 0.0535394 0.00418065
17.7633 0.0568378 0.00424394
18.5824 0.0603405 0.0043082
19.4392 0.0640601 0.00437342
20.3356 0.0680102 0.00443964
21.2733 0.072205 0.00450685
22.2543 0.0766597 0.00457509
23.2804 0.0813904 0.00464435
24.3539 0.0864141 0.00471467
25.4769 0.091749 0.00478605
26.6517 0.0974144 0.00485851
27.8806 0.103431 0.00493207
29.1662 0.10982 0.00500674
30.5111 0.116605 0.00508254
31.9181 0.12381 0.00515949
33.3898 0.131462 0.00523761
34.9295 0.139587 0.00531691
36.5401 0.148216 0.0053974
38.225 0.15738 0.00547912
39.9877 0.167111 0.00556208
41.8315 0.177445 0.00564629
43.7605 0.188419 0.00573177
45.7783 0.200073 0.00581855
47.8892 0.212449 0.00590664
50.0974 0.225592 0.00599607
52.4075 0.239549 0.00608685
54.8241 0.254371 0.00617901
57.3521 0.27011 0.00627256
59.9967 0.286825 0.00636752
62.7632 0.304575 0.00646393
65.6573 0.323425 0.00656179
68.6849 0.343443 0.00666114
71.852 0.364701 0.00676199
75.1652 0.387275 0.00686552
75.1652 0.387275 0.00686451
75.6528 0.39069 0.0071391
76.1436 0.394261 0.00741543
76.6376 0.397993 0.00769352
77.1348 0.401887 0.00797336
77.6352 0.405948 0.00825497
78.1388 0.410177 0.00853837
78.6457 0.414577 0.00882355
79.1559 0.419152 0.00911055
79.6694 0.423905 0.00939935
80.1863 0.428838 0.00968999
80.7065 0.433955 0.00998245
81.23 0.439258 0.0102768
81.757 0.444752 0.0105729
82.2874 0.450439 0.010871
82.8212 0.456322 0.0111709
83.3585 0.462405 0.0114727
83.8993 0.468691 0.0117765
84.4436 0.475184 0.0120821
84.9914 0.481887 0.0123897
85.5428 0.488804 0.0126992
86.0977 0.495938 0.0130106
86.6563 0.503292 0.013324
87.2184 0.510871 0.0136394
87.7842 0.518678 0.0139568
88.3537 0.526718 0.0142762
88.9269 0.534993 0.0145976
89.5038 0.543507 0.014921
90.0845 0.552265 0.0152464
90.6689 0.561271 0.0155739
91.2571 0.570529 0.0159034
91.8491 0.580042 0.016235
92.4449 0.589815 0.0165687
93.0447 0.599853 0.0169045
93.6483 0.610158 0.0172424
94.2558 0.620737 0.0175824
94.8673 0.631593 0.0179245
95.4827 0.64273 0.0182688
96.1021 0.654154 0.0186153
96.7256 0.665868 0.0189639
97.3531 0.677878 0.0193146
97.9847 0.690188 0.0196676
98.6203 0.702802 0.0200228
99.2601 0.715727 0.0203802
99.904 0.728966 0.0207399
100.552 0.742525 0.0211018
101.204 0.756409 0.0214659
101.861 0.770623 0.0218323
102.522 0.785172 0.022201
103.187 0.800061 0.022572
103.856 0.815296 0.0229453
104.53 0.830882 0.023321
105.208 0.846824 0.023699
105.891 0.863129 0.0240793
106.578 0.879802 0.024462
107.269 0.896848 0.024847
107.965 0.914274 0.0252345
108.665 0.932085 0.0256244
109.37 0.950287 0.0260167
110.08 0.968887 0.0264114
110.794 0.98789 0.0268086
111.513 1.0073 0.0272082
112.236 1.02713 0.0276103
112.964 1.04738 0.0280149
113.697 1.06806 0.028422
114.435 1.08918 0.0288316
115.177 1.11073 0.0292438
115.924 1.13274 0.0296585
116.676 1.1552 0.0300757
117.433 1.17812 0.0304956
118.195 1.20152 0.030918
118.962 1.22539 0.031343
119.734 1.24974 0.0317706
120.51 1.27459 0.0322009
121.292 1.29993 0.0326338
122.079 1.32578 0.0330694
122.871 1.35214 0.0335077
123.668 1.37903 0.0339486
124.47 1.40644 0.0343922
125.278 1.43439 0.0348386
126.091 1.46289 0.0352877
126.909 1.49194 0.0357396
127.732 1.52155 0.0361942
128.561 1.55173 0.0366516
129.395 1.58249 0.0371118
130.234 1.61384 0.0375748
131.079 1.64578 0.0380406
131.929 1.67833 0.0385093
132.785 1.71149 0.0389808
133.646 1.74527 0.0394552
134.513 1.77969 0.0399324
135.386 1.81475 0.0404126
136.264 1.85045 0.0408957
137.148 1.88682 0.0413817
138.038 1.92385 0.0418707
138.934 1.96157 0.0423626
139.835 1.99998 0.0428576
140.742 2.03908 0.0433555
141.655 2.07889 0.0438564
142.574 2.11943 0.0443603
143.499 2.16069 0.0448673
144.43 2.2027 0.0453773
145.367 2.24546 0.0458904
146.31 2.28898 0.0464066
147.259 2.33327 0.0469259
148.215 2.37835 0.0474483
149.176 2.42422 0.0479738
150.144 2.47091 0.0485025
151.118 2.51841 0.0490344
152.098 2.56674 0.0495694
153.085 2.61592 0.0501076
154.078 2.66595 0.0506491
155.078 2.71685 0.0511937
156.084 2.76863 0.0517416
157.096 2.8213 0.0522928
158.115 2.87487 0.0528473
159.141 2.92937 0.053405
160.173 2.98479 0.053966
161.213 3.04116 0.0545304
162.258 3.09849 0.0550981
163.311 3.15679 0.0556692
164.37 3.21607 0.0562436
165.437 3.27635 0.0568214
166.51 3.33765 0.0574026
167.59 3.39997 0.0579873
168.678 3.46334 0.0585753
169.772 3.52776 0.0591669
170.873 3.59325 0.0597618
171.982 3.65983 0.0603603
173.097 3.72751 0.0609623
174.22 3.79631 0.0615677
175.351 3.86624 0.0621767
176.488 3.93731 0.0627893
177.633 4.00956 0.0634054
178.785 4.08298 0.064025
179.945 4.1576 0.0646483
181.113 4.23344 0.0652751
182.288 4.3105 0.0659056
183.47 4.38881 0.0665397
184.66 4.46839 0.0671775
185.858 4.54925 0.0678189
187.064 4.63141 0.0684641
188.278 4.71489 0.0691129
189.499 4.7997 0.0697654
190.728 4.88587 0.0704216
191.966 4.97341 0.0710816
193.211 5.06235 0.0717453
194.464 5.1527 0.0724129
195.726 5.24447 0.0730842
196.996 5.3377 0.0737592
198.274 5.4324 0.0744382
199.56 5.52858 0.0751209
200.855 5.62628 0.0758075
202.158 5.72551 0.0764979
203.469 5.82629 0.0771922
204.789 5.92864 0.0778904
206.118 6.03259 0.0785925
207.455 6.13815 0.0792985
208.801 6.24535 0.0800084
210.155 6.35421 0.0807223
211.519 6.46475 0.0814401
212.891 6.577 0.0821618
214.272 6.69097 0.0828876
215.662 6.8067 0.0836173
217.061 6.9242 0.0843511
218.469 7.0435 0.0850888
219.886 7.16462 0.0858306
221.313 7.28759 0.0865765
222.749 7.41243 0.0873264
224.194 7.53916 0.0880803
225.648 7.66782 0.0888383
227.112 7.79842 0.0896004
228.585 7.931 0.0903666
230.068 8.06558 0.091137
231.561 8.20218 0.0919114
233.063 8.34084 0.09269
234.575 8.48157 0.0934727
236.097 8.62442 0.0942595
237.628 8.76939 0.0950505
239.17 8.91653 0.0958457
240.722 9.06587 0.0966451
242.283 9.21742 0.0974486
243.855 9.37122 0.0982564
245.437 9.5273 0.0990683
247.029 9.68569 0.0998845
248.632 9.84642 0.100705
250.245 10.0095 0.101529
251.868 10.175 0.102358
253.502 10.3429 0.103191
255.147 10.5133 0.104029
256.802 10.6862 0.10487
258.468 10.8616 0.105716
260.145 11.0396 0.106566
261.832 11.2202 0.107421
263.531 11.4034 0.108279
265.24 11.5892 0.109142
266.961 11.7778 0.11001
268.693 11.9691 0.110881
270.436 12.1631 0.111757
272.191 12.3599 0.112637
273.956 12.5596 0.113521
275.734 12.7622 0.11441
277.522 12.9676 0.115303
279.323 13.176 0.1162
281.135 13.3874 0.117102
282.959 13.6018 0.118008
284.794 13.8192 0.118918
286.642 14.0398 0.119832
288.501 14.2635 0.120751
290.373 14.4903 0.121674
292.257 14.7204 0.122601
294.153 14.9538 0.123533
296.061 15.1904 0.124469
297.982 15.4303 0.125409
299.915 15.6737 0.126353
301.86 15.9205 0.127302
303.819 16.1707 0.128255
305.79 16.4244 0.129212
307.773 16.6817 0.130174
309.77 16.9426 0.131139
311.78 17.2071 0.132109
313.802 17.4753 0.133083
315.838 17.7472 0.134061
317.887 18.0229 0.135044
319.949 18.3024 0.13603
322.025 18.5858 0.137021
324.114 18.8731 0.138016
326.217 19.1643 0.139015
328.333 19.4596 0.140018
330.463 19.7589 0.141025
332.607 20.0623 0.142037
334.764 20.3699 0.143052
336.936 20.6816 0.144071
339.122 20.9977 0.145095
341.322 21.318 0.146122
343.536 21.6427 0.147154
345.765 21.9718 0.148189
348.008 22.3054 0.149228
350.266 22.6435 0.150271
352.538 22.9861 0.151318
354.825 23.3334 0.152369
357.127 23.6853 0.153424
359.444 24.042 0.154482
361.776 24.4035 0.155544
364.123 24.7698 0.15661
366.485 25.141 0.157679
368.862 25.5172 0.158753
371.255 25.8983 0.159829
373.664 26.2846 0.16091
376.088 26.6759 0.161993
378.528 27.0725 0.163081
380.983 27.4743 0.164171
383.455 27.8814 0.165265
385.942 28.2939 0.166363
388.446 28.7118 0.167464
390.966 29.1352 0.168568
393.502 29.5642 0.169675
396.055 29.9987 0.170785
398.625 30.439 0.171898
401.211 30.8849 0.173015
403.813 31.3367 0.174134
406.433 31.7944 0.175257
409.07 32.2579 0.176382
411.724 32.7275 0.17751
414.395 33.2032 0.17864
417.083 33.6849 0.179774
419.789 34.1729 0.18091
422.512 34.6671 0.182048
425.253 35.1677 0.183189
428.012 35.6746 0.184332
430.788 36.188 0.185478
433.583 36.708 0.186626
436.396 37.2346 0.187776
439.227 37.7678 0.188928
442.076 38.3078 0.190082
444.944 38.8546 0.191238
447.831 39.4082 0.192395
450.736 39.9689 0.193555
453.66 40.5365 0.194716
456.603 41.1113 0.195878
459.565 41.6933 0.197042
462.547 42.2824 0.198207
465.547 42.879 0.199373
468.567 43.4829 0.200541
471.607 44.0942 0.201709
474.667 44.7131 0.202878
477.746 45.3397 0.204048
480.845 45.9739 0.205219
483.965 46.6159 0.20639
487.104 47.2657 0.207562
490.264 47.9235 0.208734
493.445 48.5892 0.209906
496.646 49.263 0.211078
499.868 49.945 0.212249
503.111 50.6352 0.213421
506.375 51.3337 0.214592
509.66 52.0405 0.215762
512.966 52.7559 0.216932
516.294 53.4797 0.218101
519.643 54.2122 0.219269
523.014 54.9533 0.220436
526.407 55.7032 0.221601
529.822 56.462 0.222765
533.26 57.2296 0.223927
536.719 58.0063 0.225087
540.201 58.7921 0.226245
543.705 59.587 0.227401
547.233 60.3911 0.228555
550.783 61.2045 0.229706
554.356 62.0273 0.230854
557.952 62.8596 0.231999
561.572 63.7014 0.233141
565.215 64.5529 0.23428
568.882 65.414 0.235415
572.572 66.2849 0.236546
576.287 67.1656 0.237673
580.025 68.0563 0.238795
583.788 68.9569 0.239914
587.575 69.8676 0.241027
591.387 70.7885 0.242135
595.224 71.7196 0.243239
599.085 72.661 0.244337
602.971 73.6127 0.245429
606.883 74.5748 0.246515
610.82 75.5475 0.247595
614.783 76.5308 0.248668
618.771 77.5247 0.249734
622.785 78.5293 0.250794
626.826 79.5447 0.251846
630.892 80.5709 0.25289
634.985 81.6081 0.253927
639.104 82.6562 0.254955
643.25 83.7154 0.255975
647.423 84.7857 0.256986
651.623 85.8671 0.257988
655.851 86.9598 0.25898
660.105 88.0638 0.259963
664.388 89.1791 0.260935
668.698 90.3059 0.261897
673.036 91.4441 0.262848
677.402 92.5938 0.263788
681.797 93.755 0.264716
686.22 94.9279 0.265632
690.671 96.1124 0.266537
695.152 97.3087 0.267428
699.662 98.5167 0.268307
704.201 99.7365 0.269172
708.769 100.968 0.270023
713.367 102.212 0.27086
717.995 103.467 0.271683
722.653 104.734 0.27249
727.341 106.014 0.273282
732.06 107.305 0.274058
736.809 108.608 0.274818
741.589 109.924 0.275561
746.4 111.251 0.276287
751.242 112.591 0.276995
756.115 113.942 0.277686
761.021 115.306 0.278357
765.958 116.682 0.27901
770.927 118.07 0.279643
775.928 119.47 0.280256
780.962 120.882 0.280848
786.028 122.307 0.28142
791.127 123.743 0.28197
796.26 125.192 0.282498
801.425 126.652 0.283003
806.624 128.125 0.283485
811.857 129.609 0.283944
817.124 131.106 0.284379
822.425 132.615 0.284789
827.76 134.135 0.285173
833.13 135.667 0.285532
838.535 137.212 0.285864
843.975 138.767 0.28617
849.45 140.335 0.286448
854.961 141.914 0.286697
860.507 143.505 0.286918
866.09 145.107 0.28711
871.708 146.721 0.287272
877.363 148.346 0.287403
883.055 149.982 0.287503
888.784 151.629 0.287571
894.55 153.287 0.287607
900.353 154.956 0.287609
906.194 156.636 0.287578
912.073 158.327 0.287512
917.99 160.027 0.287412
923.945 161.739 0.287275
929.939 163.46 0.287103
935.972 165.192 0.286893
942.044 166.933 0.286645
948.155 168.684 0.286359
954.306 170.444 0.286034
960.497 172.214 0.285669
966.728 173.993 0.285264
973 175.78 0.284817
979.312 177.576 0.284328
985.665 179.381 0.283797
992.059 181.194 0.283222
998.495 183.015 0.282604
1004.97 184.843 0.28194
1011.49 186.679 0.281231
1018.05 188.522 0.280476
1024.66 190.372 0.279673
1031.31 192.228 0.278823
1038 194.09 0.277925
1044.73 195.959 0.276977
1051.51 197.833 0.27598
1058.33 199.712 0.274931
1065.2 201.595 0.273831
1072.11 203.484 0.27268
1079.06 205.376 0.271475
1086.06 207.272 0.270216
1093.11 209.171 0.268903
1100.2 211.073 0.267536
1107.34 212.978 0.266112
1114.52 214.884 0.264631
1121.75 216.792 0.263094
1129.03 218.701 0.261498
1136.35 220.61 0.259844
1143.72 222.519 0.25813
1151.14 224.428 0.256356
1158.61 226.335 0.254521
1166.13 228.241 0.252625
1173.69 230.145 0.250666
1181.31 232.046 0.248644
1188.97 233.943 0.246559
1196.68 235.837 0.24441
1204.45 237.726 0.242195
1212.26 239.609 0.239915
1220.12 241.487 0.237569
1228.04 243.358 0.235156
1236.01 245.221 0.232675
1244.02 247.077 0.230126
1252.09 248.923 0.227509
1260.22 250.761 0.224822
1268.39 252.587 0.222066
1276.62 254.403 0.219239
1284.9 256.207 0.216342
1293.24 257.998 0.213373
1301.63 259.775 0.210332
1310.07 261.538 0.207219
1318.57 263.286 0.204034
1327.13 265.017 0.200775
1335.74 266.731 0.197442
1344.4 268.427 0.194036
1353.12 270.104 0.190555
1361.9 271.762 0.187
1370.74 273.398 0.18337
1379.63 275.012 0.179664
1388.58 276.603 0.175883
1397.59 278.17 0.172027
1406.65 279.712 0.168094
1415.78 281.227 0.164085
1424.96 282.716 0.160001
1434.21 284.176 0.15584
1443.51 285.606 0.151602
1452.88 287.005 0.147289
1462.3 288.373 0.142899
1471.79 289.707 0.138432
1481.34 291.007 0.13389
1490.95 292.272 0.129271
1500.62 293.5 0.124576
1510.35 294.689 0.119806
1520.15 295.839 0.114961
1530.01 296.949 0.11004
1539.94 298.016 0.105044
1549.93 299.04 0.0999737
1559.98 300.02 0.0948295
1570.1 300.953 0.0896117
1580.29 301.839 0.0843209
1590.54 302.676 0.0789576
1600.86 303.462 0.0735224
1611.25 304.197 0.0680161
1621.7 304.879 0.0624393
1632.22 305.506 0.0567928
1642.81 306.077 0.0510774
1653.47 306.591 0.0452941
1664.19 307.045 0.0394437
1674.99 307.439 0.0335272
1685.85 307.771 0.0275458
1696.79 308.039 0.0215004
1707.8 308.242 0.0153922
1718.88 308.379 0.00922251
1730.03 308.447 0.00299252
1741.25 308.464 0
1752.55 308.464 0
1763.92 308.464 0
1775.36 308.464 0
1786.88 308.464 0
1798.47 308.464 0
1810.14 308.464 0
1821.88 308.464 0
1833.7 308.464 0
1845.6 308.464 0
1857.57 308.464 0
1869.62 308.464 0
1881.75 308.464 0
1893.96 308.464 0
1906.24 308.464 0
1918.61 308.464 0
1931.06 308.464 0
1943.58 308.464 0
1956.19 308.464 0
1968.88 308.464 0
1981.66 308.464 0
1994.51 308.464 0
2007.45 308.464 0
2020.47 308.464 0
2033.58 308.464 0
2046.77 308.464 0
2060.05 308.464 0
2073.42 308.464 0
2086.87 308.464 0
2100.41 308.464 0
2114.03 308.464 0
2127.75 308.464 0
2141.55 308.464 0
2155.44 308.464 0
2169.43 308.464 0
2183.5 308.464 0
2197.66 308.464 0
2211.92 308.464 0
2226.27 308.464 0
2240.71 308.464 0
2255.25 308.464 0
2269.88 308.464 0
2284.61 308.464 0
2299.43 308.464 0
2314.34 308.464 0
2329.36 308.464 0
2344.47 308.464 0
2359.68 308.464 0
2374.99 308.464 0
2390.39 308.464 0
2405.9 308.464 0
2421.51 308.464 0
2437.22 308.464 0
2453.03 308.464 0
2468.94 308.464 0
2484.96 308.464 0
2501.08 308.464 0
2517.31 308.464 0
2533.64 308.464 0
2550.07 308.464 0
2566.62 308.464 0
2583.27 308.464 0
2600.03 308.464 0
2616.89 308.464 0
2633.87 308.464 0
2650.96 308.464 0
2668.15 308.464 0
2685.46 308.464 0
2702.89 308.464 0
2720.42 308.464 0
2738.07 308.464 0
2755.83 308.464 0
2773.71 308.464 0
2791.7 308.464 0
2809.81 308.464 0
2828.04 308.464 0
2846.39 308.464 0
2864.85 308.464 0
2883.44 308.464 0
2902.15 308.464 0
2920.97 308.464 0
2939.92 308.464 0
2958.99 308.464 0
2978.19 308.464 0
2997.51 308.464 0
3016.96 308.464 0
3036.53 308.464 0
3056.23 308.464 0
3076.05 308.464 0
3096.01 308.464 0
3116.1 308.464 0
3136.31 308.464 0
3156.66 308.464 0
3177.14 308.464 0
3197.75 308.464 0
3218.49 308.464 0
3239.37 308.464 0
3260.39 308.464 0
3281.54 308.464 0
3302.83 308.464 0
3324.25 308.464 0
3345.82 308.464 0
3367.52 308.464 0
3389.37 308.464 0
3411.36 308.464 0
3433.49 308.464 0
3455.76 308.464 0
3478.18 308.464 0
3500.75 308.464 0
3523.46 308.464 0
3546.31 308.464 0
3569.32 308.464 0
3592.48 308.464 0
3615.78 308.464 0
3639.24 308.464 0
3662.85 308.464 0
3686.61 308.464 0
3710.53 308.464 0
3734.6 308.464 0
3758.82 308.464 0
3783.21 308.464 0
3807.75 308.464 0
3832.45 308.464 0
3857.32 308.464 0
3882.34 308.464 0
3907.53 308.464 0
3932.88 308.464 0
3958.39 308.464 0
3984.07 308.464 0
4009.92 308.464 0
4035.93 308.464 0
4062.11 308.464 0
4088.47 308.464 0
4114.99 308.464 0
4141.68 308.464 0
4168.55 308.464 0
4195.6 308.464 0
4222.81 308.464 0
4250.21 308.464 0
4277.78 308.464 0
4305.53 308.464 0
4333.46 308.464 0
4361.58 308.464 0
4389.87 308.464 0
4418.35 308.464 0
4447.01 308.464 0
4475.86 308.464 0
4504.9 308.464 0
4534.12 308.464 0
4563.54 308.464 0
4593.14 308.464 0
4622.94 308.464 0
4652.93 308.464 0
4683.12 308.464 0
4713.5 308.464 0
4744.08 308.464 0
4774.85 308.464 0
4805.83 308.464 0
4837.01 308.464 0
4868.39 308.464 0
4899.97 308.464 0
4931.76 308.464 0
4963.75 308.464 0
4995.95 308.464 0
5028.36 308.464 0
5060.98 308.464 0
5093.82 308.464 0
5126.86 308.464 0
5160.12 308.464 0
5193.6 308.464 0
5227.29 308.464 0
5261.2 308.464 0
5295.33 308.464 0
5329.68 308.464 0
5364.26 308.464 0
5399.06 308.464 0
5434.09 308.464 0
5469.34 308.464 0
5504.82 308.464 0
5540.53 308.464 0
5576.48 308.464 0
5612.65 308.464 0
5649.06 308.464 0
5685.71 308.464 0
5722.6 308.464 0
5759.72 308.464 0
5797.09 308.464 0
5834.69 308.464 0
5872.55 308.464 0
5910.64 308.464 0
5948.99 308.497 0.00174215
5987.58 308.615 0.00437501
6026.42 308.833 0.00685219
6065.52 309.146 0.00918053
6104.87 309.551 0.0113668
6144.47 310.042 0.0134177
6184.33 310.615 0.0153397
6224.45 311.266 0.0171394
6264.83 311.992 0.0188229
6305.48 312.789 0.0203965
6346.38 313.654 0.0218659
6387.55 314.582 0.023237
6428.99 315.572 0.0245152
6470.7 316.619 0.0257059
6512.68 317.721 0.0268141
6554.93 318.876 0.0278448
6597.45 320.08 0.0288027
6640.25 321.332 0.0296922
6683.33 322.629 0.0305175
6726.69 323.969 0.0312828
6770.32 325.349 0.0319919
6814.25 326.769 0.0326485
6858.45 328.225 0.0332559
6902.95 329.718 0.0338175
6947.73 331.244 0.0343364
6992.8 332.802 0.0348155
7038.16 334.392 0.0352575
7083.82 336.011 0.035665
7129.78 337.658 0.0360405
7176.03 339.333 0.0363862
7222.59 341.035 0.0367044
7269.44 342.761 0.0369969
7316.6 344.512 0.0372657
7364.07 346.287 0.0375125
7411.84 348.085 0.0377391
7459.92 349.904 0.0379468
7508.32 351.745 0.0381372
7557.03 353.607 0.0383115
7606.05 355.489 0.0384711
7655.39 357.391 0.0386171
7705.06 359.312 0.0387505
7755.04 361.252 0.0388724
7805.35 363.211 0.0389836
7855.99 365.187 0.0390851
7906.95 367.182 0.0391776
7958.25 369.193 0.0392618
8009.88 371.222 0.0393386
8061.84 373.268 0.0394084
8114.14 375.331 0.0394718
8166.78 377.41 0.0395295
8219.76 379.506 0.0395818
8273.08 381.618 0.0396293
8326.76 383.746 0.0396723
8380.77 385.89 0.0397113
8435.14 388.05 0.0397467
8489.86 390.226 0.0397786
8544.94 392.418 0.0398075
8600.38 394.625 0.0398336
8656.17 396.848 0.0398572
8712.32 399.087 0.0398785
8768.84 401.341 0.0398976
8825.73 403.612 0.0399149
8882.99 405.897 0.0399304
8940.61 408.199 0.0399444
8998.61 410.516 0.039957
9056.99 412.849 0.0399683
9115.75 415.198 0.0399784
9174.89 417.562 0.0399875
9234.41 419.942 0.0399957
9294.31 422.339 0.040003
9354.61 424.751 0.0400095
9415.29 427.179 0.0400154
9476.38 429.623 0.0400206
9537.85 432.084 0.0400252
9599.73 434.561 0.0400294
9662 437.054 0.0400331
9724.68 439.563 0.0400364
9787.77 442.089 0.0400394
9851.27 444.631 0.040042
9915.18 447.19 0.0400443
9979.5 449.766 0.0400464
10044.2 452.359 0.0400482
10109.4 454.969 0.0400498
10175 457.595 0.0400512
10241 460.239 0.0400525
10307.4 462.9 0.0400536
10374.3 465.578 0.0400546
10441.6 468.274 0.0400555
10509.3 470.987 0.0400563
10577.5 473.718 0.040057
10646.1 476.467 0.0400576
10715.2 479.234 0.0400581
10784.7 482.018 0.0400586
10854.7 484.821 0.040059
10925.1 487.642 0.0400593
10996 490.481 0.0400596
11067.3 493.339 0.0400599
11139.1 496.215 0.0400601
11211.4 499.11 0.0400604
11284.1 502.024 0.0400605
11357.3 504.956 0.0400607
11431 507.908 0.0400608
11505.1 510.879 0.040061
11579.8 513.869 0.0400611
11654.9 516.878 0.0400612
11730.5 519.907 0.0400612
11806.6 522.956 0.0400613
11883.2 526.024 0.0400614
11960.3 529.113 0.0400614
12037.9 532.221 0.0400615
12116 535.35 0.0400615
12194.6 538.498 0.0400615
12273.7 541.668 0.0400616
12353.3 544.858 0.0400616
12433.5 548.068 0.0400616
12514.1 551.3 0.0400616
12595.3 554.552 0.0400616
12677 557.825 0.0400617
12759.2 561.12 0.0400617
12842 564.436 0.0400617
12925.3 567.774 0.0400617
13009.2 571.133 0.0400617
13093.6 574.514 0.0400617
13178.5 577.917 0.0400617
13264 581.342 0.0400617
13350.1 584.789 0.0400617
13436.7 588.259 0.0400617
13523.8 591.751 0.0400617
13611.6 595.266 0.0400617
13699.9 598.803 0.0400617
13788.8 602.364 0.0400617
13878.2 605.947 0.0400617
13968.2 609.554 0.0400617
14058.9 613.184 0.0400617
14150.1 616.838 0.0400617
14241.9 620.516 0.0400617
14334.2 624.217 0.0400617
14427.2 627.943 0.0400617
14520.8 631.692 0.0400617
14615 635.466 0.0400617
14709.8 639.264 0.0400617
14805.3 643.087 0.0400617
14901.3 646.935 0.0400617
14998 650.808 0.0400617
15095.3 654.706 0.0400617
15193.2 658.629 0.0400617
15291.8 662.578 0.0400617
15391 666.552 0.0400617
15490.8 670.552 0.0400617
15591.3 674.578 0.0400617
15692.5 678.63 0.0400617
15794.3 682.709 0.0400617
15896.7 686.813 0.0400617
15999.9 690.945 0.0400617
16103.7 695.103 0.0400617
16208.1 699.288 0.0400617
16313.3 703.501 0.0400617
16419.1 707.741 0.0400617
16525.6 712.008 0.0400617
16632.8 716.303 0.0400617
16740.7 720.625 0.0400617
16849.3 724.976 0.0400617
16958.7 729.355 0.0400617
17068.7 733.763 0.0400617
17179.4 738.199 0.0400617
17290.8 742.664 0.0400617
17403 747.158 0.0400617
17515.9 751.68 0.0400617
17629.6 756.233 0.0400617
17743.9 760.815 0.0400617
17859 765.426 0.0400617
17974.9 770.068 0.0400617
18091.5 774.739 0.0400617
18208.9 779.441 0.0400617
18327 784.173 0.0400617
18445.9 788.937 0.0400617
18565.5 793.731 0.0400617
18686 798.556 0.0400617
18807.2 803.412 0.0400617
18929.2 808.3 0.0400617
19052 813.22 0.0400617
19175.6 818.171 0.0400617
19300 823.155 0.0400617
19425.2 828.171 0.0400617
19551.2 833.219 0.0400617
19678.1 838.3 0.0400617
19805.7 843.415 0.0400617
19934.2 848.562 0.0400617
20063.5 853.743 0.0400617
20193.7 858.957 0.0400617
20324.7 864.206 0.0400617
20456.6 869.488 0.0400617
20589.3 874.804 0.0400617
20722.8 880.155 0.0400617
20857.3 885.541 0.0400617
20992.6 890.962 0.0400617
21128.8 896.418 0.0400617
21265.8 901.909 0.0400617
21403.8 907.436 0.0400617
21542.7 912.999 0.0400617
21682.4 918.597 0.0400617
21823.1 924.233 0.0400617
21964.6 929.904 0.0400617
22107.1 935.613 0.0400617
22250.6 941.358 0.0400617
22394.9 947.141 0.0400617
22540.2 952.961 0.0400617
22686.4 958.819 0.0400617
22833.6 964.716 0.0400617
22981.7 970.65 0.0400617
23130.8 976.623 0.0400617
23280.9 982.634 0.0400617
23431.9 988.685 0.0400617
23583.9 994.775 0.0400617
23736.9 1000.9 0.0400617
23890.9 1007.07 0.0400617
24045.9 1013.28 0.0400617
24201.9 1019.53 0.0400617
24358.9 1025.82 0.0400617
24516.9 1032.15 0.0400617
24676 1038.52 0.0400617
24836 1044.94 0.0400617
24997.2 1051.39 0.0400617
25159.3 1057.89 0.0400617
25322.5 1064.43 0.0400617
25486.8 1071.01 0.0400617
25652.2 1077.63 0.0400617
25818.6 1084.3 0.0400617
25986.1 1091.01 0.0400617
26154.7 1097.76 0.0400617
26324.3 1104.56 0.0400617
26495.1 1111.4 0.0400617
26667 1118.29 0.0400617
26840 1125.22 0.0400617
27014.1 1132.19 0.0400617
27189.4 1139.22 0.0400617
27365.7 1146.28 0.0400617
27543.3 1153.39 0.0400617
27722 1160.55 0.0400617
27901.8 1167.76 0.0400617
28082.8 1175.01 0.0400617
28265 1182.31 0.0400617
28448.4 1189.65 0.0400617
28632.9 1197.05 0.0400617
28818.7 1204.49 0.0400617
29005.6 1211.98 0.0400617
29193.8 1219.52 0.0400617
29383.2 1227.1 0.0400617
29573.8 1234.74 0.0400617
29765.7 1242.43 0.0400617
29958.8 1250.16 0.0400617
30153.1 1257.95 0.0400617
30348.7 1265.78 0.0400617
30545.6 1273.67 0.0400617
30743.8 1281.61 0.0400617
30943.2 1289.6 0.0400617
31143.9 1297.64 0.0400617
31346 1305.74 0.0400617
31549.3 1313.88 0.0400617
31754 1322.08 0.0400617
31960 1330.34 0.0400617
32167.3 1338.64 0.0400617
32376 1347 0.0400617
32586.1 1355.42 0.0400617
32797.5 1363.89 0.0400617
33010.2 1372.41 0.0400617
33224.4 1380.99 0.0400617
33439.9 1389.62 0.0400617
33656.9 1398.31 0.0400617
33875.2 1407.06 0.0400617
34095 1415.87 0.0400617
34316.1 1424.73 0.0400617
34538.8 1433.65 0.0400617
34762.8 1442.62 0.0400617
34988.3 1451.66 0.0400617
35215.3 1460.75 0.0400617
35443.8 1469.9 0.0400617
35673.7 1479.11 0.0400617
35905.1 1488.39 0.0400617
36138.1 1497.72 0.0400617
36372.5 1507.11 0.0400617
36608.5 1516.56 0.0400617
36846 1526.08 0.0400617
37085 1535.65 0.0400617
37325.6 1545.29 0.0400617
37567.7 1554.99 0.0400617
37811.4 1564.75 0.0400617
38056.7 1574.58 0.0400617
38303.6 1584.47 0.0400617
38552.1 1594.43 0.0400617
38802.2 1604.45 0.0400617
39053.9 1614.53 0.0400617
39307.3 1624.68 0.0400617
39562.3 1634.9 0.0400617
39819 1645.18 0.0400617
40077.3 1655.53 0.0400617
40337.3 1665.94 0.0400617
40599 1676.43 0.0400617
40862.3 1686.98 0.0400617
41127.4 1697.6 0.0400617
41394.2 1708.29 0.0400617
41662.8 1719.05 0.0400617
41933.1 1729.87 0.0400617
42205.1 1740.77 0.0400617
42478.9 1751.74 0.0400617
42754.5 1762.78 0.0400617
43031.8 1773.89 0.0400617
43311 1785.08 0.0400617
43592 1796.33 0.0400617
43874.8 1807.66 0.0400617
44159.4 1819.06 0.0400617
44445.9 1830.54 0.0400617
44734.2 1842.09 0.0400617
45024.4 1853.72 0.0400617
45316.5 1865.42 0.0400617
45610.5 1877.2 0.0400617
45906.4 1889.05 0.0400617
46204.2 1900.98 0.0400617
46503.9 1912.99 0.0400617
46805.6 1925.08 0.0400617
47109.3 1937.24 0.0400617
47414.9 1949.48 0.0400617
47722.5 1961.81 0.0400617
48032.1 1974.21 0.0400617
48343.7 1986.69 0.0400617
48657.3 1999.26 0.0400617
48972.9 2011.9 0.0400617
49290.7 2024.63 0.0400617
49610.4 2037.44 0.0400617
49932.3 2050.34 0.0400617
50256.2 2063.31 0.0400617
50582.2 2076.37 0.0400617
50910.4 2089.52 0.0400617
51240.6 2102.75 0.0400617
51573.1 2116.07 0.0400617
51907.6 2129.47 0.0400617
52244.4 2142.96 0.0400617
52583.3 2156.54 0.0400617
52924.4 2170.21 0.0400617
53267.8 2183.96 0.0400617
53613.3 2197.81 0.0400617
53961.1 2211.74 0.0400617
54311.2 2225.76 0.0400617
54663.5 2239.88 0.0400617
55018.2 2254.09 0.0400617
55375.1 2268.38 0.0400617
55734.3 2282.78 0.0400617
56095.9 2297.26 0.0400617
