5.78741e-09 5.95396e-15 4.29514e-06
5.8738e-08 3.33166e-13 8.58285e-06
5.86595e-07 1.45059e-11 3.56977e-05
4.6076e-06 3.38009e-10 8.97843e-05
5.86875e-06 4.61297e-10 0.000114002
2.3369e-05 3.31505e-09 0.000192532
7.39119e-05 1.62978e-08 0.000292274
0.000147358 4.17301e-08 0.000330144
0.000152693 4.34471e-08 0.000292479
0.000165528 4.67976e-08 0.000304172
0.000294481 1.01986e-07 0.000463041
0.000466785 1.89679e-07 0.00054542
0.000739961 3.52227e-07 0.00041641
0.000792747 3.70702e-07 0.000446592
0.000859333 4.13069e-07 0.00055442
0.000931697 4.48502e-07 0.00055104
0.00117285 6.10601e-07 0.000697128
0.00147667 8.31244e-07 0.000750516
0.0017323 1.02935e-06 0.000535855
0.00185963 1.08409e-06 0.000525282
0.00294795 2.00733e-06 0.000908255
0.00467391 3.71532e-06 0.00105104
0.00633042 5.56999e-06 0.00091467
0.0070765 6.16755e-06 0.00093479
0.00933155 8.92099e-06 0.00127133
0.0117504 1.21316e-05 0.00137956
0.0154948 1.7543e-05 0.00122736
0.0177925 2.00421e-05 0.00125466
0.0234638 2.89812e-05 0.00164107
0.0295474 3.94039e-05 0.00177172
0.0354913 5.03041e-05 0.00128079
0.0389653 5.38549e-05 0.00125817
0.0549487 8.51279e-05 0.00191362
0.0590129 9.27925e-05 0.00199187
0.0713035 0.000119369 0.00114686
0.0787306 0.000125461 0.00110854
0.10265 0.000178607 0.00176378
0.112568 0.000193736 0.00180901
0.132297 0.000240204 0.00240921
0.146764 0.000275794 0.00181491
0.15911 0.000293738 0.00177613
0.191354 0.000375514 0.00260957
0.227502 0.000472769 0.000973271
0.245257 0.000484229 0.000805937
0.256566 0.000495831 0.00103354
0.268397 0.000508152 0.00104919
0.280773 0.000521236 0.00106507
0.293719 0.00053513 0.0010812
0.307263 0.000549885 0.00109757
0.321432 0.000565555 0.00111419
0.336253 0.000582195 0.00113106
0.351758 0.000599866 0.00114818
0.367978 0.000618631 0.00116556
0.384946 0.000638559 0.00118321
0.402697 0.000659722 0.00120112
0.421266 0.000682195 0.00121931
0.440691 0.000706061 0.00123777
0.461012 0.000731406 0.00125651
0.48227 0.00075832 0.00127553
0.504508 0.000786902 0.00129484
0.527771 0.000817254 0.00131445
0.552107 0.000849487 0.00133435
0.577566 0.000883717 0.00135455
0.604198 0.000920067 0.00137506
0.632059 0.000958668 0.00139588
0.661204 0.000999662 0.00141701
0.691693 0.00104319 0.00143847
0.723588 0.00108942 0.00146024
0.756953 0.00113852 0.00148235
0.791857 0.00119065 0.00150479
0.828371 0.00124602 0.00152758
0.866568 0.00130481 0.00155071
0.906527 0.00136725 0.00157418
0.948328 0.00143355 0.00159802
0.992057 0.00150396 0.00162221
1.0378 0.00157874 0.00164677
1.08566 0.00165815 0.0016717
1.13572 0.00174247 0.00169701
1.18809 0.00183202 0.00172271
1.24287 0.00192712 0.00174879
1.30018 0.00202811 0.00177526
1.36014 0.00213535 0.00180214
1.42285 0.00224924 0.00182943
1.48846 0.00237018 0.00185712
1.5571 0.00249862 0.00188524
1.6289 0.00263501 0.00191378
1.70401 0.00277985 0.00194276
1.78258 0.00293367 0.00197217
1.86478 0.00309701 0.00200203
1.95077 0.00327047 0.00203234
2.04072 0.00345468 0.00206311
2.13482 0.0036503 0.00209435
2.23326 0.00385804 0.00212606
2.33624 0.00407865 0.00215824
2.44396 0.00431292 0.00219092
2.55666 0.00456171 0.00222409
2.67455 0.00482591 0.00225776
2.79788 0.00510648 0.00229195
2.92689 0.00540443 0.00232665
3.06185 0.00572083 0.00236187
3.20304 0.00605684 0.00239763
3.35074 0.00641366 0.00243393
3.50524 0.00679259 0.00247078
3.66688 0.00719499 0.00250819
3.83596 0.00762232 0.00254616
4.01284 0.00807613 0.00258471
4.19788 0.00855804 0.00262385
4.39145 0.00906982 0.00266357
4.59395 0.00961329 0.0027039
4.80578 0.0101904 0.00274483
5.02738 0.0108033 0.00278639
5.2592 0.0114542 0.00282858
5.50171 0.0121454 0.0028714
5.7554 0.0128794 0.00291488
6.02079 0.0136589 0.00295901
6.29841 0.0144866 0.00300381
6.58884 0.0153657 0.00304928
6.89266 0.0162992 0.00309545
7.21049 0.0172905 0.00314232
7.54298 0.0183433 0.00318989
7.8908 0.0194612 0.00323819
8.25465 0.0206484 0.00328721
8.63529 0.0219092 0.00333698
9.03347 0.0232481 0.0033875
9.45002 0.0246699 0.00343879
9.88577 0.0261798 0.00349085
10.3416 0.0277832 0.00354371
10.8185 0.029486 0.00359736
11.3173 0.0312942 0.00365182
11.8392 0.0332145 0.00370711
12.3851 0.0352537 0.00376324
12.9562 0.0374193 0.00382021
13.5536 0.039719 0.00387805
14.1786 0.0421611 0.00393677
14.8324 0.0447546 0.00399637
15.5164 0.0475087 0.00405687
16.2318 0.0504335 0.00411829
16.9803 0.0535394 0.00418065
17.7633 0.0568378 0.00424394
18.5824 0.0603405 0.0043082
19.4392 0.0640601 0.00437342
20.3356 0.0680102 0.00443964
21.2733 0.072205 0.00450685
22.2543 0.0766597 0.00457509
23.2804 0.0813904 0.00464435
24.3539 0.0864141 0.00471467
25.4769 0.091749 0.00478605
26.6517 0.0974144 0.00485851
27.8806 0.103431 0.00493207
29.1662 0.10982 0.00500674
30.5111 0.116605 0.00508254
31.9181 0.12381 0.00515949
33.3898 0.131462 0.00523761
34.9295 0.139587 0.00531691
36.5401 0.148216 0.0053974
38.225 0.15738 0.00547912
39.9877 0.167111 0.00556208
41.8315 0.177445 0.00564629
43.7605 0.188419 0.00573177
45.7783 0.200073 0.00581855
47.8892 0.212449 0.00590664
50.0974 0.225592 0.00599607
52.4075 0.239549 0.00608685
54.8241 0.254371 0.00617901
57.3521 0.27011 0.00627256
59.9967 0.286825 0.00636752
62.7632 0.304575 0.00646393
65.6573 0.323425 0.00656179
68.6849 0.343443 0.00666114
71.852 0.364701 0.00676199
75.1652 0.387275 0.00686552
75.1652 0.387275 0.00686451
75.6528 0.390671 0.00706434
76.1436 0.394188 0.00726541
76.6376 0.397827 0.00746775
77.1348 0.40159 0.00767135
77.6352 0.40548 0.00787623
78.1388 0.409499 0.00808239
78.6457 0.413649 0.00828984
79.1559 0.417931 0.00849858
79.6694 0.422349 0.00870864
80.1863 0.426905 0.00892001
80.7065 0.4316 0.00913269
81.23 0.436438 0.00934671
81.757 0.44142 0.00956206
82.2874 0.446549 0.00977876
82.8212 0.451828 0.00999682
83.3585 0.457258 0.0102162
83.8993 0.462842 0.010437
84.4436 0.468583 0.0106592
84.9914 0.474484 0.0108827
85.5428 0.480546 0.0111077
86.0977 0.486773 0.011334
86.6563 0.493167 0.0115617
87.2184 0.499731 0.0117909
87.7842 0.506468 0.0120215
88.3537 0.51338 0.0122535
88.9269 0.520471 0.012487
89.5038 0.527742 0.0127219
90.0845 0.535198 0.0129583
90.6689 0.54284 0.0131962
91.2571 0.550673 0.0134355
91.8491 0.558698 0.0136763
92.4449 0.566919 0.0139187
93.0447 0.57534 0.0141625
93.6483 0.583963 0.0144078
94.2558 0.592791 0.0146547
94.8673 0.601828 0.0149031
95.4827 0.611076 0.015153
96.1021 0.620541 0.0154045
96.7256 0.630223 0.0156575
97.3531 0.640128 0.0159121
97.9847 0.650259 0.0161683
98.6203 0.660618 0.016426
99.2601 0.67121 0.0166854
99.904 0.682038 0.0169463
100.552 0.693107 0.0172089
101.204 0.704418 0.0174731
101.861 0.715978 0.0177389
102.522 0.727788 0.0180064
103.187 0.739854 0.0182755
103.856 0.752178 0.0185463
104.53 0.764765 0.0188187
105.208 0.77762 0.0190928
105.891 0.790745 0.0193686
106.578 0.804146 0.0196461
107.269 0.817826 0.0199254
107.965 0.831789 0.0202063
108.665 0.846041 0.020489
109.37 0.860585 0.0207734
110.08 0.875426 0.0210595
110.794 0.890568 0.0213474
111.513 0.906015 0.0216371
112.236 0.921774 0.0219285
112.964 0.937847 0.0222218
113.697 0.95424 0.0225168
114.435 0.970958 0.0228136
115.177 0.988005 0.0231123
115.924 1.00539 0.0234128
116.676 1.02311 0.0237151
117.433 1.04117 0.0240193
118.195 1.05959 0.0243253
118.962 1.07836 0.0246332
119.734 1.09749 0.024943
120.51 1.11698 0.0252546
121.292 1.13685 0.0255682
122.079 1.15709 0.0258837
122.871 1.17772 0.0262011
123.668 1.19873 0.0265204
124.47 1.22014 0.0268417
125.278 1.24194 0.0271649
126.091 1.26415 0.0274901
126.909 1.28677 0.0278173
127.732 1.30981 0.0281465
128.561 1.33327 0.0284776
129.395 1.35716 0.0288108
130.234 1.38148 0.029146
131.079 1.40625 0.0294832
131.929 1.43147 0.0298225
132.785 1.45714 0.0301638
133.646 1.48327 0.0305072
134.513 1.50987 0.0308526
135.386 1.53694 0.0312002
136.264 1.5645 0.0315498
137.148 1.59255 0.0319016
138.038 1.62109 0.0322554
138.934 1.65013 0.0326114
139.835 1.67969 0.0329696
140.742 1.70976 0.0333299
141.655 1.74035 0.0336923
142.574 1.77148 0.034057
143.499 1.80315 0.0344238
144.43 1.83537 0.0347929
145.367 1.86815 0.0351641
146.31 1.90148 0.0355376
147.259 1.93539 0.0359133
148.215 1.96988 0.0362913
149.176 2.00496 0.0366715
150.144 2.04063 0.037054
151.118 2.07691 0.0374388
152.098 2.11381 0.0378258
153.085 2.15132 0.0382152
154.078 2.18947 0.0386069
155.078 2.22826 0.039001
156.084 2.26769 0.0393974
157.096 2.30779 0.0397961
158.115 2.34855 0.0401972
159.141 2.38999 0.0406007
160.173 2.43211 0.0410066
161.213 2.47493 0.0414149
162.258 2.51846 0.0418256
163.311 2.56271 0.0422387
164.37 2.60768 0.0426543
165.437 2.65338 0.0430723
166.51 2.69984 0.0434928
167.59 2.74705 0.0439158
168.678 2.79502 0.0443412
169.772 2.84378 0.0447692
170.873 2.89332 0.0451997
171.982 2.94367 0.0456327
173.097 2.99482 0.0460683
174.22 3.0468 0.0465064
175.351 3.09961 0.0469471
176.488 3.15327 0.0473903
177.633 3.20779 0.0478362
178.785 3.26317 0.0482847
179.945 3.31943 0.0487357
181.113 3.37659 0.0491894
182.288 3.43465 0.0496458
183.47 3.49363 0.0501048
184.66 3.55355 0.0505665
185.858 3.6144 0.0510308
187.064 3.67621 0.0514979
188.278 3.73899 0.0519676
189.499 3.80275 0.0524401
190.728 3.86751 0.0529153
191.966 3.93328 0.0533932
193.211 4.00008 0.0538739
194.464 4.06791 0.0543574
195.726 4.13679 0.0548437
196.996 4.20673 0.0553327
198.274 4.27776 0.0558246
199.56 4.34989 0.0563193
200.855 4.42312 0.0568168
202.158 4.49748 0.0573172
203.469 4.57298 0.0578204
204.789 4.64964 0.0583265
206.118 4.72746 0.0588355
207.455 4.80648 0.0593474
208.801 4.8867 0.0598622
210.155 4.96813 0.0603799
211.519 5.05081 0.0609005
212.891 5.13473 0.0614241
214.272 5.21993 0.0619507
215.662 5.30641 0.0624802
217.061 5.3942 0.0630128
218.469 5.48331 0.0635483
219.886 5.57376 0.0640868
221.313 5.66556 0.0646284
222.749 5.75874 0.065173
224.194 5.85332 0.0657207
225.648 5.9493 0.0662714
227.112 6.04672 0.0668252
228.585 6.14559 0.0673821
230.068 6.24592 0.067942
231.561 6.34775 0.0685051
233.063 6.45108 0.0690713
234.575 6.55595 0.0696407
236.097 6.66236 0.0702132
237.628 6.77034 0.0707889
239.17 6.87992 0.0713677
240.722 6.9911 0.0719497
242.283 7.10392 0.072535
243.855 7.21839 0.0731234
245.437 7.33454 0.0737151
247.029 7.45238 0.07431
248.632 7.57195 0.0749081
250.245 7.69326 0.0755095
251.868 7.81633 0.0761142
253.502 7.94119 0.0767221
255.147 8.06787 0.0773333
256.802 8.19638 0.0779479
258.468 8.32676 0.0785657
260.145 8.45902 0.0791869
261.832 8.59318 0.0798114
263.531 8.72928 0.0804393
265.24 8.86734 0.0810706
266.961 9.00739 0.0817052
268.693 9.14944 0.0823431
270.436 9.29353 0.0829845
272.191 9.43969 0.0836293
273.956 9.58793 0.0842775
275.734 9.7383 0.0849291
277.522 9.8908 0.0855842
279.323 10.0455 0.0862427
281.135 10.2024 0.0869046
282.959 10.3615 0.08757
284.794 10.5228 0.0882389
286.642 10.6865 0.0889113
288.501 10.8524 0.0895871
290.373 11.0207 0.0902665
292.257 11.1914 0.0909494
294.153 11.3645 0.0916358
296.061 11.54 0.0923257
297.982 11.718 0.0930192
299.915 11.8985 0.0937162
301.86 12.0815 0.0944168
303.819 12.2671 0.0951209
305.79 12.4553 0.0958286
307.773 12.6461 0.0965399
309.77 12.8396 0.0972548
311.78 13.0357 0.0979732
313.802 13.2346 0.0986953
315.838 13.4363 0.099421
317.887 13.6407 0.10015
319.949 13.848 0.100883
322.025 14.0582 0.10162
324.114 14.2713 0.10236
326.217 14.4873 0.103104
328.333 14.7063 0.103851
330.463 14.9283 0.104602
332.607 15.1533 0.105357
334.764 15.3815 0.106115
336.936 15.6128 0.106878
339.122 15.8472 0.107643
341.322 16.0849 0.108413
343.536 16.3258 0.109186
345.765 16.57 0.109963
348.008 16.8175 0.110743
350.266 17.0684 0.111527
352.538 17.3227 0.112315
354.825 17.5805 0.113107
357.127 17.8418 0.113902
359.444 18.1066 0.114701
361.776 18.375 0.115504
364.123 18.647 0.11631
366.485 18.9227 0.11712
368.862 19.2022 0.117934
371.255 19.4853 0.118751
373.664 19.7723 0.119572
376.088 20.0632 0.120397
378.528 20.3579 0.121225
380.983 20.6567 0.122058
383.455 20.9594 0.122894
385.942 21.2661 0.123733
388.446 21.577 0.124576
390.966 21.892 0.125423
393.502 22.2112 0.126274
396.055 22.5346 0.127128
398.625 22.8623 0.127986
401.211 23.1944 0.128848
403.813 23.5309 0.129713
406.433 23.8719 0.130582
409.07 24.2173 0.131454
411.724 24.5673 0.132331
414.395 24.922 0.13321
417.083 25.2813 0.134094
419.789 25.6453 0.134981
422.512 26.0141 0.135871
425.253 26.3877 0.136766
428.012 26.7663 0.137663
430.788 27.1498 0.138565
433.583 27.5383 0.13947
436.396 27.9319 0.140378
439.227 28.3306 0.14129
442.076 28.7345 0.142205
444.944 29.1436 0.143124
447.831 29.5581 0.144047
450.736 29.9779 0.144973
453.66 30.4032 0.145902
456.603 30.834 0.146835
459.565 31.2703 0.147771
462.547 31.7123 0.14871
465.547 32.1599 0.149653
468.567 32.6133 0.150599
471.607 33.0725 0.151549
474.667 33.5377 0.152502
477.746 34.0087 0.153458
480.845 34.4858 0.154417
483.965 34.969 0.15538
487.104 35.4584 0.156346
490.264 35.954 0.157315
493.445 36.4559 0.158287
496.646 36.9641 0.159262
499.868 37.4788 0.16024
503.111 38.0001 0.161222
506.375 38.5279 0.162206
509.66 39.0623 0.163193
512.966 39.6035 0.164184
516.294 40.1516 0.165177
519.643 40.7065 0.166173
523.014 41.2684 0.167172
526.407 41.8373 0.168174
529.822 42.4133 0.169178
533.26 42.9965 0.170185
536.719 43.587 0.171195
540.201 44.1848 0.172208
543.705 44.7901 0.173223
547.233 45.4029 0.174241
550.783 46.0233 0.175261
554.356 46.6513 0.176283
557.952 47.2872 0.177308
561.572 47.9308 0.178336
565.215 48.5824 0.179365
568.882 49.242 0.180397
572.572 49.9096 0.181431
576.287 50.5855 0.182467
580.025 51.2696 0.183505
583.788 51.962 0.184546
587.575 52.6629 0.185588
591.387 53.3723 0.186632
595.224 54.0904 0.187678
599.085 54.8171 0.188725
602.971 55.5526 0.189774
606.883 56.297 0.190825
610.82 57.0504 0.191878
614.783 57.8128 0.192931
618.771 58.5844 0.193987
622.785 59.3652 0.195043
626.826 60.1553 0.196101
630.892 60.9549 0.19716
634.985 61.764 0.19822
639.104 62.5828 0.199281
643.25 63.4112 0.200343
647.423 64.2494 0.201405
651.623 65.0976 0.202468
655.851 65.9557 0.203532
660.105 66.824 0.204597
664.388 67.7024 0.205662
668.698 68.5911 0.206727
673.036 69.4902 0.207792
677.402 70.3998 0.208858
681.797 71.32 0.209924
686.22 72.2509 0.210989
690.671 73.1925 0.212054
695.152 74.145 0.213119
699.662 75.1085 0.214184
704.201 76.0831 0.215248
708.769 77.0689 0.216311
713.367 78.0659 0.217373
717.995 79.0744 0.218435
722.653 80.0943 0.219495
727.341 81.1258 0.220555
732.06 82.169 0.221613
736.809 83.224 0.222669
741.589 84.2908 0.223724
746.4 85.3697 0.224777
751.242 86.4606 0.225829
756.115 87.5638 0.226878
761.021 88.6792 0.227925
765.958 89.8071 0.22897
770.927 90.9474 0.230012
775.928 92.1004 0.231051
780.962 93.266 0.232088
786.028 94.4445 0.233122
791.127 95.6359 0.234152
796.26 96.8403 0.23518
801.425 98.0577 0.236203
806.624 99.2884 0.237223
811.857 100.532 0.238239
817.124 101.79 0.239251
822.425 103.061 0.240259
827.76 104.345 0.241263
833.13 105.644 0.242261
838.535 106.956 0.243255
843.975 108.282 0.244244
849.45 109.622 0.245227
854.961 110.976 0.246205
860.507 112.344 0.247178
866.09 113.726 0.248144
871.708 115.123 0.249104
877.363 116.535 0.250058
883.055 117.961 0.251005
888.784 119.401 0.251946
894.55 120.857 0.252879
900.353 122.327 0.253805
906.194 123.812 0.254723
912.073 125.312 0.255634
917.99 126.828 0.256536
923.945 128.358 0.25743
929.939 129.904 0.258316
935.972 131.465 0.259192
942.044 133.041 0.260059
948.155 134.633 0.260917
954.306 136.241 0.261765
960.497 137.864 0.262603
966.728 139.503 0.263431
973 141.157 0.264247
979.312 142.828 0.265053
985.665 144.514 0.265848
992.059 146.217 0.266631
998.495 147.935 0.267402
1004.97 149.67 0.268161
1011.49 151.42 0.268907
1018.05 153.187 0.269641
1024.66 154.971 0.270361
1031.31 156.77 0.271067
1038 158.586 0.27176
1044.73 160.418 0.272438
1051.51 162.267 0.273101
1058.33 164.132 0.27375
1065.2 166.014 0.274383
1072.11 167.912 0.275
1079.06 169.827 0.275601
1086.06 171.758 0.276185
1093.11 173.706 0.276752
1100.2 175.67 0.277302
1107.34 177.652 0.277834
1114.52 179.649 0.278348
1121.75 181.664 0.278843
1129.03 183.695 0.279318
1136.35 185.742 0.279775
1143.72 187.806 0.280211
1151.14 189.887 0.280627
1158.61 191.984 0.281022
1166.13 194.098 0.281396
1173.69 196.228 0.281747
1181.31 198.374 0.282077
1188.97 200.537 0.282383
1196.68 202.716 0.282667
1204.45 204.912 0.282926
1212.26 207.123 0.283162
1220.12 209.351 0.283372
1228.04 211.595 0.283558
1236.01 213.854 0.283717
1244.02 216.13 0.28385
1252.09 218.421 0.283957
1260.22 220.728 0.284035
1268.39 223.05 0.284086
1276.62 225.388 0.284109
1284.9 227.741 0.284102
1293.24 230.109 0.284066
1301.63 232.492 0.283999
1310.07 234.89 0.283902
1318.57 237.302 0.283773
1327.13 239.729 0.283613
1335.74 242.17 0.283419
1344.4 244.625 0.283193
1353.12 247.093 0.282933
1361.9 249.576 0.282639
1370.74 252.071 0.282309
1379.63 254.58 0.281944
1388.58 257.102 0.281543
1397.59 259.636 0.281104
1406.65 262.183 0.280629
1415.78 264.741 0.280115
1424.96 267.311 0.279562
1434.21 269.893 0.278969
1443.51 272.486 0.278337
1452.88 275.089 0.277664
1462.3 277.703 0.276949
1471.79 280.326 0.276191
1481.34 282.96 0.275391
1490.95 285.602 0.274548
1500.62 288.253 0.27366
1510.35 290.913 0.272727
1520.15 293.58 0.271748
1530.01 296.255 0.270723
1539.94 298.937 0.26965
1549.93 301.625 0.26853
1559.98 304.319 0.267361
1570.1 307.019 0.266143
1580.29 309.723 0.264875
1590.54 312.432 0.263556
1600.86 315.144 0.262186
1611.25 317.86 0.260763
1621.7 320.578 0.259287
1632.22 323.298 0.257758
1642.81 326.019 0.256174
1653.47 328.74 0.254534
1664.19 331.461 0.252839
1674.99 334.181 0.251087
1685.85 336.9 0.249277
1696.79 339.616 0.24741
1707.8 342.329 0.245483
1718.88 345.038 0.243496
1730.03 347.741 0.241449
1741.25 350.439 0.239341
1752.55 353.131 0.23717
1763.92 355.815 0.234937
1775.36 358.49 0.232641
1786.88 361.156 0.23028
1798.47 363.811 0.227854
1810.14 366.455 0.225362
1821.88 369.086 0.222804
1833.7 371.704 0.220179
1845.6 374.307 0.217486
1857.57 376.895 0.214724
1869.62 379.465 0.211893
1881.75 382.018 0.208993
1893.96 384.551 0.206021
1906.24 387.064 0.202978
1918.61 389.554 0.199863
1931.06 392.022 0.196675
1943.58 394.466 0.193414
1956.19 396.883 0.190079
1968.88 399.274 0.186669
1981.66 401.636 0.183184
1994.51 403.968 0.179624
2007.45 406.269 0.175986
2020.47 408.536 0.172272
2033.58 410.77 0.16848
2046.77 412.967 0.164611
2060.05 415.126 0.160662
2073.42 417.246 0.156634
2086.87 419.326 0.152527
2100.41 421.362 0.14834
2114.03 423.355 0.144072
2127.75 425.301 0.139723
2141.55 427.199 0.135293
2155.44 429.047 0.130781
2169.43 430.844 0.126187
2183.5 432.587 0.121511
2197.66 434.274 0.116752
2211.92 435.904 0.11191
2226.27 437.475 0.106986
2240.71 438.984 0.101977
2255.25 440.429 0.0968856
2269.88 441.809 0.0917103
2284.61 443.12 0.0864512
2299.43 444.362 0.0811084
2314.34 445.532 0.0756818
2329.36 446.626 0.0701715
2344.47 447.645 0.0645775
2359.68 448.584 0.0588999
2374.99 449.441 0.0531389
2390.39 450.215 0.0472946
2405.9 450.902 0.0413675
2421.51 451.501 0.0353576
2437.22 452.009 0.0292655
2453.03 452.423 0.0230915
2468.94 452.74 0.016836
2484.96 452.959 0.0104997
2501.08 453.077 0.00408299
2517.31 453.11 0
2533.64 453.11 0
2550.07 453.11 0
2566.62 453.11 0
2583.27 453.11 0
2600.03 453.11 0
2616.89 453.11 0
2633.87 453.11 0
2650.96 453.11 0
2668.15 453.11 0
2685.46 453.11 0
2702.89 453.11 0
2720.42 453.11 0
2738.07 453.11 0
2755.83 453.11 0
2773.71 453.11 0
2791.7 453.11 0
2809.81 453.11 0
2828.04 453.11 0
2846.39 453.11 0
2864.85 453.11 0
2883.44 453.11 0
2902.15 453.11 0
2920.97 453.11 0
2939.92 453.11 0
2958.99 453.11 0
2978.19 453.11 0
2997.51 453.11 0
3016.96 453.11 0
3036.53 453.11 0
3056.23 453.11 0
3076.05 453.11 0
3096.01 453.11 0
3116.1 453.11 0
3136.31 453.11 0
3156.66 453.11 0
3177.14 453.11 0
3197.75 453.11 0
3218.49 453.11 0
3239.37 453.11 0
3260.39 453.11 0
3281.54 453.11 0
3302.83 453.11 0
3324.25 453.11 0
3345.82 453.11 0
3367.52 453.11 0
3389.37 453.11 0
3411.36 453.11 0
3433.49 453.11 0
3455.76 453.11 0
3478.18 453.11 0
3500.75 453.11 0
3523.46 453.11 0
3546.31 453.11 0
3569.32 453.11 0
3592.48 453.11 0
3615.78 453.11 0
3639.24 453.11 0
3662.85 453.11 0
3686.61 453.11 0
3710.53 453.11 0
3734.6 453.11 0
3758.82 453.11 0
3783.21 453.11 0
3807.75 453.11 0
3832.45 453.11 0
3857.32 453.11 0
3882.34 453.11 0
3907.53 453.11 0
3932.88 453.11 0
3958.39 453.11 0
3984.07 453.11 0
4009.92 453.11 0
4035.93 453.11 0
4062.11 453.11 0
4088.47 453.11 0
4114.99 453.11 0
4141.68 453.11 0
4168.55 453.11 0
4195.6 453.11 0
4222.81 453.11 0
4250.21 453.11 0
4277.78 453.11 0
4305.53 453.11 0
4333.46 453.11 0
4361.58 453.11 0
4389.87 453.11 0
4418.35 453.11 0
4447.01 453.11 0
4475.86 453.11 0
4504.9 453.11 0
4534.12 453.11 0
4563.54 453.11 0
4593.14 453.11 0
4622.94 453.11 0
4652.93 453.11 0
4683.12 453.11 0
4713.5 453.11 0
4744.08 453.11 0
4774.85 453.11 0
4805.83 453.11 0
4837.01 453.11 0
4868.39 453.11 0
4899.97 453.11 0
4931.76 453.11 0
4963.75 453.11 0
4995.95 453.11 0
5028.36 453.11 0
5060.98 453.11 0
5093.82 453.11 0
5126.86 453.11 0
5160.12 453.11 0
5193.6 453.11 0
5227.29 453.11 0
5261.2 453.11 0
5295.33 453.11 0
5329.68 453.11 0
5364.26 453.11 0
5399.06 453.11 0
5434.09 453.11 0
5469.34 453.11 0
5504.82 453.11 0
5540.53 453.11 0
5576.48 453.11 0
5612.65 453.11 0
5649.06 453.11 0
5685.71 453.11 0
5722.6 453.228 0.00638931
5759.72 453.638 0.0157246
5797.09 454.391 0.0245891
5834.69 455.474 0.0329872
5872.55 456.873 0.0409258
5910.64 458.575 0.0484137
5948.99 460.566 0.0554616
5987.58 462.834 0.0620817
6026.42 465.366 0.0682876
6065.52 468.15 0.0740938
6104.87 471.172 0.0795159
6144.47 474.421 0.0845699
6184.33 477.886 0.0892723
6224.45 481.555 0.0936401
6264.83 485.418 0.0976901
6305.48 489.465 0.101439
6346.38 493.685 0.104905
6387.55 498.07 0.108102
6428.99 502.61 0.111049
6470.7 507.299 0.11376
6512.68 512.126 0.11625
6554.93 517.086 0.118535
6597.45 522.171 0.120629
6640.25 527.375 0.122544
6683.33 532.692 0.124295
6726.69 538.115 0.125892
6770.32 543.641 0.127349
6814.25 549.263 0.128675
6858.45 554.978 0.129881
6902.95 560.781 0.130976
6947.73 566.669 0.131971
6992.8 572.638 0.132872
7038.16 578.684 0.133689
7083.82 584.805 0.134427
7129.78 590.998 0.135095
7176.03 597.26 0.135698
7222.59 603.59 0.136243
7269.44 609.986 0.136734
7316.6 616.444 0.137176
7364.07 622.965 0.137575
7411.84 629.546 0.137933
7459.92 636.186 0.138256
7508.32 642.884 0.138546
7557.03 649.639 0.138806
7606.05 656.449 0.139041
7655.39 663.315 0.139251
7705.06 670.236 0.139439
7755.04 677.21 0.139609
7805.35 684.237 0.139761
7855.99 691.318 0.139897
7906.95 698.45 0.140019
7958.25 705.636 0.140129
8009.88 712.873 0.140228
8061.84 720.162 0.140316
8114.14 727.502 0.140395
8166.78 734.894 0.140467
8219.76 742.338 0.140531
8273.08 749.833 0.140588
8326.76 757.38 0.14064
8380.77 764.979 0.140686
8435.14 772.629 0.140728
8489.86 780.331 0.140766
8544.94 788.085 0.1408
8600.38 795.891 0.14083
8656.17 803.749 0.140857
8712.32 811.659 0.140882
8768.84 819.623 0.140904
8825.73 827.639 0.140925
8882.99 835.708 0.140943
8940.61 843.831 0.140959
8998.61 852.007 0.140974
9056.99 860.237 0.140987
9115.75 868.521 0.140999
9174.89 876.86 0.14101
9234.41 885.253 0.14102
9294.31 893.701 0.141029
9354.61 902.205 0.141037
9415.29 910.764 0.141044
9476.38 919.379 0.14105
9537.85 928.051 0.141056
9599.73 936.779 0.141061
9662 945.564 0.141066
9724.68 954.406 0.14107
9787.77 963.306 0.141074
9851.27 972.264 0.141078
9915.18 981.28 0.141081
9979.5 990.355 0.141083
10044.2 999.489 0.141086
10109.4 1008.68 0.141088
10175 1017.94 0.14109
10241 1027.25 0.141092
10307.4 1036.62 0.141093
10374.3 1046.06 0.141095
10441.6 1055.55 0.141096
10509.3 1065.11 0.141097
10577.5 1074.73 0.141098
10646.1 1084.41 0.141099
10715.2 1094.16 0.1411
10784.7 1103.97 0.1411
10854.7 1113.84 0.141101
10925.1 1123.77 0.141101
10996 1133.77 0.141102
11067.3 1143.84 0.141102
11139.1 1153.97 0.141103
11211.4 1164.17 0.141103
11284.1 1174.43 0.141103
11357.3 1184.76 0.141103
11431 1195.16 0.141104
11505.1 1205.62 0.141104
11579.8 1216.15 0.141104
11654.9 1226.75 0.141104
11730.5 1237.42 0.141104
11806.6 1248.16 0.141104
11883.2 1258.97 0.141104
11960.3 1269.84 0.141104
12037.9 1280.79 0.141104
12116 1291.81 0.141105
12194.6 1302.9 0.141105
12273.7 1314.07 0.141105
12353.3 1325.3 0.141105
12433.5 1336.61 0.141105
12514.1 1347.99 0.141105
12595.3 1359.45 0.141105
12677 1370.98 0.141105
12759.2 1382.58 0.141105
12842 1394.26 0.141105
12925.3 1406.02 0.141105
13009.2 1417.85 0.141105
13093.6 1429.76 0.141105
13178.5 1441.74 0.141105
13264 1453.8 0.141105
13350.1 1465.95 0.141105
13436.7 1478.17 0.141105
13523.8 1490.47 0.141105
13611.6 1502.85 0.141105
13699.9 1515.31 0.141105
13788.8 1527.85 0.141105
13878.2 1540.47 0.141105
13968.2 1553.17 0.141105
14058.9 1565.96 0.141105
14150.1 1578.83 0.141105
14241.9 1591.78 0.141105
14334.2 1604.82 0.141105
14427.2 1617.94 0.141105
14520.8 1631.15 0.141105
14615 1644.44 0.141105
14709.8 1657.82 0.141105
14805.3 1671.28 0.141105
14901.3 1684.84 0.141105
14998 1698.48 0.141105
15095.3 1712.21 0.141105
15193.2 1726.02 0.141105
15291.8 1739.93 0.141105
15391 1753.93 0.141105
15490.8 1768.02 0.141105
15591.3 1782.2 0.141105
15692.5 1796.47 0.141105
15794.3 1810.84 0.141105
15896.7 1825.29 0.141105
15999.9 1839.85 0.141105
16103.7 1854.49 0.141105
16208.1 1869.23 0.141105
16313.3 1884.07 0.141105
16419.1 1899 0.141105
16525.6 1914.03 0.141105
16632.8 1929.16 0.141105
16740.7 1944.39 0.141105
16849.3 1959.71 0.141105
16958.7 1975.14 0.141105
17068.7 1990.66 0.141105
17179.4 2006.28 0.141105
17290.8 2022.01 0.141105
17403 2037.84 0.141105
17515.9 2053.77 0.141105
17629.6 2069.8 0.141105
17743.9 2085.94 0.141105
17859 2102.18 0.141105
17974.9 2118.53 0.141105
18091.5 2134.99 0.141105
18208.9 2151.55 0.141105
18327 2168.22 0.141105
18445.9 2184.99 0.141105
18565.5 2201.88 0.141105
18686 2218.87 0.141105
18807.2 2235.98 0.141105
18929.2 2253.19 0.141105
19052 2270.52 0.141105
19175.6 2287.96 0.141105
19300 2305.51 0.141105
19425.2 2323.18 0.141105
19551.2 2340.96 0.141105
19678.1 2358.86 0.141105
19805.7 2376.87 0.141105
19934.2 2395 0.141105
20063.5 2413.25 0.141105
20193.7 2431.62 0.141105
20324.7 2450.1 0.141105
20456.6 2468.71 0.141105
20589.3 2487.43 0.141105
20722.8 2506.28 0.141105
20857.3 2525.25 0.141105
20992.6 2544.34 0.141105
21128.8 2563.56 0.141105
21265.8 2582.9 0.141105
21403.8 2602.37 0.141105
21542.7 2621.96 0.141105
21682.4 2641.68 0.141105
21823.1 2661.53 0.141105
21964.6 2681.51 0.141105
22107.1 2701.61 0.141105
22250.6 2721.85 0.141105
22394.9 2742.22 0.141105
22540.2 2762.72 0.141105
22686.4 2783.35 0.141105
22833.6 2804.12 0.141105
22981.7 2825.02 0.141105
23130.8 2846.06 0.141105
23280.9 2867.23 0.141105
23431.9 2888.54 0.141105
23583.9 2909.99 0.141105
23736.9 2931.58 0.141105
23890.9 2953.31 0.141105
24045.9 2975.18 0.141105
24201.9 2997.19 0.141105
24358.9 3019.34 0.141105
24516.9 3041.64 0.141105
24676 3064.08 0.141105
24836 3086.67 0.141105
24997.2 3109.41 0.141105
25159.3 3132.29 0.141105
25322.5 3155.32 0.141105
25486.8 3178.5 0.141105
25652.2 3201.83 0.141105
25818.6 3225.31 0.141105
25986.1 3248.95 0.141105
26154.7 3272.74 0.141105
26324.3 3296.68 0.141105
26495.1 3320.77 0.141105
26667 3345.03 0.141105
26840 3369.44 0.141105
27014.1 3394.01 0.141105
27189.4 3418.74 0.141105
27365.7 3443.63 0.141105
27543.3 3468.68 0.141105
27722 3493.89 0.141105
27901.8 3519.27 0.141105
28082.8 3544.81 0.141105
28265 3570.51 0.141105
28448.4 3596.39 0.141105
28632.9 3622.43 0.141105
28818.7 3648.64 0.141105
29005.6 3675.02 0.141105
29193.8 3701.57 0.141105
29383.2 3728.3 0.141105
29573.8 3755.19 0.141105
29765.7 3782.27 0.141105
29958.8 3809.51 0.141105
30153.1 3836.94 0.141105
30348.7 3864.54 0.141105
30545.6 3892.32 0.141105
30743.8 3920.28 0.141105
30943.2 3948.42 0.141105
31143.9 3976.75 0.141105
31346 4005.26 0.141105
31549.3 4033.95 0.141105
31754 4062.83 0.141105
31960 4091.9 0.141105
32167.3 4121.16 0.141105
32376 4150.6 0.141105
32586.1 4180.24 0.141105
32797.5 4210.07 0.141105
33010.2 4240.09 0.141105
33224.4 4270.31 0.141105
33439.9 4300.72 0.141105
33656.9 4331.33 0.141105
33875.2 4362.14 0.141105
34095 4393.15 0.141105
34316.1 4424.36 0.141105
34538.8 4455.77 0.141105
34762.8 4487.39 0.141105
34988.3 4519.21 0.141105
35215.3 4551.24 0.141105
35443.8 4583.48 0.141105
35673.7 4615.92 0.141105
35905.1 4648.58 0.141105
36138.1 4681.45 0.141105
36372.5 4714.53 0.141105
36608.5 4747.82 0.141105
36846 4781.33 0.141105
37085 4815.06 0.141105
37325.6 4849.01 0.141105
37567.7 4883.18 0.141105
37811.4 4917.57 0.141105
38056.7 4952.18 0.141105
38303.6 4987.02 0.141105
38552.1 5022.08 0.141105
38802.2 5057.37 0.141105
39053.9 5092.89 0.141105
39307.3 5128.64 0.141105
39562.3 5164.62 0.141105
39819 5200.84 0.141105
40077.3 5237.29 0.141105
40337.3 5273.97 0.141105
40599 5310.9 0.141105
40862.3 5348.06 0.141105
41127.4 5385.47 0.141105
41394.2 5423.11 0.141105
41662.8 5461.01 0.141105
41933.1 5499.14 0.141105
42205.1 5537.53 0.141105
42478.9 5576.16 0.141105
42754.5 5615.05 0.141105
43031.8 5654.19 0.141105
43311 5693.58 0.141105
43592 5733.22 0.141105
43874.8 5773.13 0.141105
44159.4 5813.29 0.141105
44445.9 5853.71 0.141105
44734.2 5894.4 0.141105
45024.4 5935.35 0.141105
45316.5 5976.57 0.141105
45610.5 6018.05 0.141105
45906.4 6059.8 0.141105
46204.2 6101.82 0.141105
46503.9 6144.12 0.141105
46805.6 6186.69 0.141105
47109.3 6229.53 0.141105
47414.9 6272.66 0.141105
47722.5 6316.06 0.141105
48032.1 6359.74 0.141105
48343.7 6403.71 0.141105
48657.3 6447.97 0.141105
48972.9 6492.51 0.141105
49290.7 6537.34 0.141105
49610.4 6582.46 0.141105
49932.3 6627.87 0.141105
50256.2 6673.58 0.141105
50582.2 6719.58 0.141105
50910.4 6765.89 0.141105
51240.6 6812.49 0.141105
51573.1 6859.39 0.141105
51907.6 6906.6 0.141105
52244.4 6954.12 0.141105
52583.3 7001.95 0.141105
52924.4 7050.08 0.141105
53267.8 7098.53 0.141105
53613.3 7147.29 0.141105
53961.1 7196.37 0.141105
54311.2 7245.76 0.141105
54663.5 7295.48 0.141105
55018.2 7345.52 0.141105
55375.1 7395.88 0.141105
55734.3 7446.57 0.141105
56095.9 7497.59 0.141105
