5.78741e-09 5.95396e-15 4.29514e-06
5.8738e-08 3.33166e-13 8.58285e-06
5.86595e-07 1.45059e-11 3.56977e-05
4.6076e-06 3.38009e-10 8.97843e-05
5.86875e-06 4.61297e-10 0.000114002
2.3369e-05 3.31505e-09 0.000192532
7.39119e-05 1.62978e-08 0.000292274
0.000147358 4.17301e-08 0.000330144
0.000152693 4.34471e-08 0.000292479
0.000165528 4.67976e-08 0.000304172
0.000294481 1.01986e-07 0.000463041
0.000466785 1.89679e-07 0.00054542
0.000739961 3.52227e-07 0.00041641
0.000792747 3.70702e-07 0.000446592
0.000859333 4.13069e-07 0.00055442
0.000931697 4.48502e-07 0.00055104
0.00117285 6.10601e-07 0.000697128
0.00147667 8.31244e-07 0.000750516
0.0017323 1.02935e-06 0.000535855
0.00185963 1.08409e-06 0.000525282
0.00294795 2.00733e-06 0.000908255
0.00467391 3.71532e-06 0.00105104
0.00633042 5.56999e-06 0.00091467
0.0070765 6.16755e-06 0.00093479
0.00933155 8.92099e-06 0.00127133
0.0117504 1.21316e-05 0.00137956
0.0154948 1.7543e-05 0.00122736
0.0177925 2.00421e-05 0.00125466
0.0234638 2.89812e-05 0.00164107
0.0295474 3.94039e-05 0.00177172
0.0354913 5.03041e-05 0.00128079
0.0389653 5.38549e-05 0.00125817
0.0549487 8.51279e-05 0.00191362
0.0590129 9.27925e-05 0.00199187
0.0713035 0.000119369 0.00114686
0.0787306 0.000125461 0.00110854
0.10265 0.000178607 0.00176378
0.112568 0.000193736 0.00180901
0.132297 0.000240204 0.00240921
0.146764 0.000275794 0.00181491
0.15911 0.000293738 0.00177613
0.191354 0.000375514 0.00260957
0.227502 0.000472769 0.000973271
0.245257 0.000484229 0.000805937
0.256566 0.000495831 0.00103354
0.268397 0.000508152 0.00104919
0.280773 0.000521236 0.00106507
0.293719 0.00053513 0.0010812
0.307263 0.000549885 0.00109757
0.321432 0.000565555 0.00111419
0.336253 0.000582195 0.00113106
0.351758 0.000599866 0.00114818
0.367978 0.000618631 0.00116556
0.384946 0.000638559 0.00118321
0.402697 0.000659722 0.00120112
0.421266 0.000682195 0.00121931
0.440691 0.000706061 0.00123777
0.461012 0.000731406 0.00125651
0.48227 0.00075832 0.00127553
0.504508 0.000786902 0.00129484
0.527771 0.000817254 0.00131445
0.552107 0.000849487 0.00133435
0.577566 0.000883717 0.00135455
0.604198 0.000920067 0.00137506
0.632059 0.000958668 0.00139588
0.661204 0.000999662 0.00141701
0.691693 0.00104319 0.00143847
0.723588 0.00108942 0.00146024
0.756953 0.00113852 0.00148235
0.791857 0.00119065 0.00150479
0.828371 0.00124602 0.00152758
0.866568 0.00130481 0.00155071
0.906527 0.00136725 0.00157418
0.948328 0.00143355 0.00159802
0.992057 0.00150396 0.00162221
1.0378 0.00157874 0.00164677
1.08566 0.00165815 0.0016717
1.13572 0.00174247 0.00169701
1.18809 0.00183202 0.00172271
1.24287 0.00192712 0.00174879
1.30018 0.00202811 0.00177526
1.36014 0.00213535 0.00180214
1.42285 0.00224924 0.00182943
1.48846 0.00237018 0.00185712
1.5571 0.00249862 0.00188524
1.6289 0.00263501 0.00191378
1.70401 0.00277985 0.00194276
1.78258 0.00293367 0.00197217
1.86478 0.00309701 0.00200203
1.95077 0.00327047 0.00203234
2.04072 0.00345468 0.00206311
2.13482 0.0036503 0.00209435
2.23326 0.00385804 0.00212606
2.33624 0.00407865 0.00215824
2.44396 0.00431292 0.00219092
2.55666 0.00456171 0.00222409
2.67455 0.00482591 0.00225776
2.79788 0.00510648 0.00229195
2.92689 0.00540443 0.00232665
3.06185 0.00572083 0.00236187
3.20304 0.00605684 0.00239763
3.35074 0.00641366 0.00243393
3.50524 0.00679259 0.00247078
3.66688 0.00719499 0.00250819
3.83596 0.00762232 0.00254616
4.01284 0.00807613 0.00258471
4.19788 0.00855804 0.00262385
4.39145 0.00906982 0.00266357
4.59395 0.00961329 0.0027039
4.80578 0.0101904 0.00274483
5.02738 0.0108033 0.00278639
5.2592 0.0114542 0.00282858
5.50171 0.0121454 0.0028714
5.7554 0.0128794 0.00291488
6.02079 0.0136589 0.00295901
6.29841 0.0144866 0.00300381
6.58884 0.0153657 0.00304928
6.89266 0.0162992 0.00309545
7.21049 0.0172905 0.00314232
7.54298 0.0183433 0.00318989
7.8908 0.0194612 0.00323819
8.25465 0.0206484 0.00328721
8.63529 0.0219092 0.00333698
9.03347 0.0232481 0.0033875
9.45002 0.0246699 0.00343879
9.88577 0.0261798 0.00349085
10.3416 0.0277832 0.00354371
10.8185 0.029486 0.00359736
11.3173 0.0312942 0.00365182
11.8392 0.0332145 0.00370711
12.3851 0.0352537 0.00376324
12.9562 0.0374193 0.00382021
13.5536 0.039719 0.00387805
14.1786 0.0421611 0.00393677
14.8324 0.0447546 0.00399637
15.5164 0.0475087 0.00405687
16.2318 0.0504335 0.00411829
16.9803 0.0535394 0.00418065
17.7633 0.0568378 0.00424394
18.5824 0.0603405 0.0043082
19.4392 0.0640601 0.00437342
20.3356 0.0680102 0.00443964
21.2733 0.072205 0.00450685
22.2543 0.0766597 0.00457509
23.2804 0.0813904 0.00464435
24.3539 0.0864141 0.00471467
25.4769 0.091749 0.00478605
26.6517 0.0974144 0.00485851
27.8806 0.103431 0.00493207
29.1662 0.10982 0.00500674
30.5111 0.116605 0.00508254
31.9181 0.12381 0.00515949
33.3898 0.131462 0.00523761
34.9295 0.139587 0.00531691
36.5401 0.148216 0.0053974
38.225 0.15738 0.00547912
39.9877 0.167111 0.00556208
41.8315 0.177445 0.00564629
43.7605 0.188419 0.00573177
45.7783 0.200073 0.00581855
47.8892 0.212449 0.00590664
50.0974 0.225592 0.00599607
52.4075 0.239549 0.00608685
54.8241 0.254371 0.00617901
57.3521 0.27011 0.00627256
59.9967 0.286825 0.00636752
62.7632 0.304575 0.00646393
65.6573 0.323425 0.00656179
68.6849 0.343443 0.00666114
71.852 0.364701 0.00676199
75.1652 0.387275 0.00686552
75.1652 0.387275 0.00686451
77.1406 0.40316 0.00921795
79.168 0.42429 0.0116266
81.2486 0.451045 0.0140915
83.3839 0.483827 0.0166137
85.5753 0.523062 0.0191941
87.8243 0.569198 0.0218337
90.1324 0.622709 0.0245335
92.5012 0.684093 0.0272944
94.9323 0.753878 0.0301173
97.4272 0.832618 0.0330032
99.9877 0.920899 0.0359529
102.615 1.01934 0.0389673
105.312 1.12858 0.0420472
108.08 1.24931 0.0451933
110.92 1.38224 0.0484064
113.836 1.52813 0.051687
116.827 1.68777 0.0550359
119.898 1.862 0.0584536
123.049 2.05168 0.0619404
126.283 2.25774 0.0654968
129.601 2.48113 0.069123
133.007 2.72286 0.0728191
136.503 2.98399 0.0765854
140.091 3.26562 0.0804215
143.772 3.5689 0.0843274
147.551 3.89504 0.0883026
151.429 4.2453 0.0923467
155.408 4.621 0.0964588
159.493 5.0235 0.100638
163.684 5.45423 0.104883
167.986 5.91469 0.109193
172.401 6.40641 0.113566
176.932 6.93101 0.118
181.582 7.49015 0.122492
186.354 8.08556 0.127041
191.251 8.71902 0.131643
196.278 9.39239 0.136295
201.436 10.1076 0.140993
206.73 10.8665 0.145733
212.163 11.6713 0.15051
217.739 12.5239 0.155319
223.461 13.4265 0.160155
229.334 14.3814 0.16501
235.361 15.3906 0.169878
241.547 16.4564 0.174752
247.895 17.5812 0.179622
254.41 18.7673 0.184479
261.096 20.0169 0.189313
267.958 21.3324 0.194114
275 22.7162 0.198868
282.228 24.1704 0.203564
289.645 25.6974 0.208186
297.257 27.2995 0.212721
305.069 28.9786 0.21715
313.087 30.7369 0.221457
321.315 32.5762 0.225621
329.76 34.4984 0.229624
338.426 36.5049 0.233442
347.32 38.5973 0.237052
356.448 40.7765 0.24043
365.816 43.0434 0.243547
375.43 45.3985 0.246375
385.297 47.8418 0.248885
395.423 50.3729 0.251044
405.815 52.991 0.252818
416.48 55.6946 0.254171
427.426 58.4815 0.255065
438.659 61.349 0.255461
450.188 64.2932 0.255318
462.019 67.3097 0.254592
474.161 70.3928 0.253239
486.623 73.5359 0.251212
499.412 76.7311 0.248464
512.537 79.9691 0.244945
526.007 83.2393 0.240604
539.831 86.5294 0.235393
554.018 89.8255 0.229258
568.579 93.1118 0.222149
583.522 96.3706 0.214014
598.857 99.582 0.204804
614.596 102.724 0.194469
630.748 105.772 0.182963
647.325 108.7 0.170242
664.337 111.477 0.156265
681.797 114.072 0.140997
699.715 116.45 0.124407
718.104 118.573 0.106471
736.977 120.4 0.087172
756.345 121.888 0.0665014
776.223 122.991 0.0444611
796.623 123.659 0.0210634
817.559 123.88 0
839.046 123.88 0
861.097 123.88 0
883.727 123.88 0
906.952 123.88 0
930.788 123.88 0
955.25 123.88 0
980.355 123.88 0
1006.12 123.88 0
1032.56 123.88 0
1059.7 123.88 0
1087.55 123.88 0
1116.13 123.88 0
1145.46 123.88 0
1175.57 123.88 0
1206.46 123.88 0
1238.17 123.88 0
1270.71 123.88 0
1304.11 123.88 0
1338.38 123.88 0
1373.55 123.88 0
1409.65 123.88 0
1446.7 123.88 0
1484.72 123.88 0
1523.74 123.88 0
1563.79 123.88 0
1604.88 123.88 0
1647.06 123.88 0
1690.35 123.88 0
1734.77 123.88 0
1780.37 123.88 0
1827.16 123.88 0
1875.17 123.88 0
1924.46 126.646 0.112263
1975.03 135.776 0.248758
2026.94 152.108 0.380553
2080.21 175.596 0.501295
2134.88 205.878 0.606488
2190.99 242.361 0.69399
2248.57 284.333 0.763837
2307.66 331.061 0.817631
2368.31 381.867 0.857813
2430.55 436.169 0.887057
2494.43 493.497 0.907873
2559.99 553.49 0.922407
2627.27 615.885 0.932385
2696.31 680.496 0.939131
2767.18 747.204 0.943625
2839.9 815.936 0.94658
2914.54 886.657 0.948496
2991.13 959.356 0.949723
3069.74 1034.04 0.950498
3150.42 1110.75 0.950981
3233.22 1189.5 0.951279
3318.19 1270.34 0.951459
3405.39 1353.31 0.951567
3494.89 1438.48 0.95163
3586.74 1525.89 0.951667
3681 1615.6 0.951688
3777.75 1707.66 0.9517
3877.03 1802.15 0.951707
3978.92 1899.12 0.951711
4083.49 1998.65 0.951713
4190.81 2100.78 0.951714
4300.95 2205.6 0.951714
4413.98 2313.18 0.951714
4529.99 2423.58 0.951715
4649.04 2536.89 0.951715
4771.22 2653.17 0.951715
4896.62 2772.51 0.951715
5025.3 2894.98 0.951715
5157.37 3020.67 0.951715
5292.92 3149.67 0.951715
5432.02 3282.06 0.951715
5574.78 3417.92 0.951715
5721.29 3557.36 0.951715
5871.65 3700.46 0.951715
6025.97 3847.33 0.951715
6184.33 3998.05 0.951715
6346.87 4152.73 0.951715
6513.67 4311.48 0.951715
6684.85 4474.4 0.951715
6860.54 4641.6 0.951715
7040.84 4813.2 0.951715
7225.88 4989.31 0.951715
7415.79 5170.04 0.951715
7610.68 5355.52 0.951715
7810.7 5545.88 0.951715
8015.97 5741.25 0.951715
8226.64 5941.74 0.951715
8442.85 6147.51 0.951715
8664.73 6358.68 0.951715
8892.45 6575.4 0.951715
9126.16 6797.82 0.951715
9366 7026.09 0.951715
9612.15 7260.35 0.951715
9864.77 7500.77 0.951715
10124 7747.51 0.951715
10390.1 8000.73 0.951715
10663.2 8260.61 0.951715
10943.4 8527.32 0.951715
11231 8801.04 0.951715
11526.2 9081.95 0.951715
11829.1 9370.24 0.951715
12140 9666.11 0.951715
12459 9969.76 0.951715
12786.5 10281.4 0.951715
13122.5 10601.2 0.951715
13467.4 10929.4 0.951715
13821.3 11266.3 0.951715
14184.5 11612 0.951715
14557.3 11966.8 0.951715
14939.9 12330.9 0.951715
15332.6 12704.5 0.951715
15735.5 13088 0.951715
16149.1 13481.6 0.951715
16573.5 13885.5 0.951715
17009 14300.1 0.951715
17456.1 14725.5 0.951715
17914.8 15162.1 0.951715
18385.6 15610.2 0.951715
18868.8 16070.1 0.951715
19364.7 16542 0.951715
19873.7 17026.4 0.951715
20396 17523.5 0.951715
20932 18033.6 0.951715
21482.1 18557.2 0.951715
22046.7 19094.5 0.951715
22626.1 19645.9 0.951715
23220.7 20211.8 0.951715
23831 20792.6 0.951715
24457.3 21388.7 0.951715
25100.1 22000.4 0.951715
25759.7 22628.2 0.951715
26436.7 23272.5 0.951715
27131.5 23933.8 0.951715
27844.5 24612.4 0.951715
28576.3 25308.8 0.951715
29327.3 26023.6 0.951715
30098.1 26757.1 0.951715
30889.1 27509.9 0.951715
31700.9 28282.5 0.951715
32534 29075.5 0.951715
33389.1 29889.2 0.951715
34266.6 30724.3 0.951715
35167.1 31581.4 0.951715
36091.4 32461 0.951715
37039.9 33363.7 0.951715
38013.3 34290.2 0.951715
39012.4 35241 0.951715
40037.7 36216.8 0.951715
41089.9 37218.2 0.951715
42169.8 38245.9 0.951715
43278.1 39300.7 0.951715
44415.4 40383.2 0.951715
45582.7 41494.1 0.951715
46780.7 42634.2 0.951715
48010.1 43804.3 0.951715
49271.9 45005.1 0.951715
50566.8 46237.5 0.951715
51895.8 47502.3 0.951715
53259.7 48800.3 0.951715
54659.4 50132.5 0.951715
56095.9 51499.6 0.951715
