5.78741e-09 5.95396e-15 4.29514e-06
5.8738e-08 3.33166e-13 8.58285e-06
5.86595e-07 1.45059e-11 3.56977e-05
4.6076e-06 3.38009e-10 8.97843e-05
5.86875e-06 4.61297e-10 0.000114002
2.3369e-05 3.31505e-09 0.000192532
7.39119e-05 1.62978e-08 0.000292274
0.000147358 4.17301e-08 0.000330144
0.000152693 4.34471e-08 0.000292479
0.000165528 4.67976e-08 0.000304172
0.000294481 1.01986e-07 0.000463041
0.000466785 1.89679e-07 0.00054542
0.000739961 3.52227e-07 0.00041641
0.000792747 3.70702e-07 0.000446592
0.000859333 4.13069e-07 0.00055442
0.000931697 4.48502e-07 0.00055104
0.00117285 6.10601e-07 0.000697128
0.00147667 8.31244e-07 0.000750516
0.0017323 1.02935e-06 0.000535855
0.00185963 1.08409e-06 0.000525282
0.00294795 2.00733e-06 0.000908255
0.00467391 3.71532e-06 0.00105104
0.00633042 5.56999e-06 0.00091467
0.0070765 6.16755e-06 0.00093479
0.00933155 8.92099e-06 0.00127133
0.0117504 1.21316e-05 0.00137956
0.0154948 1.7543e-05 0.00122736
0.0177925 2.00421e-05 0.00125466
0.0234638 2.89812e-05 0.00164107
0.0295474 3.94039e-05 0.00177172
0.0354913 5.03041e-05 0.00128079
0.0389653 5.38549e-05 0.00125817
0.0549487 8.51279e-05 0.00191362
0.0590129 9.27925e-05 0.00199187
0.0713035 0.000119369 0.00114686
0.0787306 0.000125461 0.00110854
0.10265 0.000178607 0.00176378
0.112568 0.000193736 0.00180901
0.132297 0.000240204 0.00240921
0.146764 0.000275794 0.00181491
0.15911 0.000293738 0.00177613
0.191354 0.000375514 0.00260957
0.227502 0.000472769 0.000973271
0.245257 0.000484229 0.000805937
0.256566 0.000495831 0.00103354
0.268397 0.000508152 0.00104919
0.280773 0.000521236 0.00106507
0.293719 0.00053513 0.0010812
0.307263 0.000549885 0.00109757
0.321432 0.000565555 0.00111419
0.336253 0.000582195 0.00113106
0.351758 0.000599866 0.00114818
0.367978 0.000618631 0.00116556
0.384946 0.000638559 0.00118321
0.402697 0.000659722 0.00120112
0.421266 0.000682195 0.00121931
0.440691 0.000706061 0.00123777
0.461012 0.000731406 0.00125651
0.48227 0.00075832 0.00127553
0.504508 0.000786902 0.00129484
0.527771 0.000817254 0.00131445
0.552107 0.000849487 0.00133435
0.577566 0.000883717 0.00135455
0.604198 0.000920067 0.00137506
0.632059 0.000958668 0.00139588
0.661204 0.000999662 0.00141701
0.691693 0.00104319 0.00143847
0.723588 0.00108942 0.00146024
0.756953 0.00113852 0.00148235
0.791857 0.00119065 0.00150479
0.828371 0.00124602 0.00152758
0.866568 0.00130481 0.00155071
0.906527 0.00136725 0.00157418
0.948328 0.00143355 0.00159802
0.992057 0.00150396 0.00162221
1.0378 0.00157874 0.00164677
1.08566 0.00165815 0.0016717
1.13572 0.00174247 0.00169701
1.18809 0.00183202 0.00172271
1.24287 0.00192712 0.00174879
1.30018 0.00202811 0.00177526
1.36014 0.00213535 0.00180214
1.42285 0.00224924 0.00182943
1.48846 0.00237018 0.00185712
1.5571 0.00249862 0.00188524
1.6289 0.00263501 0.00191378
1.70401 0.00277985 0.00194276
1.78258 0.00293367 0.00197217
1.86478 0.00309701 0.00200203
1.95077 0.00327047 0.00203234
2.04072 0.00345468 0.00206311
2.13482 0.0036503 0.00209435
2.23326 0.00385804 0.00212606
2.33624 0.00407865 0.00215824
2.44396 0.00431292 0.00219092
2.55666 0.00456171 0.00222409
2.67455 0.00482591 0.00225776
2.79788 0.00510648 0.00229195
2.92689 0.00540443 0.00232665
3.06185 0.00572083 0.00236187
3.20304 0.00605684 0.00239763
3.35074 0.00641366 0.00243393
3.50524 0.00679259 0.00247078
3.66688 0.00719499 0.00250819
3.83596 0.00762232 0.00254616
4.01284 0.00807613 0.00258471
4.19788 0.00855804 0.00262385
4.39145 0.00906982 0.00266357
4.59395 0.00961329 0.0027039
4.80578 0.0101904 0.00274483
5.02738 0.0108033 0.00278639
5.2592 0.0114542 0.00282858
5.50171 0.0121454 0.0028714
5.7554 0.0128794 0.00291488
6.02079 0.0136589 0.00295901
6.29841 0.0144866 0.00300381
6.58884 0.0153657 0.00304928
6.89266 0.0162992 0.00309545
7.21049 0.0172905 0.00314232
7.54298 0.0183433 0.00318989
7.8908 0.0194612 0.00323819
8.25465 0.0206484 0.00328721
8.63529 0.0219092 0.00333698
9.03347 0.0232481 0.0033875
9.45002 0.0246699 0.00343879
9.88577 0.0261798 0.00349085
10.3416 0.0277832 0.00354371
10.8185 0.029486 0.00359736
11.3173 0.0312942 0.00365182
11.8392 0.0332145 0.00370711
12.3851 0.0352537 0.00376324
12.9562 0.0374193 0.00382021
13.5536 0.039719 0.00387805
14.1786 0.0421611 0.00393677
14.8324 0.0447546 0.00399637
15.5164 0.0475087 0.00405687
16.2318 0.0504335 0.00411829
16.9803 0.0535394 0.00418065
17.7633 0.0568378 0.00424394
18.5824 0.0603405 0.0043082
19.4392 0.0640601 0.00437342
20.3356 0.0680102 0.00443964
21.2733 0.072205 0.00450685
22.2543 0.0766597 0.00457509
23.2804 0.0813904 0.00464435
24.3539 0.0864141 0.00471467
25.4769 0.091749 0.00478605
26.6517 0.0974144 0.00485851
27.8806 0.103431 0.00493207
29.1662 0.10982 0.00500674
30.5111 0.116605 0.00508254
31.9181 0.12381 0.00515949
33.3898 0.131462 0.00523761
34.9295 0.139587 0.00531691
36.5401 0.148216 0.0053974
38.225 0.15738 0.00547912
39.9877 0.167111 0.00556208
41.8315 0.177445 0.00564629
43.7605 0.188419 0.00573177
45.7783 0.200073 0.00581855
47.8892 0.212449 0.00590664
50.0974 0.225592 0.00599607
52.4075 0.239549 0.00608685
54.8241 0.254371 0.00617901
57.3521 0.27011 0.00627256
59.9967 0.286825 0.00636752
62.7632 0.304575 0.00646393
65.6573 0.323425 0.00656179
68.6849 0.343443 0.00666114
71.852 0.364701 0.00676199
75.1652 0.387275 0.00686552
75.1652 0.387275 0.00686451
77.1406 0.403122 0.00917915
79.168 0.424134 0.0115492
81.2486 0.450687 0.0139757
83.3839 0.483182 0.0164597
85.5753 0.522038 0.0190023
87.8243 0.567701 0.0216046
90.1324 0.62064 0.0242676
92.5012 0.681351 0.0269923
94.9323 0.750359 0.0297797
97.4272 0.828214 0.0326309
99.9877 0.915498 0.0355469
102.615 1.01283 0.0385286
105.312 1.12084 0.0415769
108.08 1.24023 0.0446927
110.92 1.3717 0.0478769
113.836 1.51601 0.0511302
116.827 1.67394 0.0544535
119.898 1.84635 0.0578473
123.049 2.03408 0.0613124
126.283 2.23808 0.0648493
129.601 2.45929 0.0684583
133.007 2.69874 0.07214
136.503 2.95747 0.0758944
140.091 3.2366 0.0797219
143.772 3.5373 0.0836223
147.551 3.86077 0.0875955
151.429 4.20829 0.0916413
155.408 4.58119 0.0957591
159.493 4.98085 0.0999484
163.684 5.40873 0.104208
167.986 5.86632 0.108537
172.401 6.35521 0.112935
176.932 6.87701 0.117398
181.582 7.43344 0.121927
186.354 8.02625 0.126518
191.251 8.65727 0.131168
196.278 9.32839 0.135875
201.436 10.0416 0.140636
206.73 10.7988 0.145446
212.163 11.6022 0.150302
217.739 12.4539 0.155198
223.461 13.3562 0.160129
229.334 14.3111 0.16509
235.361 15.3212 0.170073
241.547 16.3886 0.175072
247.895 17.5159 0.180077
254.41 18.7054 0.185082
261.096 19.9596 0.190075
267.958 21.2809 0.195046
275 22.6719 0.199984
282.228 24.1349 0.204876
289.645 25.6724 0.209708
297.257 27.2869 0.214466
305.069 28.9806 0.219133
313.087 30.7557 0.223693
321.315 32.6146 0.228126
329.76 34.5591 0.232412
338.426 36.5911 0.23653
347.32 38.7123 0.240457
356.448 40.9242 0.244167
365.816 43.2277 0.247634
375.43 45.6238 0.25083
385.297 48.113 0.253725
395.423 50.6952 0.256287
405.815 53.37 0.258481
416.48 56.1363 0.260274
427.426 58.9925 0.261626
438.659 61.9363 0.262498
450.188 64.9646 0.26285
462.019 68.0732 0.262639
474.161 71.2573 0.261818
486.623 74.5107 0.260343
499.412 77.8264 0.258166
512.537 81.1956 0.255238
526.007 84.6085 0.251508
539.831 88.0537 0.246927
554.018 91.5181 0.241444
568.579 94.9867 0.235008
583.522 98.4428 0.227569
598.857 101.868 0.219077
614.596 105.24 0.209487
630.748 108.537 0.198752
647.325 111.733 0.186831
664.337 114.8 0.173688
681.797 117.706 0.159288
699.715 120.42 0.143607
718.104 122.905 0.126625
736.977 125.122 0.10833
756.345 127.03 0.088723
776.223 128.586 0.0678123
796.623 129.743 0.0456206
817.559 130.453 0.0221837
839.046 130.691 0
861.097 130.691 0
883.727 130.691 0
906.952 130.691 0
930.788 130.691 0
955.25 130.691 0
980.355 130.691 0
1006.12 130.691 0
1032.56 130.691 0
1059.7 130.691 0
1087.55 130.691 0
1116.13 130.691 0
1145.46 130.691 0
1175.57 130.691 0
1206.46 130.691 0
1238.17 130.691 0
1270.71 130.691 0
1304.11 130.691 0
1338.38 130.691 0
1373.55 130.691 0
1409.65 130.691 0
1446.7 130.691 0
1484.72 130.691 0
1523.74 130.691 0
1563.79 130.691 0
1604.88 130.691 0
1647.06 130.691 0
1690.35 130.691 0
1734.77 130.691 0
1780.37 132.059 0.0599923
1827.16 137.592 0.176512
1875.17 148.932 0.295817
1924.46 166.389 0.412618
1975.03 190.022 0.521948
2026.94 219.657 0.619923
2080.21 254.926 0.704201
2134.88 295.333 0.774037
2190.99 340.332 0.830007
2248.57 389.38 0.873573
2307.66 441.98 0.906634
2368.31 497.71 0.931177
2430.55 556.224 0.94905
2494.43 617.256 0.961846
2559.99 680.607 0.970867
2627.27 746.137 0.977138
2696.31 813.755 0.981439
2767.18 883.405 0.984352
2839.9 955.062 0.9863
2914.54 1028.72 0.987587
2991.13 1104.4 0.988426
3069.74 1182.12 0.988967
3150.42 1261.92 0.989311
3233.22 1343.84 0.989527
3318.19 1427.93 0.98966
3405.39 1514.24 0.989742
3494.89 1602.82 0.989792
3586.74 1693.73 0.989821
3681 1787.04 0.989838
3777.75 1882.8 0.989848
3877.03 1981.07 0.989854
3978.92 2081.93 0.989857
4083.49 2185.44 0.989859
4190.81 2291.67 0.98986
4300.95 2400.69 0.98986
4413.98 2512.58 0.98986
4529.99 2627.41 0.989861
4649.04 2745.26 0.989861
4771.22 2866.2 0.989861
4896.62 2990.32 0.989861
5025.3 3117.7 0.989861
5157.37 3248.44 0.989861
5292.92 3382.6 0.989861
5432.02 3520.3 0.989861
5574.78 3661.61 0.989861
5721.29 3806.63 0.989861
5871.65 3955.47 0.989861
6025.97 4108.22 0.989861
6184.33 4264.98 0.989861
6346.87 4425.87 0.989861
6513.67 4590.98 0.989861
6684.85 4760.43 0.989861
6860.54 4934.33 0.989861
7040.84 5112.81 0.989861
7225.88 5295.97 0.989861
7415.79 5483.95 0.989861
7610.68 5676.87 0.989861
7810.7 5874.86 0.989861
8015.97 6078.05 0.989861
8226.64 6286.58 0.989861
8442.85 6500.6 0.989861
8664.73 6720.23 0.989861
8892.45 6945.64 0.989861
9126.16 7176.98 0.989861
9366 7414.39 0.989861
9612.15 7658.04 0.989861
9864.77 7908.1 0.989861
10124 8164.73 0.989861
10390.1 8428.1 0.989861
10663.2 8698.4 0.989861
10943.4 8975.79 0.989861
11231 9260.48 0.989861
11526.2 9552.65 0.989861
11829.1 9852.5 0.989861
12140 10160.2 0.989861
12459 10476 0.989861
12786.5 10800.2 0.989861
13122.5 11132.8 0.989861
13467.4 11474.2 0.989861
13821.3 11824.5 0.989861
14184.5 12184.1 0.989861
14557.3 12553.1 0.989861
14939.9 12931.8 0.989861
15332.6 13320.4 0.989861
15735.5 13719.3 0.989861
16149.1 14128.7 0.989861
16573.5 14548.8 0.989861
17009 14979.9 0.989861
17456.1 15422.4 0.989861
17914.8 15876.5 0.989861
18385.6 16342.6 0.989861
18868.8 16820.9 0.989861
19364.7 17311.7 0.989861
19873.7 17815.5 0.989861
20396 18332.5 0.989861
20932 18863.1 0.989861
21482.1 19407.6 0.989861
22046.7 19966.5 0.989861
22626.1 20540 0.989861
23220.7 21128.6 0.989861
23831 21732.7 0.989861
24457.3 22352.7 0.989861
25100.1 22988.9 0.989861
25759.7 23641.9 0.989861
26436.7 24312 0.989861
27131.5 24999.8 0.989861
27844.5 25705.6 0.989861
28576.3 26429.9 0.989861
29327.3 27173.3 0.989861
30098.1 27936.3 0.989861
30889.1 28719.3 0.989861
31700.9 29522.8 0.989861
32534 30347.5 0.989861
33389.1 31193.9 0.989861
34266.6 32062.5 0.989861
35167.1 32953.9 0.989861
36091.4 33868.8 0.989861
37039.9 34807.7 0.989861
38013.3 35771.3 0.989861
39012.4 36760.2 0.989861
40037.7 37775.1 0.989861
41089.9 38816.6 0.989861
42169.8 39885.6 0.989861
43278.1 40982.6 0.989861
44415.4 42108.5 0.989861
45582.7 43263.9 0.989861
46780.7 44449.7 0.989861
48010.1 45666.7 0.989861
49271.9 46915.7 0.989861
50566.8 48197.5 0.989861
51895.8 49512.9 0.989861
53259.7 50863 0.989861
54659.4 52248.5 0.989861
56095.9 53670.5 0.989861
