5.78741e-09 5.95396e-15 4.29514e-06
5.8738e-08 3.33166e-13 8.58285e-06
5.86595e-07 1.45059e-11 3.56977e-05
4.6076e-06 3.38009e-10 8.97843e-05
5.86875e-06 4.61297e-10 0.000114002
2.3369e-05 3.31505e-09 0.000192532
7.39119e-05 1.62978e-08 0.000292274
0.000147358 4.17301e-08 0.000330144
0.000152693 4.34471e-08 0.000292479
0.000165528 4.67976e-08 0.000304172
0.000294481 1.01986e-07 0.000463041
0.000466785 1.89679e-07 0.00054542
0.000739961 3.52227e-07 0.00041641
0.000792747 3.70702e-07 0.000446592
0.000859333 4.13069e-07 0.00055442
0.000931697 4.48502e-07 0.00055104
0.00117285 6.10601e-07 0.000697128
0.00147667 8.31244e-07 0.000750516
0.0017323 1.02935e-06 0.000535855
0.00185963 1.08409e-06 0.000525282
0.00294795 2.00733e-06 0.000908255
0.00467391 3.71532e-06 0.00105104
0.00633042 5.56999e-06 0.00091467
0.0070765 6.16755e-06 0.00093479
0.00933155 8.92099e-06 0.00127133
0.0117504 1.21316e-05 0.00137956
0.0154948 1.7543e-05 0.00122736
0.0177925 2.00421e-05 0.00125466
0.0234638 2.89812e-05 0.00164107
0.0295474 3.94039e-05 0.00177172
0.0354913 5.03041e-05 0.00128079
0.0389653 5.38549e-05 0.00125817
0.0549487 8.51279e-05 0.00191362
0.0590129 9.27925e-05 0.00199187
0.0713035 0.000119369 0.00114686
0.0787306 0.000125461 0.00110854
0.10265 0.000178607 0.00176378
0.112568 0.000193736 0.00180901
0.132297 0.000240204 0.00240921
0.146764 0.000275794 0.00181491
0.15911 0.000293738 0.00177613
0.191354 0.000375514 0.00260957
0.227502 0.000472769 0.000973271
0.245257 0.000484229 0.000805937
0.256566 0.000495831 0.00103354
0.268397 0.000508152 0.00104919
0.280773 0.000521236 0.00106507
0.293719 0.00053513 0.0010812
0.307263 0.000549885 0.00109757
0.321432 0.000565555 0.00111419
0.336253 0.000582195 0.00113106
0.351758 0.000599866 0.00114818
0.367978 0.000618631 0.00116556
0.384946 0.000638559 0.00118321
0.402697 0.000659722 0.00120112
0.421266 0.000682195 0.00121931
0.440691 0.000706061 0.00123777
0.461012 0.000731406 0.00125651
0.48227 0.00075832 0.00127553
0.504508 0.000786902 0.00129484
0.527771 0.000817254 0.00131445
0.552107 0.000849487 0.00133435
0.577566 0.000883717 0.00135455
0.604198 0.000920067 0.00137506
0.632059 0.000958668 0.00139588
0.661204 0.000999662 0.00141701
0.691693 0.00104319 0.00143847
0.723588 0.00108942 0.00146024
0.756953 0.00113852 0.00148235
0.791857 0.00119065 0.00150479
0.828371 0.00124602 0.00152758
0.866568 0.00130481 0.00155071
0.906527 0.00136725 0.00157418
0.948328 0.00143355 0.00159802
0.992057 0.00150396 0.00162221
1.0378 0.00157874 0.00164677
1.08566 0.00165815 0.0016717
1.13572 0.00174247 0.00169701
1.18809 0.00183202 0.00172271
1.24287 0.00192712 0.00174879
1.30018 0.00202811 0.00177526
1.36014 0.00213535 0.00180214
1.42285 0.00224924 0.00182943
1.48846 0.00237018 0.00185712
1.5571 0.00249862 0.00188524
1.6289 0.00263501 0.00191378
1.70401 0.00277985 0.00194276
1.78258 0.00293367 0.00197217
1.86478 0.00309701 0.00200203
1.95077 0.00327047 0.00203234
2.04072 0.00345468 0.00206311
2.13482 0.0036503 0.00209435
2.23326 0.00385804 0.00212606
2.33624 0.00407865 0.00215824
2.44396 0.00431292 0.00219092
2.55666 0.00456171 0.00222409
2.67455 0.00482591 0.00225776
2.79788 0.00510648 0.00229195
2.92689 0.00540443 0.00232665
3.06185 0.00572083 0.00236187
3.20304 0.00605684 0.00239763
3.35074 0.00641366 0.00243393
3.50524 0.00679259 0.00247078
3.66688 0.00719499 0.00250819
3.83596 0.00762232 0.00254616
4.01284 0.00807613 0.00258471
4.19788 0.00855804 0.00262385
4.39145 0.00906982 0.00266357
4.59395 0.00961329 0.0027039
4.80578 0.0101904 0.00274483
5.02738 0.0108033 0.00278639
5.2592 0.0114542 0.00282858
5.50171 0.0121454 0.0028714
5.7554 0.0128794 0.00291488
6.02079 0.0136589 0.00295901
6.29841 0.0144866 0.00300381
6.58884 0.0153657 0.00304928
6.89266 0.0162992 0.00309545
7.21049 0.0172905 0.00314232
7.54298 0.0183433 0.00318989
7.8908 0.0194612 0.00323819
8.25465 0.0206484 0.00328721
8.63529 0.0219092 0.00333698
9.03347 0.0232481 0.0033875
9.45002 0.0246699 0.00343879
9.88577 0.0261798 0.00349085
10.3416 0.0277832 0.00354371
10.8185 0.029486 0.00359736
11.3173 0.0312942 0.00365182
11.8392 0.0332145 0.00370711
12.3851 0.0352537 0.00376324
12.9562 0.0374193 0.00382021
13.5536 0.039719 0.00387805
14.1786 0.0421611 0.00393677
14.8324 0.0447546 0.00399637
15.5164 0.0475087 0.00405687
16.2318 0.0504335 0.00411829
16.9803 0.0535394 0.00418065
17.7633 0.0568378 0.00424394
18.5824 0.0603405 0.0043082
19.4392 0.0640601 0.00437342
20.3356 0.0680102 0.00443964
21.2733 0.072205 0.00450685
22.2543 0.0766597 0.00457509
23.2804 0.0813904 0.00464435
24.3539 0.0864141 0.00471467
25.4769 0.091749 0.00478605
26.6517 0.0974144 0.00485851
27.8806 0.103431 0.00493207
29.1662 0.10982 0.00500674
30.5111 0.116605 0.00508254
31.9181 0.12381 0.00515949
33.3898 0.131462 0.00523761
34.9295 0.139587 0.00531691
36.5401 0.148216 0.0053974
38.225 0.15738 0.00547912
39.9877 0.167111 0.00556208
41.8315 0.177445 0.00564629
43.7605 0.188419 0.00573177
45.7783 0.200073 0.00581855
47.8892 0.212449 0.00590664
50.0974 0.225592 0.00599607
52.4075 0.239549 0.00608685
54.8241 0.254371 0.00617901
57.3521 0.27011 0.00627256
59.9967 0.286825 0.00636752
62.7632 0.304575 0.00646393
65.6573 0.323425 0.00656179
68.6849 0.343443 0.00666114
71.852 0.364701 0.00676199
75.1652 0.387275 0.00686552
75.1652 0.387275 0.00686451
75.6528 0.390772 0.00747626
76.1436 0.394592 0.00809148
76.6376 0.398742 0.0087102
77.1348 0.403227 0.00933242
77.6352 0.408054 0.00995817
78.1388 0.413227 0.0105874
78.6457 0.418755 0.0112203
79.1559 0.424642 0.0118566
79.6694 0.430894 0.0124966
80.1863 0.43752 0.0131401
80.7065 0.444523 0.0137873
81.23 0.451912 0.014438
81.757 0.459693 0.0150924
82.2874 0.467872 0.0157505
82.8212 0.476457 0.0164121
83.3585 0.485454 0.0170775
83.8993 0.49487 0.0177465
84.4436 0.504712 0.0184192
84.9914 0.514988 0.0190956
85.5428 0.525704 0.0197757
86.0977 0.536868 0.0204596
86.6563 0.548488 0.0211472
87.2184 0.56057 0.0218385
87.7842 0.573124 0.0225336
88.3537 0.586155 0.0232325
88.9269 0.599673 0.0239352
89.5038 0.613685 0.0246416
90.0845 0.628199 0.0253519
90.6689 0.643224 0.026066
91.2571 0.658767 0.0267839
91.8491 0.674837 0.0275056
92.4449 0.691443 0.0282312
93.0447 0.708593 0.0289607
93.6483 0.726295 0.029694
94.2558 0.744559 0.0304312
94.8673 0.763393 0.0311723
95.4827 0.782807 0.0319173
96.1021 0.80281 0.0326662
96.7256 0.82341 0.033419
97.3531 0.844618 0.0341758
97.9847 0.866442 0.0349364
98.6203 0.888893 0.035701
99.2601 0.91198 0.0364696
99.904 0.935712 0.0372421
100.552 0.960101 0.0380186
101.204 0.985156 0.038799
101.861 1.01089 0.0395834
102.522 1.0373 0.0403718
103.187 1.06442 0.0411642
103.856 1.09224 0.0419606
104.53 1.12078 0.042761
105.208 1.15005 0.0435654
105.891 1.18006 0.0443737
106.578 1.21082 0.0451861
107.269 1.24235 0.0460025
107.965 1.27465 0.046823
108.665 1.30773 0.0476474
109.37 1.34161 0.0484759
110.08 1.3763 0.0493084
110.794 1.41181 0.0501449
111.513 1.44816 0.0509855
112.236 1.48535 0.0518301
112.964 1.52339 0.0526787
113.697 1.56231 0.0535314
114.435 1.60211 0.054388
115.177 1.64281 0.0552487
115.924 1.68441 0.0561135
116.676 1.72694 0.0569823
117.433 1.7704 0.057855
118.195 1.81481 0.0587319
118.962 1.86018 0.0596127
119.734 1.90653 0.0604975
120.51 1.95387 0.0613864
121.292 2.00221 0.0622792
122.079 2.05156 0.0631761
122.871 2.10195 0.0640769
123.668 2.15339 0.0649817
124.47 2.20589 0.0658905
125.278 2.25946 0.0668033
126.091 2.31413 0.06772
126.909 2.3699 0.0686406
127.732 2.42679 0.0695652
128.561 2.48482 0.0704937
129.395 2.544 0.0714262
130.234 2.60435 0.0723625
131.079 2.66589 0.0733027
131.929 2.72862 0.0742468
132.785 2.79257 0.0751948
133.646 2.85776 0.0761466
134.513 2.92419 0.0771022
135.386 2.99189 0.0780616
136.264 3.06088 0.0790248
137.148 3.13116 0.0799918
138.038 3.20277 0.0809625
138.934 3.2757 0.081937
139.835 3.35 0.0829151
140.742 3.42566 0.083897
141.655 3.50271 0.0848825
142.574 3.58117 0.0858716
143.499 3.66105 0.0868643
144.43 3.74238 0.0878606
145.367 3.82517 0.0888605
146.31 3.90944 0.0898638
147.259 3.99522 0.0908707
148.215 4.08251 0.091881
149.176 4.17134 0.0928947
150.144 4.26174 0.0939118
151.118 4.35371 0.0949323
152.098 4.44728 0.0959561
153.085 4.54246 0.0969831
154.078 4.63929 0.0980134
155.078 4.73778 0.0990469
156.084 4.83794 0.100084
157.096 4.93981 0.101123
158.115 5.0434 0.102166
159.141 5.14874 0.103212
160.173 5.25583 0.104261
161.213 5.36472 0.105313
162.258 5.47541 0.106367
163.311 5.58793 0.107425
164.37 5.7023 0.108485
165.437 5.81855 0.109548
166.51 5.9367 0.110613
167.59 6.05676 0.111681
168.678 6.17876 0.112752
169.772 6.30273 0.113825
170.873 6.42869 0.114901
171.982 6.55665 0.115978
173.097 6.68665 0.117059
174.22 6.81871 0.118141
175.351 6.95285 0.119225
176.488 7.08909 0.120312
177.633 7.22747 0.1214
178.785 7.36799 0.122491
179.945 7.5107 0.123583
181.113 7.6556 0.124677
182.288 7.80273 0.125773
183.47 7.95212 0.12687
184.66 8.10378 0.127968
185.858 8.25774 0.129068
187.064 8.41402 0.13017
188.278 8.57266 0.131272
189.499 8.73367 0.132376
190.728 8.89708 0.13348
191.966 9.06293 0.134586
193.211 9.23122 0.135692
194.464 9.402 0.136799
195.726 9.57527 0.137907
196.996 9.75108 0.139015
198.274 9.92945 0.140123
199.56 10.1104 0.141231
200.855 10.294 0.14234
202.158 10.4802 0.143449
203.469 10.669 0.144557
204.789 10.8605 0.145665
206.118 11.0548 0.146773
207.455 11.2518 0.14788
208.801 11.4516 0.148987
210.155 11.6541 0.150093
211.519 11.8595 0.151197
212.891 12.0677 0.152301
214.272 12.2788 0.153403
215.662 12.4929 0.154504
217.061 12.7098 0.155603
218.469 12.9297 0.156701
219.886 13.1525 0.157796
221.313 13.3784 0.15889
222.749 13.6073 0.159981
224.194 13.8393 0.16107
225.648 14.0743 0.162156
227.112 14.3125 0.163239
228.585 14.5538 0.164319
230.068 14.7983 0.165397
231.561 15.0459 0.16647
233.063 15.2968 0.16754
234.575 15.5509 0.168607
236.097 15.8083 0.169669
237.628 16.069 0.170727
239.17 16.333 0.171781
240.722 16.6004 0.17283
242.283 16.8711 0.173874
243.855 17.1452 0.174913
245.437 17.4227 0.175947
247.029 17.7037 0.176975
248.632 17.9881 0.177997
250.245 18.276 0.179014
251.868 18.5675 0.180024
253.502 18.8624 0.181027
255.147 19.161 0.182023
256.802 19.4631 0.183013
258.468 19.7688 0.183995
260.145 20.0781 0.184969
261.832 20.3911 0.185935
263.531 20.7077 0.186894
265.24 21.0281 0.187843
266.961 21.3521 0.188784
268.693 21.6799 0.189716
270.436 22.0114 0.190638
272.191 22.3466 0.19155
273.956 22.6857 0.192453
275.734 23.0285 0.193345
277.522 23.3751 0.194226
279.323 23.7256 0.195096
281.135 24.0799 0.195955
282.959 24.4381 0.196802
284.794 24.8001 0.197637
286.642 25.166 0.198459
288.501 25.5358 0.199269
290.373 25.9095 0.200065
292.257 26.2871 0.200848
294.153 26.6686 0.201617
296.061 27.0541 0.202372
297.982 27.4435 0.203111
299.915 27.8368 0.203836
301.86 28.2341 0.204545
303.819 28.6353 0.205238
305.79 29.0405 0.205915
307.773 29.4497 0.206575
309.77 29.8628 0.207217
311.78 30.2798 0.207842
313.802 30.7008 0.208449
315.838 31.1258 0.209037
317.887 31.5546 0.209606
319.949 31.9875 0.210156
322.025 32.4242 0.210685
324.114 32.8649 0.211194
326.217 33.3095 0.211682
328.333 33.758 0.212149
330.463 34.2103 0.212594
332.607 34.6665 0.213016
334.764 35.1266 0.213415
336.936 35.5905 0.213791
339.122 36.0582 0.214143
341.322 36.5296 0.21447
343.536 37.0049 0.214772
345.765 37.4838 0.215049
348.008 37.9665 0.215299
350.266 38.4528 0.215523
352.538 38.9428 0.215719
354.825 39.4363 0.215887
357.127 39.9334 0.216027
359.444 40.434 0.216138
361.776 40.9381 0.21622
364.123 41.4457 0.216271
366.485 41.9566 0.216291
368.862 42.4708 0.21628
371.255 42.9883 0.216237
373.664 43.509 0.216161
376.088 44.0328 0.216052
378.528 44.5598 0.215909
380.983 45.0898 0.215731
383.455 45.6227 0.215519
385.942 46.1585 0.21527
388.446 46.6971 0.214985
390.966 47.2385 0.214663
393.502 47.7825 0.214303
396.055 48.3291 0.213905
398.625 48.8781 0.213467
401.211 49.4295 0.21299
403.813 49.9832 0.212472
406.433 50.5391 0.211913
409.07 51.097 0.211312
411.724 51.657 0.210668
414.395 52.2187 0.209982
417.083 52.7823 0.209251
419.789 53.3474 0.208476
422.512 53.914 0.207655
425.253 54.482 0.206788
428.012 55.0512 0.205875
430.788 55.6215 0.204914
433.583 56.1928 0.203905
436.396 56.7649 0.202847
439.227 57.3376 0.201739
442.076 57.9107 0.200581
444.944 58.4843 0.199372
447.831 59.0579 0.198112
450.736 59.6316 0.196798
453.66 60.205 0.195432
456.603 60.7781 0.194012
459.565 61.3506 0.192537
462.547 61.9224 0.191007
465.547 62.4931 0.189421
468.567 63.0627 0.187778
471.607 63.631 0.186078
474.667 64.1976 0.18432
477.746 64.7624 0.182503
480.845 65.3251 0.180627
483.965 65.8855 0.17869
487.104 66.4434 0.176693
490.264 66.9985 0.174634
493.445 67.5506 0.172513
496.646 68.0993 0.17033
499.868 68.6445 0.168083
503.111 69.1858 0.165772
506.375 69.723 0.163396
509.66 70.2557 0.160955
512.966 70.7838 0.158449
516.294 71.3068 0.155876
519.643 71.8244 0.153235
523.014 72.3364 0.150528
526.407 72.8425 0.147752
529.822 73.3422 0.144908
533.26 73.8352 0.141994
536.719 74.3213 0.139011
540.201 74.8 0.135958
543.705 75.271 0.132834
547.233 75.7339 0.129639
550.783 76.1883 0.126373
554.356 76.6339 0.123034
557.952 77.0702 0.119624
561.572 77.4969 0.116141
565.215 77.9136 0.112585
568.882 78.3197 0.108956
572.572 78.715 0.105254
576.287 79.099 0.101477
580.025 79.4711 0.0976268
583.788 79.8311 0.0937021
587.575 80.1784 0.0897031
591.387 80.5126 0.0856296
595.224 80.8331 0.0814814
599.085 81.1396 0.0772585
602.971 81.4315 0.0729607
606.883 81.7084 0.0685882
610.82 81.9697 0.0641409
614.783 82.2149 0.0596188
618.771 82.4435 0.0550221
622.785 82.655 0.0503508
626.826 82.8488 0.0456052
630.892 83.0245 0.0407853
634.985 83.1814 0.0358916
639.104 83.319 0.0309242
643.25 83.4368 0.0258835
647.423 83.5341 0.0207698
651.623 83.6104 0.0155836
655.851 83.6652 0.0103252
660.105 83.6978 0.00499528
664.388 83.7085 0
668.698 83.7085 0
673.036 83.7085 0
677.402 83.7085 0
681.797 83.7085 0
686.22 83.7085 0
690.671 83.7085 0
695.152 83.7085 0
699.662 83.7085 0
704.201 83.7085 0
708.769 83.7085 0
713.367 83.7085 0
717.995 83.7085 0
722.653 83.7085 0
727.341 83.7085 0
732.06 83.7085 0
736.809 83.7085 0
741.589 83.7085 0
746.4 83.7085 0
751.242 83.7085 0
756.115 83.7085 0
761.021 83.7085 0
765.958 83.7085 0
770.927 83.7085 0
775.928 83.7085 0
780.962 83.7085 0
786.028 83.7085 0
791.127 83.7085 0
796.26 83.7085 0
801.425 83.7085 0
806.624 83.7085 0
811.857 83.7085 0
817.124 83.7085 0
822.425 83.7085 0
827.76 83.7085 0
833.13 83.7085 0
838.535 83.7085 0
843.975 83.7085 0
849.45 83.7085 0
854.961 83.7085 0
860.507 83.7085 0
866.09 83.7085 0
871.708 83.7085 0
877.363 83.7085 0
883.055 83.7085 0
888.784 83.7085 0
894.55 83.7085 0
900.353 83.7085 0
906.194 83.7085 0
912.073 83.7085 0
917.99 83.7085 0
923.945 83.7085 0
929.939 83.7085 0
935.972 83.7085 0
942.044 83.7085 0
948.155 83.7085 0
954.306 83.7085 0
960.497 83.7085 0
966.728 83.7085 0
973 83.7085 0
979.312 83.7085 0
985.665 83.7085 0
992.059 83.7085 0
998.495 83.7085 0
1004.97 83.7085 0
1011.49 83.7085 0
1018.05 83.7085 0
1024.66 83.7085 0
1031.31 83.7085 0
1038 83.7085 0
1044.73 83.7085 0
1051.51 83.7085 0
1058.33 83.7085 0
1065.2 83.7085 0
1072.11 83.7085 0
1079.06 83.7085 0
1086.06 83.7085 0
1093.11 83.7085 0
1100.2 83.7085 0
1107.34 83.7085 0
1114.52 83.7085 0
1121.75 83.7085 0
1129.03 83.7085 0
1136.35 83.7085 0
1143.72 83.7085 0
1151.14 83.7085 0
1158.61 83.7085 0
1166.13 83.7085 0
1173.69 83.7085 0
1181.31 83.7085 0
1188.97 83.7085 0
1196.68 83.7085 0
1204.45 83.7085 0
1212.26 83.7085 0
1220.12 83.7085 0
1228.04 83.7085 0
1236.01 83.7085 0
1244.02 83.7085 0
1252.09 83.7085 0
1260.22 83.7085 0
1268.39 83.7085 0
1276.62 83.7085 0
1284.9 83.7085 0
1293.24 83.7085 0
1301.63 83.7085 0
1310.07 83.7085 0
1318.57 83.7085 0
1327.13 83.7085 0
1335.74 83.7085 0
1344.4 83.7085 0
1353.12 83.7085 0
1361.9 83.7085 0
1370.74 83.7085 0
1379.63 83.7085 0
1388.58 83.7085 0
1397.59 83.7085 0
1406.65 83.7085 0
1415.78 83.7085 0
1424.96 83.7085 0
1434.21 83.7085 0
1443.51 83.7085 0
1452.88 83.7085 0
1462.3 83.7085 0
1471.79 83.7085 0
1481.34 83.7085 0
1490.95 83.7085 0
1500.62 83.7085 0
1510.35 83.7085 0
1520.15 83.7085 0
1530.01 83.7085 0
1539.94 83.7085 0
1549.93 83.7085 0
1559.98 83.7085 0
1570.1 83.7085 0
1580.29 83.7085 0
1590.54 83.7085 0
1600.86 83.7085 0
1611.25 83.7085 0
1621.7 83.7085 0
1632.22 83.7085 0
1642.81 83.7085 0
1653.47 83.7085 0
1664.19 83.7085 0
1674.99 83.7085 0
1685.85 83.7085 0
1696.79 83.7085 0
1707.8 83.7085 0
1718.88 83.7085 0
1730.03 83.7085 0
1741.25 83.7085 0
1752.55 83.7085 0
1763.92 83.7085 0
1775.36 83.7085 0
1786.88 83.7085 0
1798.47 83.7085 0
1810.14 83.7085 0
1821.88 83.7085 0
1833.7 83.7085 0
1845.6 83.7085 0
1857.57 83.7085 0
1869.62 83.7085 0
1881.75 83.7085 0
1893.96 83.7085 0
1906.24 83.7085 0
1918.61 83.7085 0
1931.06 83.7085 0
1943.58 83.7085 0
1956.19 83.7085 0
1968.88 83.7085 0
1981.66 83.7085 0
1994.51 83.7085 0
2007.45 83.7085 0
2020.47 83.7085 0
2033.58 83.7085 0
2046.77 83.7085 0
2060.05 83.7085 0
2073.42 83.7085 0
2086.87 83.7085 0
2100.41 83.7085 0
2114.03 83.7085 0
2127.75 83.7085 0
2141.55 83.7085 0
2155.44 83.7085 0
2169.43 83.7085 0
2183.5 83.7085 0
2197.66 83.7085 0
2211.92 83.7085 0
2226.27 83.7085 0
2240.71 83.7085 0
2255.25 83.7085 0
2269.88 83.7085 0
2284.61 83.7085 0
2299.43 83.7085 0
2314.34 83.7085 0
2329.36 83.7085 0
2344.47 83.7085 0
2359.68 83.7085 0
2374.99 83.7085 0
2390.39 83.7085 0
2405.9 83.7085 0
2421.51 83.7085 0
2437.22 83.7085 0
2453.03 83.7085 0
2468.94 83.7085 0
2484.96 83.7085 0
2501.08 83.7085 0
2517.31 83.7085 0
2533.64 83.7085 0
2550.07 83.7085 0
2566.62 83.7085 0
2583.27 83.7085 0
2600.03 83.7085 0
2616.89 83.7085 0
2633.87 83.7085 0
2650.96 83.7085 0
2668.15 83.7085 0
2685.46 83.7085 0
2702.89 83.7085 0
2720.42 83.7085 0
2738.07 83.7085 0
2755.83 83.7085 0
2773.71 83.7085 0
2791.7 83.7085 0
2809.81 83.7085 0
2828.04 83.7085 0
2846.39 83.7085 0
2864.85 83.7085 0
2883.44 83.7085 0
2902.15 83.7085 0
2920.97 83.7085 0
2939.92 83.7085 0
2958.99 83.7085 0
2978.19 83.7085 0
2997.51 83.7085 0
3016.96 83.7085 0
3036.53 83.7085 0
3056.23 83.7085 0
3076.05 83.7085 0
3096.01 83.7085 0
3116.1 83.7085 0
3136.31 83.7085 0
3156.66 83.7085 0
3177.14 83.7085 0
3197.75 83.7085 0
3218.49 83.7085 0
3239.37 83.7085 0
3260.39 83.7085 0
3281.54 83.7085 0
3302.83 83.7085 0
3324.25 83.7085 0
3345.82 83.7085 0
3367.52 83.7085 0
3389.37 83.7085 0
3411.36 83.7085 0
3433.49 83.7085 0
3455.76 83.7085 0
3478.18 83.7085 0
3500.75 83.7085 0
3523.46 83.7085 0
3546.31 83.7085 0
3569.32 83.7085 0
3592.48 83.7085 0
3615.78 83.7085 0
3639.24 83.7085 0
3662.85 83.7085 0
3686.61 83.7085 0
3710.53 83.7085 0
3734.6 83.7085 0
3758.82 83.7085 0
3783.21 83.7085 0
3807.75 83.7085 0
3832.45 83.7085 0
3857.32 83.7085 0
3882.34 83.7085 0
3907.53 83.7085 0
3932.88 83.7085 0
3958.39 83.7085 0
3984.07 83.7085 0
4009.92 83.7085 0
4035.93 83.7085 0
4062.11 83.7085 0
4088.47 83.7085 0
4114.99 83.7085 0
4141.68 83.7085 0
4168.55 83.7085 0
4195.6 83.7085 0
4222.81 83.7085 0
4250.21 83.7085 0
4277.78 83.7085 0
4305.53 83.7085 0
4333.46 83.7085 0
4361.58 83.7085 0
4389.87 83.7085 0
4418.35 83.7085 0
4447.01 83.7085 0
4475.86 83.7085 0
4504.9 83.7085 0
4534.12 83.7085 0
4563.54 83.7085 0
4593.14 83.8941 0.0125417
4622.94 84.537 0.0306091
4652.93 85.7254 0.0486405
4683.12 87.4648 0.0666047
4713.5 89.7597 0.0844701
4744.08 92.6138 0.102206
4774.85 96.0297 0.119781
4805.83 100.009 0.137165
4837.01 104.553 0.154331
4868.39 109.662 0.171249
4899.97 115.333 0.187894
4931.76 121.566 0.20424
4963.75 128.356 0.220264
4995.95 135.702 0.235944
5028.36 143.597 0.251261
5060.98 152.037 0.266197
5093.82 161.015 0.280736
5126.86 170.526 0.294864
5160.12 180.561 0.30857
5193.6 191.113 0.321843
5227.29 202.173 0.334678
5261.2 213.732 0.347067
5295.33 225.782 0.359008
5329.68 238.312 0.370498
5364.26 251.313 0.381538
5399.06 264.775 0.39213
5434.09 278.687 0.402276
5469.34 293.039 0.411982
5504.82 307.822 0.421253
5540.53 323.023 0.430098
5576.48 338.634 0.438523
5612.65 354.643 0.446539
5649.06 371.041 0.454156
5685.71 387.817 0.461385
5722.6 404.962 0.468237
5759.72 422.465 0.474724
5797.09 440.318 0.480858
5834.69 458.511 0.486652
5872.55 477.035 0.492119
5910.64 495.881 0.497272
5948.99 515.042 0.502124
5987.58 534.509 0.506688
6026.42 554.274 0.510976
6065.52 574.329 0.515002
6104.87 594.668 0.518778
6144.47 615.284 0.522315
6184.33 636.171 0.525627
6224.45 657.321 0.528725
6264.83 678.729 0.53162
6305.48 700.39 0.534323
6346.38 722.299 0.536844
6387.55 744.45 0.539195
6428.99 766.839 0.541384
6470.7 789.461 0.543422
6512.68 812.312 0.545317
6554.93 835.389 0.547078
6597.45 858.688 0.548714
6640.25 882.205 0.550231
6683.33 905.938 0.551638
6726.69 929.884 0.552941
6770.32 954.04 0.554148
6814.25 978.403 0.555265
6858.45 1002.97 0.556297
6902.95 1027.74 0.557251
6947.73 1052.72 0.558132
6992.8 1077.89 0.558944
7038.16 1103.27 0.559694
7083.82 1128.84 0.560384
7129.78 1154.61 0.56102
7176.03 1180.57 0.561605
7222.59 1206.73 0.562143
7269.44 1233.08 0.562637
7316.6 1259.62 0.563091
7364.07 1286.36 0.563507
7411.84 1313.29 0.56389
7459.92 1340.41 0.56424
7508.32 1367.72 0.56456
7557.03 1395.23 0.564854
7606.05 1422.93 0.565123
7655.39 1450.82 0.565368
7705.06 1478.9 0.565592
7755.04 1507.18 0.565797
7805.35 1535.65 0.565984
7855.99 1564.31 0.566154
7906.95 1593.17 0.566309
7958.25 1622.22 0.56645
8009.88 1651.47 0.566579
8061.84 1680.92 0.566696
8114.14 1710.56 0.566802
8166.78 1740.4 0.566898
8219.76 1770.43 0.566986
8273.08 1800.67 0.567065
8326.76 1831.11 0.567137
8380.77 1861.74 0.567202
8435.14 1892.58 0.567261
8489.86 1923.63 0.567314
8544.94 1954.87 0.567362
8600.38 1986.33 0.567406
8656.17 2017.98 0.567445
8712.32 2049.85 0.56748
8768.84 2081.92 0.567512
8825.73 2114.21 0.567541
8882.99 2146.71 0.567566
8940.61 2179.41 0.56759
8998.61 2212.33 0.56761
9056.99 2245.47 0.567629
9115.75 2278.82 0.567646
9174.89 2312.39 0.567661
9234.41 2346.18 0.567674
9294.31 2380.19 0.567686
9354.61 2414.42 0.567697
9415.29 2448.87 0.567707
9476.38 2483.55 0.567715
9537.85 2518.45 0.567723
9599.73 2553.57 0.56773
9662 2588.93 0.567736
9724.68 2624.52 0.567741
9787.77 2660.34 0.567746
9851.27 2696.39 0.567751
9915.18 2732.67 0.567754
9979.5 2769.19 0.567758
10044.2 2805.95 0.567761
10109.4 2842.94 0.567763
10175 2880.18 0.567766
10241 2917.66 0.567768
10307.4 2955.38 0.56777
10374.3 2993.34 0.567771
10441.6 3031.55 0.567773
10509.3 3070.01 0.567774
10577.5 3108.72 0.567775
10646.1 3147.68 0.567776
10715.2 3186.9 0.567777
10784.7 3226.37 0.567778
10854.7 3266.09 0.567778
10925.1 3306.07 0.567779
10996 3346.31 0.567779
11067.3 3386.82 0.56778
11139.1 3427.58 0.56778
11211.4 3468.61 0.567781
11284.1 3509.91 0.567781
11357.3 3551.47 0.567781
11431 3593.3 0.567781
11505.1 3635.41 0.567782
11579.8 3677.79 0.567782
11654.9 3720.44 0.567782
11730.5 3763.37 0.567782
11806.6 3806.58 0.567782
11883.2 3850.07 0.567782
11960.3 3893.84 0.567782
12037.9 3937.89 0.567782
12116 3982.23 0.567783
12194.6 4026.86 0.567783
12273.7 4071.78 0.567783
12353.3 4116.99 0.567783
12433.5 4162.49 0.567783
12514.1 4208.29 0.567783
12595.3 4254.38 0.567783
12677 4300.78 0.567783
12759.2 4347.47 0.567783
12842 4394.47 0.567783
12925.3 4441.77 0.567783
13009.2 4489.38 0.567783
13093.6 4537.3 0.567783
13178.5 4585.53 0.567783
13264 4634.07 0.567783
13350.1 4682.93 0.567783
13436.7 4732.1 0.567783
13523.8 4781.59 0.567783
13611.6 4831.41 0.567783
13699.9 4881.54 0.567783
13788.8 4932 0.567783
13878.2 4982.79 0.567783
13968.2 5033.91 0.567783
14058.9 5085.36 0.567783
14150.1 5137.15 0.567783
14241.9 5189.27 0.567783
14334.2 5241.73 0.567783
14427.2 5294.53 0.567783
14520.8 5347.67 0.567783
14615 5401.15 0.567783
14709.8 5454.99 0.567783
14805.3 5509.17 0.567783
14901.3 5563.7 0.567783
14998 5618.59 0.567783
15095.3 5673.83 0.567783
15193.2 5729.44 0.567783
15291.8 5785.4 0.567783
15391 5841.73 0.567783
15490.8 5898.42 0.567783
15591.3 5955.48 0.567783
15692.5 6012.91 0.567783
15794.3 6070.71 0.567783
15896.7 6128.88 0.567783
15999.9 6187.44 0.567783
16103.7 6246.37 0.567783
16208.1 6305.69 0.567783
16313.3 6365.39 0.567783
16419.1 6425.48 0.567783
16525.6 6485.96 0.567783
16632.8 6546.83 0.567783
16740.7 6608.09 0.567783
16849.3 6669.76 0.567783
16958.7 6731.82 0.567783
17068.7 6794.28 0.567783
17179.4 6857.16 0.567783
17290.8 6920.43 0.567783
17403 6984.12 0.567783
17515.9 7048.23 0.567783
17629.6 7112.74 0.567783
17743.9 7177.68 0.567783
17859 7243.04 0.567783
17974.9 7308.82 0.567783
18091.5 7375.03 0.567783
18208.9 7441.67 0.567783
18327 7508.74 0.567783
18445.9 7576.24 0.567783
18565.5 7644.19 0.567783
18686 7712.57 0.567783
18807.2 7781.4 0.567783
18929.2 7850.68 0.567783
19052 7920.4 0.567783
19175.6 7990.58 0.567783
19300 8061.21 0.567783
19425.2 8132.3 0.567783
19551.2 8203.85 0.567783
19678.1 8275.86 0.567783
19805.7 8348.35 0.567783
19934.2 8421.3 0.567783
20063.5 8494.73 0.567783
20193.7 8568.63 0.567783
20324.7 8643.01 0.567783
20456.6 8717.87 0.567783
20589.3 8793.22 0.567783
20722.8 8869.06 0.567783
20857.3 8945.39 0.567783
20992.6 9022.22 0.567783
21128.8 9099.54 0.567783
21265.8 9177.37 0.567783
21403.8 9255.7 0.567783
21542.7 9334.54 0.567783
21682.4 9413.89 0.567783
21823.1 9493.75 0.567783
21964.6 9574.14 0.567783
22107.1 9655.04 0.567783
22250.6 9736.47 0.567783
22394.9 9818.43 0.567783
22540.2 9900.92 0.567783
22686.4 9983.94 0.567783
22833.6 10067.5 0.567783
22981.7 10151.6 0.567783
23130.8 10236.3 0.567783
23280.9 10321.5 0.567783
23431.9 10407.2 0.567783
23583.9 10493.5 0.567783
23736.9 10580.4 0.567783
23890.9 10667.8 0.567783
24045.9 10755.8 0.567783
24201.9 10844.4 0.567783
24358.9 10933.5 0.567783
24516.9 11023.3 0.567783
24676 11113.6 0.567783
24836 11204.5 0.567783
24997.2 11295.9 0.567783
25159.3 11388 0.567783
25322.5 11480.7 0.567783
25486.8 11574 0.567783
25652.2 11667.8 0.567783
25818.6 11762.3 0.567783
25986.1 11857.4 0.567783
26154.7 11953.2 0.567783
26324.3 12049.5 0.567783
26495.1 12146.5 0.567783
26667 12244 0.567783
26840 12342.3 0.567783
27014.1 12441.1 0.567783
27189.4 12540.6 0.567783
27365.7 12640.8 0.567783
27543.3 12741.6 0.567783
27722 12843 0.567783
27901.8 12945.1 0.567783
28082.8 13047.9 0.567783
28265 13151.4 0.567783
28448.4 13255.5 0.567783
28632.9 13360.3 0.567783
28818.7 13465.7 0.567783
29005.6 13571.9 0.567783
29193.8 13678.7 0.567783
29383.2 13786.3 0.567783
29573.8 13894.5 0.567783
29765.7 14003.4 0.567783
29958.8 14113.1 0.567783
30153.1 14223.4 0.567783
30348.7 14334.5 0.567783
30545.6 14446.3 0.567783
30743.8 14558.8 0.567783
30943.2 14672 0.567783
31143.9 14786 0.567783
31346 14900.7 0.567783
31549.3 15016.2 0.567783
31754 15132.4 0.567783
31960 15249.3 0.567783
32167.3 15367.1 0.567783
32376 15485.5 0.567783
32586.1 15604.8 0.567783
32797.5 15724.8 0.567783
33010.2 15845.6 0.567783
33224.4 15967.2 0.567783
33439.9 16089.6 0.567783
33656.9 16212.8 0.567783
33875.2 16336.7 0.567783
34095 16461.5 0.567783
34316.1 16587.1 0.567783
34538.8 16713.5 0.567783
34762.8 16840.7 0.567783
34988.3 16968.8 0.567783
35215.3 17097.6 0.567783
35443.8 17227.4 0.567783
35673.7 17357.9 0.567783
35905.1 17489.3 0.567783
36138.1 17621.6 0.567783
36372.5 17754.7 0.567783
36608.5 17888.7 0.567783
36846 18023.5 0.567783
37085 18159.2 0.567783
37325.6 18295.8 0.567783
37567.7 18433.3 0.567783
37811.4 18571.7 0.567783
38056.7 18711 0.567783
38303.6 18851.1 0.567783
38552.1 18992.2 0.567783
38802.2 19134.2 0.567783
39053.9 19277.2 0.567783
39307.3 19421 0.567783
39562.3 19565.8 0.567783
39819 19711.5 0.567783
40077.3 19858.2 0.567783
40337.3 20005.8 0.567783
40599 20154.4 0.567783
40862.3 20303.9 0.567783
41127.4 20454.4 0.567783
41394.2 20605.9 0.567783
41662.8 20758.4 0.567783
41933.1 20911.9 0.567783
42205.1 21066.3 0.567783
42478.9 21221.8 0.567783
42754.5 21378.2 0.567783
43031.8 21535.7 0.567783
43311 21694.2 0.567783
43592 21853.8 0.567783
43874.8 22014.3 0.567783
44159.4 22175.9 0.567783
44445.9 22338.6 0.567783
44734.2 22502.3 0.567783
45024.4 22667.1 0.567783
45316.5 22832.9 0.567783
45610.5 22999.8 0.567783
45906.4 23167.8 0.567783
46204.2 23336.9 0.567783
46503.9 23507.1 0.567783
46805.6 23678.4 0.567783
47109.3 23850.8 0.567783
47414.9 24024.3 0.567783
47722.5 24199 0.567783
48032.1 24374.8 0.567783
48343.7 24551.7 0.567783
48657.3 24729.8 0.567783
48972.9 24909 0.567783
49290.7 25089.4 0.567783
49610.4 25270.9 0.567783
49932.3 25453.7 0.567783
50256.2 25637.6 0.567783
50582.2 25822.7 0.567783
50910.4 26009 0.567783
51240.6 26196.5 0.567783
51573.1 26385.3 0.567783
51907.6 26575.2 0.567783
52244.4 26766.4 0.567783
52583.3 26958.9 0.567783
52924.4 27152.6 0.567783
53267.8 27347.5 0.567783
53613.3 27543.7 0.567783
53961.1 27741.2 0.567783
54311.2 27940 0.567783
54663.5 28140 0.567783
55018.2 28341.4 0.567783
55375.1 28544 0.567783
55734.3 28748 0.567783
56095.9 28953.3 0.567783
