5.78741e-09 5.95396e-15 4.29514e-06
5.8738e-08 3.33166e-13 8.58285e-06
5.86595e-07 1.45059e-11 3.56977e-05
4.6076e-06 3.38009e-10 8.97843e-05
5.86875e-06 4.61297e-10 0.000114002
2.3369e-05 3.31505e-09 0.000192532
7.39119e-05 1.62978e-08 0.000292274
0.000147358 4.17301e-08 0.000330144
0.000152693 4.34471e-08 0.000292479
0.000165528 4.67976e-08 0.000304172
0.000294481 1.01986e-07 0.000463041
0.000466785 1.89679e-07 0.00054542
0.000739961 3.52227e-07 0.00041641
0.000792747 3.70702e-07 0.000446592
0.000859333 4.13069e-07 0.00055442
0.000931697 4.48502e-07 0.00055104
0.00117285 6.10601e-07 0.000697128
0.00147667 8.31244e-07 0.000750516
0.0017323 1.02935e-06 0.000535855
0.00185963 1.08409e-06 0.000525282
0.00294795 2.00733e-06 0.000908255
0.00467391 3.71532e-06 0.00105104
0.00633042 5.56999e-06 0.00091467
0.0070765 6.16755e-06 0.00093479
0.00933155 8.92099e-06 0.00127133
0.0117504 1.21316e-05 0.00137956
0.0154948 1.7543e-05 0.00122736
0.0177925 2.00421e-05 0.00125466
0.0234638 2.89812e-05 0.00164107
0.0295474 3.94039e-05 0.00177172
0.0354913 5.03041e-05 0.00128079
0.0389653 5.38549e-05 0.00125817
0.0549487 8.51279e-05 0.00191362
0.0590129 9.27925e-05 0.00199187
0.0713035 0.000119369 0.00114686
0.0787306 0.000125461 0.00110854
0.10265 0.000178607 0.00176378
0.112568 0.000193736 0.00180901
0.132297 0.000240204 0.00240921
0.146764 0.000275794 0.00181491
0.15911 0.000293738 0.00177613
0.191354 0.000375514 0.00260957
0.227502 0.000472769 0.000973271
0.245257 0.000484229 0.000805937
0.256566 0.000495831 0.00103354
0.268397 0.000508152 0.00104919
0.280773 0.000521236 0.00106507
0.293719 0.00053513 0.0010812
0.307263 0.000549885 0.00109757
0.321432 0.000565555 0.00111419
0.336253 0.000582195 0.00113106
0.351758 0.000599866 0.00114818
0.367978 0.000618631 0.00116556
0.384946 0.000638559 0.00118321
0.402697 0.000659722 0.00120112
0.421266 0.000682195 0.00121931
0.440691 0.000706061 0.00123777
0.461012 0.000731406 0.00125651
0.48227 0.00075832 0.00127553
0.504508 0.000786902 0.00129484
0.527771 0.000817254 0.00131445
0.552107 0.000849487 0.00133435
0.577566 0.000883717 0.00135455
0.604198 0.000920067 0.00137506
0.632059 0.000958668 0.00139588
0.661204 0.000999662 0.00141701
0.691693 0.00104319 0.00143847
0.723588 0.00108942 0.00146024
0.756953 0.00113852 0.00148235
0.791857 0.00119065 0.00150479
0.828371 0.00124602 0.00152758
0.866568 0.00130481 0.00155071
0.906527 0.00136725 0.00157418
0.948328 0.00143355 0.00159802
0.992057 0.00150396 0.00162221
1.0378 0.00157874 0.00164677
1.08566 0.00165815 0.0016717
1.13572 0.00174247 0.00169701
1.18809 0.00183202 0.00172271
1.24287 0.00192712 0.00174879
1.30018 0.00202811 0.00177526
1.36014 0.00213535 0.00180214
1.42285 0.00224924 0.00182943
1.48846 0.00237018 0.00185712
1.5571 0.00249862 0.00188524
1.6289 0.00263501 0.00191378
1.70401 0.00277985 0.00194276
1.78258 0.00293367 0.00197217
1.86478 0.00309701 0.00200203
1.95077 0.00327047 0.00203234
2.04072 0.00345468 0.00206311
2.13482 0.0036503 0.00209435
2.23326 0.00385804 0.00212606
2.33624 0.00407865 0.00215824
2.44396 0.00431292 0.00219092
2.55666 0.00456171 0.00222409
2.67455 0.00482591 0.00225776
2.79788 0.00510648 0.00229195
2.92689 0.00540443 0.00232665
3.06185 0.00572083 0.00236187
3.20304 0.00605684 0.00239763
3.35074 0.00641366 0.00243393
3.50524 0.00679259 0.00247078
3.66688 0.00719499 0.00250819
3.83596 0.00762232 0.00254616
4.01284 0.00807613 0.00258471
4.19788 0.00855804 0.00262385
4.39145 0.00906982 0.00266357
4.59395 0.00961329 0.0027039
4.80578 0.0101904 0.00274483
5.02738 0.0108033 0.00278639
5.2592 0.0114542 0.00282858
5.50171 0.0121454 0.0028714
5.7554 0.0128794 0.00291488
6.02079 0.0136589 0.00295901
6.29841 0.0144866 0.00300381
6.58884 0.0153657 0.00304928
6.89266 0.0162992 0.00309545
7.21049 0.0172905 0.00314232
7.54298 0.0183433 0.00318989
7.8908 0.0194612 0.00323819
8.25465 0.0206484 0.00328721
8.63529 0.0219092 0.00333698
9.03347 0.0232481 0.0033875
9.45002 0.0246699 0.00343879
9.88577 0.0261798 0.00349085
10.3416 0.0277832 0.00354371
10.8185 0.029486 0.00359736
11.3173 0.0312942 0.00365182
11.8392 0.0332145 0.00370711
12.3851 0.0352537 0.00376324
12.9562 0.0374193 0.00382021
13.5536 0.039719 0.00387805
14.1786 0.0421611 0.00393677
14.8324 0.0447546 0.00399637
15.5164 0.0475087 0.00405687
16.2318 0.0504335 0.00411829
16.9803 0.0535394 0.00418065
17.7633 0.0568378 0.00424394
18.5824 0.0603405 0.0043082
19.4392 0.0640601 0.00437342
20.3356 0.0680102 0.00443964
21.2733 0.072205 0.00450685
22.2543 0.0766597 0.00457509
23.2804 0.0813904 0.00464435
24.3539 0.0864141 0.00471467
25.4769 0.091749 0.00478605
26.6517 0.0974144 0.00485851
27.8806 0.103431 0.00493207
29.1662 0.10982 0.00500674
30.5111 0.116605 0.00508254
31.9181 0.12381 0.00515949
33.3898 0.131462 0.00523761
34.9295 0.139587 0.00531691
36.5401 0.148216 0.0053974
38.225 0.15738 0.00547912
39.9877 0.167111 0.00556208
41.8315 0.177445 0.00564629
43.7605 0.188419 0.00573177
45.7783 0.200073 0.00581855
47.8892 0.212449 0.00590664
50.0974 0.225592 0.00599607
52.4075 0.239549 0.00608685
54.8241 0.254371 0.00617901
57.3521 0.27011 0.00627256
59.9967 0.286825 0.00636752
62.7632 0.304575 0.00646393
65.6573 0.323425 0.00656179
68.6849 0.343443 0.00666114
71.852 0.364701 0.00676199
75.1652 0.387275 0.00686552
75.1652 0.387275 0.00686451
75.6528 0.390756 0.00741266
76.1436 0.39453 0.00796415
76.6376 0.398601 0.00851902
77.1348 0.402975 0.00907727
77.6352 0.407658 0.00963893
78.1388 0.412655 0.010204
78.6457 0.417971 0.0107725
79.1559 0.423613 0.0113445
79.6694 0.429587 0.0119199
80.1863 0.435897 0.0124989
80.7065 0.44255 0.0130813
81.23 0.449553 0.0136673
81.757 0.45691 0.0142568
82.2874 0.464629 0.0148498
82.8212 0.472716 0.0154465
83.3585 0.481176 0.0160467
83.8993 0.490017 0.0166506
84.4436 0.499245 0.0172581
84.9914 0.508867 0.0178692
85.5428 0.518889 0.018484
86.0977 0.529318 0.0191025
86.6563 0.540162 0.0197247
87.2184 0.551426 0.0203506
87.7842 0.563119 0.0209802
88.3537 0.575247 0.0216136
88.9269 0.587818 0.0222508
89.5038 0.60084 0.0228917
90.0845 0.614319 0.0235365
90.6689 0.628263 0.0241851
91.2571 0.642681 0.0248375
91.8491 0.657579 0.0254938
92.4449 0.672967 0.0261539
93.0447 0.688851 0.026818
93.6483 0.70524 0.0274859
94.2558 0.722143 0.0281578
94.8673 0.739567 0.0288336
95.4827 0.757522 0.0295134
96.1021 0.776015 0.0301971
96.7256 0.795056 0.0308849
97.3531 0.814653 0.0315766
97.9847 0.834815 0.0322724
98.6203 0.855552 0.0329722
99.2601 0.876872 0.0336761
99.904 0.898785 0.0343841
100.552 0.921301 0.0350961
101.204 0.944428 0.0358123
101.861 0.968177 0.0365325
102.522 0.992558 0.0372569
103.187 1.01758 0.0379855
103.856 1.04325 0.0387182
104.53 1.06959 0.0394552
105.208 1.09659 0.0401963
105.891 1.12428 0.0409416
106.578 1.15267 0.0416912
107.269 1.18175 0.042445
107.965 1.21155 0.0432031
108.665 1.24208 0.0439654
109.37 1.27334 0.0447321
110.08 1.30536 0.045503
110.794 1.33813 0.0462783
111.513 1.37167 0.0470579
112.236 1.406 0.0478418
112.964 1.44112 0.0486301
113.697 1.47705 0.0494228
114.435 1.51379 0.0502199
115.177 1.55137 0.0510213
115.924 1.5898 0.0518272
116.676 1.62908 0.0526375
117.433 1.66923 0.0534522
118.195 1.71026 0.0542714
118.962 1.75219 0.055095
119.734 1.79503 0.0559231
120.51 1.83879 0.0567556
121.292 1.88349 0.0575927
122.079 1.92914 0.0584343
122.871 1.97575 0.0592804
123.668 2.02335 0.060131
124.47 2.07193 0.0609861
125.278 2.12152 0.0618457
126.091 2.17214 0.06271
126.909 2.22379 0.0635787
127.732 2.27649 0.0644521
128.561 2.33026 0.06533
129.395 2.38512 0.0662125
130.234 2.44107 0.0670995
131.079 2.49814 0.0679912
131.929 2.55634 0.0688875
132.785 2.61568 0.0697883
133.646 2.67619 0.0706938
134.513 2.73788 0.0716039
135.386 2.80076 0.0725186
136.264 2.86486 0.0734379
137.148 2.93018 0.0743619
138.038 2.99676 0.0752904
138.934 3.0646 0.0762236
139.835 3.13372 0.0771615
140.742 3.20415 0.0781039
141.655 3.27589 0.079051
142.574 3.34897 0.0800027
143.499 3.42341 0.0809591
144.43 3.49923 0.0819201
145.367 3.57644 0.0828857
146.31 3.65506 0.0838559
147.259 3.73512 0.0848308
148.215 3.81662 0.0858102
149.176 3.89961 0.0867943
150.144 3.98408 0.087783
151.118 4.07007 0.0887763
152.098 4.15759 0.0897742
153.085 4.24666 0.0907766
154.078 4.33732 0.0917837
155.078 4.42956 0.0927953
156.084 4.52343 0.0938114
157.096 4.61894 0.0948321
158.115 4.71611 0.0958574
159.141 4.81496 0.0968871
160.173 4.91552 0.0979214
161.213 5.01781 0.0989601
162.258 5.12186 0.100003
163.311 5.22767 0.101051
164.37 5.33529 0.102103
165.437 5.44473 0.10316
166.51 5.55601 0.104221
167.59 5.66917 0.105286
168.678 5.78422 0.106356
169.772 5.90119 0.10743
170.873 6.0201 0.108508
171.982 6.14099 0.109591
173.097 6.26386 0.110678
174.22 6.38876 0.111769
175.351 6.5157 0.112864
176.488 6.64472 0.113964
177.633 6.77583 0.115067
178.785 6.90907 0.116175
179.945 7.04446 0.117287
181.113 7.18203 0.118403
182.288 7.3218 0.119523
183.47 7.46381 0.120647
184.66 7.60808 0.121774
185.858 7.75464 0.122906
187.064 7.90352 0.124042
188.278 8.05474 0.125181
189.499 8.20834 0.126324
190.728 8.36434 0.127471
191.966 8.52277 0.128621
193.211 8.68367 0.129775
194.464 8.84706 0.130933
195.726 9.01297 0.132094
196.996 9.18143 0.133258
198.274 9.35248 0.134426
199.56 9.52614 0.135597
200.855 9.70245 0.136771
202.158 9.88143 0.137949
203.469 10.0631 0.13913
204.789 10.2475 0.140314
206.118 10.4347 0.1415
207.455 10.6248 0.14269
208.801 10.8176 0.143882
210.155 11.0133 0.145078
211.519 11.2119 0.146276
212.891 11.4135 0.147476
214.272 11.618 0.148679
215.662 11.8255 0.149885
217.061 12.036 0.151092
218.469 12.2496 0.152303
219.886 12.4663 0.153515
221.313 12.6862 0.154729
222.749 12.9092 0.155945
224.194 13.1354 0.157163
225.648 13.3649 0.158383
227.112 13.5977 0.159605
228.585 13.8337 0.160828
230.068 14.0731 0.162052
231.561 14.3159 0.163278
233.063 14.5621 0.164504
234.575 14.8118 0.165732
236.097 15.0649 0.166961
237.628 15.3216 0.168191
239.17 15.5818 0.169421
240.722 15.8456 0.170652
242.283 16.1131 0.171884
243.855 16.3842 0.173115
245.437 16.659 0.174347
247.029 16.9376 0.175578
248.632 17.22 0.17681
250.245 17.5062 0.178041
251.868 17.7962 0.179272
253.502 18.0901 0.180502
255.147 18.388 0.181731
256.802 18.6898 0.182959
258.468 18.9956 0.184186
260.145 19.3055 0.185411
261.832 19.6194 0.186636
263.531 19.9375 0.187858
265.24 20.2597 0.189078
266.961 20.5861 0.190297
268.693 20.9167 0.191513
270.436 21.2516 0.192726
272.191 21.5908 0.193937
273.956 21.9343 0.195145
275.734 22.2822 0.19635
277.522 22.6345 0.197551
279.323 22.9913 0.198749
281.135 23.3525 0.199943
282.959 23.7182 0.201133
284.794 24.0885 0.202318
286.642 24.4634 0.203499
288.501 24.8429 0.204675
290.373 25.2271 0.205847
292.257 25.616 0.207013
294.153 26.0095 0.208173
296.061 26.4079 0.209327
297.982 26.811 0.210476
299.915 27.219 0.211618
301.86 27.6319 0.212753
303.819 28.0496 0.213881
305.79 28.4723 0.215002
307.773 28.8999 0.216115
309.77 29.3325 0.217221
311.78 29.7701 0.218318
313.802 30.2128 0.219407
315.838 30.6605 0.220487
317.887 31.1134 0.221557
319.949 31.5714 0.222619
322.025 32.0346 0.22367
324.114 32.5029 0.224711
326.217 32.9765 0.225742
328.333 33.4553 0.226761
330.463 33.9394 0.227769
332.607 34.4287 0.228766
334.764 34.9234 0.22975
336.936 35.4234 0.230723
339.122 35.9288 0.231682
341.322 36.4395 0.232628
343.536 36.9557 0.23356
345.765 37.4772 0.234478
348.008 38.0042 0.235382
350.266 38.5366 0.236271
352.538 39.0745 0.237144
354.825 39.6178 0.238002
357.127 40.1666 0.238844
359.444 40.721 0.239668
361.776 41.2808 0.240476
364.123 41.8461 0.241266
366.485 42.4169 0.242038
368.862 42.9933 0.242791
371.255 43.5751 0.243526
373.664 44.1625 0.244241
376.088 44.7554 0.244935
378.528 45.3538 0.24561
380.983 45.9578 0.246263
383.455 46.5672 0.246894
385.942 47.1821 0.247504
388.446 47.8025 0.248091
390.966 48.4284 0.248655
393.502 49.0598 0.249195
396.055 49.6966 0.24971
398.625 50.3388 0.250201
401.211 50.9865 0.250667
403.813 51.6395 0.251107
406.433 52.2978 0.25152
409.07 52.9615 0.251906
411.724 53.6305 0.252264
414.395 54.3047 0.252594
417.083 54.9842 0.252895
419.789 55.6688 0.253167
422.512 56.3586 0.253408
425.253 57.0535 0.253619
428.012 57.7534 0.253799
430.788 58.4583 0.253947
433.583 59.1682 0.254062
436.396 59.8829 0.254143
439.227 60.6025 0.254191
442.076 61.3268 0.254205
444.944 62.0558 0.254183
447.831 62.7894 0.254126
450.736 63.5276 0.254032
453.66 64.2702 0.253901
456.603 65.0172 0.253733
459.565 65.7685 0.253526
462.547 66.524 0.25328
465.547 67.2836 0.252994
468.567 68.0472 0.252668
471.607 68.8147 0.252301
474.667 69.5859 0.251892
477.746 70.3609 0.251441
480.845 71.1394 0.250946
483.965 71.9214 0.250409
487.104 72.7067 0.249826
490.264 73.4951 0.249199
493.445 74.2867 0.248526
496.646 75.0811 0.247806
499.868 75.8782 0.24704
503.111 76.678 0.246226
506.375 77.4803 0.245364
509.66 78.2848 0.244453
512.966 79.0915 0.243492
516.294 79.9001 0.242481
519.643 80.7105 0.241419
523.014 81.5224 0.240306
526.407 82.3358 0.23914
529.822 83.1504 0.237922
533.26 83.966 0.236651
536.719 84.7824 0.235326
540.201 85.5993 0.233947
543.705 86.4167 0.232512
547.233 87.2342 0.231022
550.783 88.0516 0.229477
554.356 88.8687 0.227874
557.952 89.6852 0.226215
561.572 90.5009 0.224498
565.215 91.3155 0.222723
568.882 92.1288 0.22089
572.572 92.9406 0.218998
576.287 93.7504 0.217046
580.025 94.5581 0.215035
583.788 95.3633 0.212964
587.575 96.1658 0.210833
591.387 96.9653 0.208641
595.224 97.7614 0.206388
599.085 98.5539 0.204074
602.971 99.3424 0.201699
606.883 100.127 0.199262
610.82 100.906 0.196763
614.783 101.681 0.194202
618.771 102.45 0.19158
622.785 103.214 0.188896
626.826 103.971 0.186149
630.892 104.723 0.183341
634.985 105.467 0.180471
639.104 106.205 0.177539
643.25 106.934 0.174545
647.423 107.656 0.17149
651.623 108.37 0.168374
655.851 109.075 0.165197
660.105 109.771 0.16196
664.388 110.458 0.158662
668.698 111.134 0.155306
673.036 111.801 0.15189
677.402 112.456 0.148416
681.797 113.101 0.144884
686.22 113.734 0.141295
690.671 114.355 0.13765
695.152 114.963 0.133949
699.662 115.559 0.130195
704.201 116.141 0.126387
708.769 116.709 0.122527
713.367 117.264 0.118616
717.995 117.804 0.114655
722.653 118.328 0.110646
727.341 118.838 0.10659
732.06 119.331 0.102489
736.809 119.808 0.098344
741.589 120.268 0.0941572
746.4 120.711 0.0899303
751.242 121.136 0.0856653
756.115 121.543 0.0813643
761.021 121.931 0.0770295
765.958 122.301 0.0726632
770.927 122.651 0.0682677
775.928 122.981 0.0638456
780.962 123.291 0.0593997
786.028 123.581 0.0549327
791.127 123.85 0.0504475
796.26 124.097 0.0459473
801.425 124.323 0.0414353
806.624 124.527 0.0369148
811.857 124.708 0.0323894
817.124 124.867 0.0278628
822.425 125.002 0.0233387
827.76 125.115 0.0188213
833.13 125.204 0.0143148
838.535 125.269 0.00982338
843.975 125.31 0.00535171
849.45 125.327 0.000904499
854.961 125.33 0
860.507 125.33 0
866.09 125.33 0
871.708 125.33 0
877.363 125.33 0
883.055 125.33 0
888.784 125.33 0
894.55 125.33 0
900.353 125.33 0
906.194 125.33 0
912.073 125.33 0
917.99 125.33 0
923.945 125.33 0
929.939 125.33 0
935.972 125.33 0
942.044 125.33 0
948.155 125.33 0
954.306 125.33 0
960.497 125.33 0
966.728 125.33 0
973 125.33 0
979.312 125.33 0
985.665 125.33 0
992.059 125.33 0
998.495 125.33 0
1004.97 125.33 0
1011.49 125.33 0
1018.05 125.33 0
1024.66 125.33 0
1031.31 125.33 0
1038 125.33 0
1044.73 125.33 0
1051.51 125.33 0
1058.33 125.33 0
1065.2 125.33 0
1072.11 125.33 0
1079.06 125.33 0
1086.06 125.33 0
1093.11 125.33 0
1100.2 125.33 0
1107.34 125.33 0
1114.52 125.33 0
1121.75 125.33 0
1129.03 125.33 0
1136.35 125.33 0
1143.72 125.33 0
1151.14 125.33 0
1158.61 125.33 0
1166.13 125.33 0
1173.69 125.33 0
1181.31 125.33 0
1188.97 125.33 0
1196.68 125.358 0.00727238
1204.45 125.453 0.0171548
1212.26 125.627 0.0275782
1220.12 125.887 0.0385436
1228.04 126.238 0.0500503
1236.01 126.685 0.0620959
1244.02 127.233 0.074676
1252.09 127.889 0.0877844
1260.22 128.657 0.101413
1268.39 129.544 0.115551
1276.62 130.555 0.130185
1284.9 131.696 0.145302
1293.24 132.972 0.160884
1301.63 134.389 0.176911
1310.07 135.952 0.193362
1318.57 137.667 0.210212
1327.13 139.539 0.227437
1335.74 141.573 0.245007
1344.4 143.773 0.262893
1353.12 146.145 0.281061
1361.9 148.693 0.29948
1370.74 151.422 0.318112
1379.63 154.334 0.336922
1388.58 157.434 0.355872
1397.59 160.726 0.374923
1406.65 164.212 0.394035
1415.78 167.895 0.41317
1424.96 171.778 0.432288
1434.21 175.862 0.451349
1443.51 180.15 0.470314
1452.88 184.642 0.489145
1462.3 189.34 0.507804
1471.79 194.245 0.526257
1481.34 199.357 0.544467
1490.95 204.675 0.562404
1500.62 210.2 0.580035
1510.35 215.931 0.597332
1520.15 221.867 0.614269
1530.01 228.006 0.630822
1539.94 234.348 0.646969
1549.93 240.89 0.66269
1559.98 247.63 0.677969
1570.1 254.566 0.692792
1580.29 261.696 0.707148
1590.54 269.016 0.721026
1600.86 276.525 0.734421
1611.25 284.22 0.747328
1621.7 292.096 0.759744
1632.22 300.152 0.77167
1642.81 308.383 0.783108
1653.47 316.788 0.79406
1664.19 325.361 0.804532
1674.99 334.101 0.814531
1685.85 343.004 0.824066
1696.79 352.066 0.833144
1707.8 361.285 0.841778
1718.88 370.656 0.849978
1730.03 380.178 0.857757
1741.25 389.846 0.865127
1752.55 399.658 0.872101
1763.92 409.611 0.878694
1775.36 419.701 0.884919
1786.88 429.927 0.89079
1798.47 440.285 0.896323
1810.14 450.773 0.90153
1821.88 461.389 0.906427
1833.7 472.129 0.911028
1845.6 482.992 0.915345
1857.57 493.976 0.919394
1869.62 505.078 0.923188
1881.75 516.297 0.926738
1893.96 527.631 0.93006
1906.24 539.077 0.933163
1918.61 550.635 0.936061
1931.06 562.303 0.938765
1943.58 574.079 0.941286
1956.19 585.962 0.943634
1968.88 597.951 0.94582
1981.66 610.045 0.947853
1994.51 622.242 0.949743
2007.45 634.542 0.951498
2020.47 646.944 0.953127
2033.58 659.447 0.954639
2046.77 672.051 0.956039
2060.05 684.754 0.957337
2073.42 697.556 0.958538
2086.87 710.457 0.959648
2100.41 723.456 0.960675
2114.03 736.552 0.961623
2127.75 749.746 0.962499
2141.55 763.038 0.963307
2155.44 776.426 0.964051
2169.43 789.911 0.964737
2183.5 803.493 0.965368
2197.66 817.172 0.965949
2211.92 830.947 0.966483
2226.27 844.82 0.966974
2240.71 858.788 0.967424
2255.25 872.854 0.967838
2269.88 887.017 0.968217
2284.61 901.277 0.968564
2299.43 915.635 0.968882
2314.34 930.09 0.969173
2329.36 944.643 0.969439
2344.47 959.294 0.969682
2359.68 974.044 0.969904
2374.99 988.893 0.970107
2390.39 1003.84 0.970292
2405.9 1018.89 0.97046
2421.51 1034.04 0.970613
2437.22 1049.29 0.970753
2453.03 1064.64 0.970879
2468.94 1080.09 0.970995
2484.96 1095.64 0.971099
2501.08 1111.3 0.971194
2517.31 1127.05 0.97128
2533.64 1142.92 0.971358
2550.07 1158.88 0.971429
2566.62 1174.95 0.971492
2583.27 1191.13 0.97155
2600.03 1207.41 0.971602
2616.89 1223.8 0.971649
2633.87 1240.3 0.971692
2650.96 1256.9 0.97173
2668.15 1273.61 0.971764
2685.46 1290.43 0.971795
2702.89 1307.36 0.971823
2720.42 1324.4 0.971848
2738.07 1341.56 0.971871
2755.83 1358.82 0.971891
2773.71 1376.2 0.971909
2791.7 1393.68 0.971925
2809.81 1411.29 0.97194
2828.04 1429 0.971953
2846.39 1446.84 0.971964
2864.85 1464.78 0.971974
2883.44 1482.85 0.971984
2902.15 1501.03 0.971992
2920.97 1519.33 0.971999
2939.92 1537.75 0.972006
2958.99 1556.29 0.972012
2978.19 1574.95 0.972017
2997.51 1593.73 0.972021
3016.96 1612.63 0.972025
3036.53 1631.65 0.972029
3056.23 1650.8 0.972032
3076.05 1670.07 0.972035
3096.01 1689.47 0.972037
3116.1 1708.99 0.97204
3136.31 1728.64 0.972041
3156.66 1748.42 0.972043
3177.14 1768.33 0.972045
3197.75 1788.36 0.972046
3218.49 1808.53 0.972047
3239.37 1828.82 0.972048
3260.39 1849.25 0.972049
3281.54 1869.81 0.97205
3302.83 1890.5 0.972051
3324.25 1911.33 0.972051
3345.82 1932.29 0.972052
3367.52 1953.39 0.972052
3389.37 1974.63 0.972053
3411.36 1996 0.972053
3433.49 2017.51 0.972053
3455.76 2039.17 0.972054
3478.18 2060.96 0.972054
3500.75 2082.89 0.972054
3523.46 2104.97 0.972054
3546.31 2127.19 0.972054
3569.32 2149.55 0.972054
3592.48 2172.06 0.972055
3615.78 2194.71 0.972055
3639.24 2217.51 0.972055
3662.85 2240.46 0.972055
3686.61 2263.56 0.972055
3710.53 2286.81 0.972055
3734.6 2310.21 0.972055
3758.82 2333.76 0.972055
3783.21 2357.46 0.972055
3807.75 2381.32 0.972055
3832.45 2405.33 0.972055
3857.32 2429.5 0.972055
3882.34 2453.82 0.972055
3907.53 2478.31 0.972055
3932.88 2502.95 0.972055
3958.39 2527.75 0.972055
3984.07 2552.71 0.972055
4009.92 2577.83 0.972055
4035.93 2603.12 0.972055
4062.11 2628.57 0.972055
4088.47 2654.19 0.972055
4114.99 2679.97 0.972055
4141.68 2705.92 0.972055
4168.55 2732.04 0.972055
4195.6 2758.32 0.972055
4222.81 2784.78 0.972055
4250.21 2811.41 0.972055
4277.78 2838.21 0.972055
4305.53 2865.19 0.972055
4333.46 2892.34 0.972055
4361.58 2919.67 0.972055
4389.87 2947.17 0.972055
4418.35 2974.86 0.972055
4447.01 3002.72 0.972055
4475.86 3030.76 0.972055
4504.9 3058.99 0.972055
4534.12 3087.39 0.972055
4563.54 3115.99 0.972055
4593.14 3144.76 0.972055
4622.94 3173.73 0.972055
4652.93 3202.88 0.972055
4683.12 3232.22 0.972055
4713.5 3261.76 0.972055
4744.08 3291.48 0.972055
4774.85 3321.4 0.972055
4805.83 3351.51 0.972055
4837.01 3381.81 0.972055
4868.39 3412.31 0.972055
4899.97 3443.01 0.972055
4931.76 3473.91 0.972055
4963.75 3505.01 0.972055
4995.95 3536.32 0.972055
5028.36 3567.82 0.972055
5060.98 3599.53 0.972055
5093.82 3631.44 0.972055
5126.86 3663.57 0.972055
5160.12 3695.9 0.972055
5193.6 3728.44 0.972055
5227.29 3761.19 0.972055
5261.2 3794.15 0.972055
5295.33 3827.33 0.972055
5329.68 3860.72 0.972055
5364.26 3894.33 0.972055
5399.06 3928.16 0.972055
5434.09 3962.21 0.972055
5469.34 3996.47 0.972055
5504.82 4030.96 0.972055
5540.53 4065.68 0.972055
5576.48 4100.62 0.972055
5612.65 4135.78 0.972055
5649.06 4171.18 0.972055
5685.71 4206.8 0.972055
5722.6 4242.65 0.972055
5759.72 4278.74 0.972055
5797.09 4315.06 0.972055
5834.69 4351.62 0.972055
5872.55 4388.41 0.972055
5910.64 4425.45 0.972055
5948.99 4462.72 0.972055
5987.58 4500.23 0.972055
6026.42 4537.99 0.972055
6065.52 4575.99 0.972055
6104.87 4614.24 0.972055
6144.47 4652.74 0.972055
6184.33 4691.49 0.972055
6224.45 4730.49 0.972055
6264.83 4769.74 0.972055
6305.48 4809.25 0.972055
6346.38 4849.01 0.972055
6387.55 4889.03 0.972055
6428.99 4929.31 0.972055
6470.7 4969.85 0.972055
6512.68 5010.66 0.972055
6554.93 5051.73 0.972055
6597.45 5093.06 0.972055
6640.25 5134.67 0.972055
6683.33 5176.54 0.972055
6726.69 5218.68 0.972055
6770.32 5261.1 0.972055
6814.25 5303.8 0.972055
6858.45 5346.77 0.972055
6902.95 5390.02 0.972055
6947.73 5433.55 0.972055
6992.8 5477.36 0.972055
7038.16 5521.46 0.972055
7083.82 5565.84 0.972055
7129.78 5610.51 0.972055
7176.03 5655.47 0.972055
7222.59 5700.73 0.972055
7269.44 5746.27 0.972055
7316.6 5792.11 0.972055
7364.07 5838.25 0.972055
7411.84 5884.69 0.972055
7459.92 5931.43 0.972055
7508.32 5978.47 0.972055
7557.03 6025.82 0.972055
7606.05 6073.48 0.972055
7655.39 6121.44 0.972055
7705.06 6169.72 0.972055
7755.04 6218.31 0.972055
7805.35 6267.21 0.972055
7855.99 6316.43 0.972055
7906.95 6365.97 0.972055
7958.25 6415.83 0.972055
8009.88 6466.02 0.972055
8061.84 6516.53 0.972055
8114.14 6567.37 0.972055
8166.78 6618.54 0.972055
8219.76 6670.04 0.972055
8273.08 6721.87 0.972055
8326.76 6774.04 0.972055
8380.77 6826.55 0.972055
8435.14 6879.4 0.972055
8489.86 6932.59 0.972055
8544.94 6986.13 0.972055
8600.38 7040.01 0.972055
8656.17 7094.25 0.972055
8712.32 7148.84 0.972055
8768.84 7203.78 0.972055
8825.73 7259.07 0.972055
8882.99 7314.73 0.972055
8940.61 7370.75 0.972055
8998.61 7427.13 0.972055
9056.99 7483.87 0.972055
9115.75 7540.99 0.972055
9174.89 7598.47 0.972055
9234.41 7656.33 0.972055
9294.31 7714.56 0.972055
9354.61 7773.17 0.972055
9415.29 7832.16 0.972055
9476.38 7891.53 0.972055
9537.85 7951.29 0.972055
9599.73 8011.44 0.972055
9662 8071.98 0.972055
9724.68 8132.91 0.972055
9787.77 8194.23 0.972055
9851.27 8255.95 0.972055
9915.18 8318.07 0.972055
9979.5 8380.6 0.972055
10044.2 8443.53 0.972055
10109.4 8506.87 0.972055
10175 8570.62 0.972055
10241 8634.79 0.972055
10307.4 8699.37 0.972055
10374.3 8764.37 0.972055
10441.6 8829.79 0.972055
10509.3 8895.63 0.972055
10577.5 8961.91 0.972055
10646.1 9028.61 0.972055
10715.2 9095.74 0.972055
10784.7 9163.31 0.972055
10854.7 9231.32 0.972055
10925.1 9299.77 0.972055
10996 9368.67 0.972055
11067.3 9438.01 0.972055
11139.1 9507.8 0.972055
11211.4 9578.04 0.972055
11284.1 9648.74 0.972055
11357.3 9719.9 0.972055
11431 9791.52 0.972055
11505.1 9863.61 0.972055
11579.8 9936.16 0.972055
11654.9 10009.2 0.972055
11730.5 10082.7 0.972055
11806.6 10156.7 0.972055
11883.2 10231.1 0.972055
11960.3 10306 0.972055
12037.9 10381.5 0.972055
12116 10457.4 0.972055
12194.6 10533.8 0.972055
12273.7 10610.7 0.972055
12353.3 10688.1 0.972055
12433.5 10766 0.972055
12514.1 10844.4 0.972055
12595.3 10923.3 0.972055
12677 11002.7 0.972055
12759.2 11082.7 0.972055
12842 11163.1 0.972055
12925.3 11244.1 0.972055
13009.2 11325.6 0.972055
13093.6 11407.7 0.972055
13178.5 11490.2 0.972055
13264 11573.3 0.972055
13350.1 11657 0.972055
13436.7 11741.2 0.972055
13523.8 11825.9 0.972055
13611.6 11911.2 0.972055
13699.9 11997 0.972055
13788.8 12083.4 0.972055
13878.2 12170.4 0.972055
13968.2 12257.9 0.972055
14058.9 12346 0.972055
14150.1 12434.6 0.972055
14241.9 12523.8 0.972055
14334.2 12613.7 0.972055
14427.2 12704 0.972055
14520.8 12795 0.972055
14615 12886.6 0.972055
14709.8 12978.8 0.972055
14805.3 13071.5 0.972055
14901.3 13164.9 0.972055
14998 13258.9 0.972055
15095.3 13353.4 0.972055
15193.2 13448.6 0.972055
15291.8 13544.4 0.972055
15391 13640.9 0.972055
15490.8 13737.9 0.972055
15591.3 13835.6 0.972055
15692.5 13933.9 0.972055
15794.3 14032.9 0.972055
15896.7 14132.5 0.972055
15999.9 14232.7 0.972055
16103.7 14333.6 0.972055
16208.1 14435.2 0.972055
16313.3 14537.4 0.972055
16419.1 14640.3 0.972055
16525.6 14743.8 0.972055
16632.8 14848 0.972055
16740.7 14952.9 0.972055
16849.3 15058.5 0.972055
16958.7 15164.7 0.972055
17068.7 15271.7 0.972055
17179.4 15379.3 0.972055
17290.8 15487.6 0.972055
17403 15596.7 0.972055
17515.9 15706.4 0.972055
17629.6 15816.9 0.972055
17743.9 15928 0.972055
17859 16039.9 0.972055
17974.9 16152.6 0.972055
18091.5 16265.9 0.972055
18208.9 16380 0.972055
18327 16494.8 0.972055
18445.9 16610.4 0.972055
18565.5 16726.7 0.972055
18686 16843.8 0.972055
18807.2 16961.6 0.972055
18929.2 17080.2 0.972055
19052 17199.6 0.972055
19175.6 17319.7 0.972055
19300 17440.7 0.972055
19425.2 17562.4 0.972055
19551.2 17684.9 0.972055
19678.1 17808.2 0.972055
19805.7 17932.2 0.972055
19934.2 18057.1 0.972055
20063.5 18182.8 0.972055
20193.7 18309.4 0.972055
20324.7 18436.7 0.972055
20456.6 18564.9 0.972055
20589.3 18693.9 0.972055
20722.8 18823.7 0.972055
20857.3 18954.4 0.972055
20992.6 19085.9 0.972055
21128.8 19218.3 0.972055
21265.8 19351.5 0.972055
21403.8 19485.7 0.972055
21542.7 19620.6 0.972055
21682.4 19756.5 0.972055
21823.1 19893.2 0.972055
21964.6 20030.8 0.972055
22107.1 20169.3 0.972055
22250.6 20308.7 0.972055
22394.9 20449.1 0.972055
22540.2 20590.3 0.972055
22686.4 20732.4 0.972055
22833.6 20875.5 0.972055
22981.7 21019.5 0.972055
23130.8 21164.4 0.972055
23280.9 21310.3 0.972055
23431.9 21457.1 0.972055
23583.9 21604.8 0.972055
23736.9 21753.6 0.972055
23890.9 21903.2 0.972055
24045.9 22053.9 0.972055
24201.9 22205.5 0.972055
24358.9 22358.2 0.972055
24516.9 22511.8 0.972055
24676 22666.4 0.972055
24836 22822 0.972055
24997.2 22978.6 0.972055
25159.3 23136.2 0.972055
25322.5 23294.9 0.972055
25486.8 23454.6 0.972055
25652.2 23615.3 0.972055
25818.6 23777.1 0.972055
25986.1 23939.9 0.972055
26154.7 24103.7 0.972055
26324.3 24268.7 0.972055
26495.1 24434.7 0.972055
26667 24601.8 0.972055
26840 24769.9 0.972055
27014.1 24939.2 0.972055
27189.4 25109.5 0.972055
27365.7 25281 0.972055
27543.3 25453.6 0.972055
27722 25627.2 0.972055
27901.8 25802.1 0.972055
28082.8 25978 0.972055
28265 26155.1 0.972055
28448.4 26333.3 0.972055
28632.9 26512.7 0.972055
28818.7 26693.3 0.972055
29005.6 26875 0.972055
29193.8 27057.9 0.972055
29383.2 27242 0.972055
29573.8 27427.3 0.972055
29765.7 27613.8 0.972055
29958.8 27801.5 0.972055
30153.1 27990.5 0.972055
30348.7 28180.6 0.972055
30545.6 28372 0.972055
30743.8 28564.6 0.972055
30943.2 28758.5 0.972055
31143.9 28953.6 0.972055
31346 29150 0.972055
31549.3 29347.7 0.972055
31754 29546.6 0.972055
31960 29746.9 0.972055
32167.3 29948.4 0.972055
32376 30151.3 0.972055
32586.1 30355.4 0.972055
32797.5 30560.9 0.972055
33010.2 30767.7 0.972055
33224.4 30975.9 0.972055
33439.9 31185.4 0.972055
33656.9 31396.3 0.972055
33875.2 31608.5 0.972055
34095 31822.2 0.972055
34316.1 32037.2 0.972055
34538.8 32253.6 0.972055
34762.8 32471.4 0.972055
34988.3 32690.6 0.972055
35215.3 32911.2 0.972055
35443.8 33133.3 0.972055
35673.7 33356.8 0.972055
35905.1 33581.8 0.972055
36138.1 33808.2 0.972055
36372.5 34036.1 0.972055
36608.5 34265.4 0.972055
36846 34496.3 0.972055
37085 34728.6 0.972055
37325.6 34962.5 0.972055
37567.7 35197.9 0.972055
37811.4 35434.8 0.972055
38056.7 35673.2 0.972055
38303.6 35913.2 0.972055
38552.1 36154.8 0.972055
38802.2 36397.9 0.972055
39053.9 36642.6 0.972055
39307.3 36888.8 0.972055
39562.3 37136.7 0.972055
39819 37386.2 0.972055
40077.3 37637.3 0.972055
40337.3 37890 0.972055
40599 38144.4 0.972055
40862.3 38400.4 0.972055
41127.4 38658.1 0.972055
41394.2 38917.5 0.972055
41662.8 39178.5 0.972055
41933.1 39441.2 0.972055
42205.1 39705.7 0.972055
42478.9 39971.8 0.972055
42754.5 40239.7 0.972055
43031.8 40509.3 0.972055
43311 40780.6 0.972055
43592 41053.8 0.972055
43874.8 41328.7 0.972055
44159.4 41605.3 0.972055
44445.9 41883.8 0.972055
44734.2 42164.1 0.972055
45024.4 42446.2 0.972055
45316.5 42730.1 0.972055
45610.5 43015.9 0.972055
45906.4 43303.5 0.972055
46204.2 43593 0.972055
46503.9 43884.4 0.972055
46805.6 44177.6 0.972055
47109.3 44472.8 0.972055
47414.9 44769.9 0.972055
47722.5 45068.9 0.972055
48032.1 45369.8 0.972055
48343.7 45672.7 0.972055
48657.3 45977.5 0.972055
48972.9 46284.4 0.972055
49290.7 46593.2 0.972055
49610.4 46904 0.972055
49932.3 47216.9 0.972055
50256.2 47531.8 0.972055
50582.2 47848.7 0.972055
50910.4 48167.7 0.972055
51240.6 48488.7 0.972055
51573.1 48811.8 0.972055
51907.6 49137.1 0.972055
52244.4 49464.4 0.972055
52583.3 49793.8 0.972055
52924.4 50125.4 0.972055
53267.8 50459.2 0.972055
53613.3 50795.1 0.972055
53961.1 51133.2 0.972055
54311.2 51473.5 0.972055
54663.5 51816 0.972055
55018.2 52160.7 0.972055
55375.1 52507.6 0.972055
55734.3 52856.8 0.972055
56095.9 53208.3 0.972055
