5.78741e-09 5.95396e-15 4.29514e-06
5.8738e-08 3.33166e-13 8.58285e-06
5.86595e-07 1.45059e-11 3.56977e-05
4.6076e-06 3.38009e-10 8.97843e-05
5.86875e-06 4.61297e-10 0.000114002
2.3369e-05 3.31505e-09 0.000192532
7.39119e-05 1.62978e-08 0.000292274
0.000147358 4.17301e-08 0.000330144
0.000152693 4.34471e-08 0.000292479
0.000165528 4.67976e-08 0.000304172
0.000294481 1.01986e-07 0.000463041
0.000466785 1.89679e-07 0.00054542
0.000739961 3.52227e-07 0.00041641
0.000792747 3.70702e-07 0.000446592
0.000859333 4.13069e-07 0.00055442
0.000931697 4.48502e-07 0.00055104
0.00117285 6.10601e-07 0.000697128
0.00147667 8.31244e-07 0.000750516
0.0017323 1.02935e-06 0.000535855
0.00185963 1.08409e-06 0.000525282
0.00294795 2.00733e-06 0.000908255
0.00467391 3.71532e-06 0.00105104
0.00633042 5.56999e-06 0.00091467
0.0070765 6.16755e-06 0.00093479
0.00933155 8.92099e-06 0.00127133
0.0117504 1.21316e-05 0.00137956
0.0154948 1.7543e-05 0.00122736
0.0177925 2.00421e-05 0.00125466
0.0234638 2.89812e-05 0.00164107
0.0295474 3.94039e-05 0.00177172
0.0354913 5.03041e-05 0.00128079
0.0389653 5.38549e-05 0.00125817
0.0549487 8.51279e-05 0.00191362
0.0590129 9.27925e-05 0.00199187
0.0713035 0.000119369 0.00114686
0.0787306 0.000125461 0.00110854
0.10265 0.000178607 0.00176378
0.112568 0.000193736 0.00180901
0.132297 0.000240204 0.00240921
0.146764 0.000275794 0.00181491
0.15911 0.000293738 0.00177613
0.191354 0.000375514 0.00260957
0.227502 0.000472769 0.000973271
0.245257 0.000484229 0.000805937
0.256566 0.000495831 0.00103354
0.268397 0.000508152 0.00104919
0.280773 0.000521236 0.00106507
0.293719 0.00053513 0.0010812
0.307263 0.000549885 0.00109757
0.321432 0.000565555 0.00111419
0.336253 0.000582195 0.00113106
0.351758 0.000599866 0.00114818
0.367978 0.000618631 0.00116556
0.384946 0.000638559 0.00118321
0.402697 0.000659722 0.00120112
0.421266 0.000682195 0.00121931
0.440691 0.000706061 0.00123777
0.461012 0.000731406 0.00125651
0.48227 0.00075832 0.00127553
0.504508 0.000786902 0.00129484
0.527771 0.000817254 0.00131445
0.552107 0.000849487 0.00133435
0.577566 0.000883717 0.00135455
0.604198 0.000920067 0.00137506
0.632059 0.000958668 0.00139588
0.661204 0.000999662 0.00141701
0.691693 0.00104319 0.00143847
0.723588 0.00108942 0.00146024
0.756953 0.00113852 0.00148235
0.791857 0.00119065 0.00150479
0.828371 0.00124602 0.00152758
0.866568 0.00130481 0.00155071
0.906527 0.00136725 0.00157418
0.948328 0.00143355 0.00159802
0.992057 0.00150396 0.00162221
1.0378 0.00157874 0.00164677
1.08566 0.00165815 0.0016717
1.13572 0.00174247 0.00169701
1.18809 0.00183202 0.00172271
1.24287 0.00192712 0.00174879
1.30018 0.00202811 0.00177526
1.36014 0.00213535 0.00180214
1.42285 0.00224924 0.00182943
1.48846 0.00237018 0.00185712
1.5571 0.00249862 0.00188524
1.6289 0.00263501 0.00191378
1.70401 0.00277985 0.00194276
1.78258 0.00293367 0.00197217
1.86478 0.00309701 0.00200203
1.95077 0.00327047 0.00203234
2.04072 0.00345468 0.00206311
2.13482 0.0036503 0.00209435
2.23326 0.00385804 0.00212606
2.33624 0.00407865 0.00215824
2.44396 0.00431292 0.00219092
2.55666 0.00456171 0.00222409
2.67455 0.00482591 0.00225776
2.79788 0.00510648 0.00229195
2.92689 0.00540443 0.00232665
3.06185 0.00572083 0.00236187
3.20304 0.00605684 0.00239763
3.35074 0.00641366 0.00243393
3.50524 0.00679259 0.00247078
3.66688 0.00719499 0.00250819
3.83596 0.00762232 0.00254616
4.01284 0.00807613 0.00258471
4.19788 0.00855804 0.00262385
4.39145 0.00906982 0.00266357
4.59395 0.00961329 0.0027039
4.80578 0.0101904 0.00274483
5.02738 0.0108033 0.00278639
5.2592 0.0114542 0.00282858
5.50171 0.0121454 0.0028714
5.7554 0.0128794 0.00291488
6.02079 0.0136589 0.00295901
6.29841 0.0144866 0.00300381
6.58884 0.0153657 0.00304928
6.89266 0.0162992 0.00309545
7.21049 0.0172905 0.00314232
7.54298 0.0183433 0.00318989
7.8908 0.0194612 0.00323819
8.25465 0.0206484 0.00328721
8.63529 0.0219092 0.00333698
9.03347 0.0232481 0.0033875
9.45002 0.0246699 0.00343879
9.88577 0.0261798 0.00349085
10.3416 0.0277832 0.00354371
10.8185 0.029486 0.00359736
11.3173 0.0312942 0.00365182
11.8392 0.0332145 0.00370711
12.3851 0.0352537 0.00376324
12.9562 0.0374193 0.00382021
13.5536 0.039719 0.00387805
14.1786 0.0421611 0.00393677
14.8324 0.0447546 0.00399637
15.5164 0.0475087 0.00405687
16.2318 0.0504335 0.00411829
16.9803 0.0535394 0.00418065
17.7633 0.0568378 0.00424394
18.5824 0.0603405 0.0043082
19.4392 0.0640601 0.00437342
20.3356 0.0680102 0.00443964
21.2733 0.072205 0.00450685
22.2543 0.0766597 0.00457509
23.2804 0.0813904 0.00464435
24.3539 0.0864141 0.00471467
25.4769 0.091749 0.00478605
26.6517 0.0974144 0.00485851
27.8806 0.103431 0.00493207
29.1662 0.10982 0.00500674
30.5111 0.116605 0.00508254
31.9181 0.12381 0.00515949
33.3898 0.131462 0.00523761
34.9295 0.139587 0.00531691
36.5401 0.148216 0.0053974
38.225 0.15738 0.00547912
39.9877 0.167111 0.00556208
41.8315 0.177445 0.00564629
43.7605 0.188419 0.00573177
45.7783 0.200073 0.00581855
47.8892 0.212449 0.00590664
50.0974 0.225592 0.00599607
52.4075 0.239549 0.00608685
54.8241 0.254371 0.00617901
57.3521 0.27011 0.00627256
59.9967 0.286825 0.00636752
62.7632 0.304575 0.00646393
65.6573 0.323425 0.00656179
68.6849 0.343443 0.00666114
71.852 0.364701 0.00676199
75.1652 0.387275 0.00686552
75.1652 0.387275 0.00686451
75.6528 0.390698 0.00717257
76.1436 0.394294 0.00748251
76.6376 0.398067 0.00779435
77.1348 0.40202 0.00810809
77.6352 0.406157 0.00842376
78.1388 0.410479 0.00874135
78.6457 0.414991 0.00906088
79.1559 0.419696 0.00938237
79.6694 0.424597 0.00970581
80.1863 0.429698 0.0100312
80.7065 0.435001 0.0103586
81.23 0.440511 0.010688
81.757 0.44623 0.0110194
82.2874 0.452163 0.0113528
82.8212 0.458313 0.0116883
83.3585 0.464684 0.0120257
83.8993 0.471279 0.0123653
84.4436 0.478102 0.0127069
84.9914 0.485157 0.0130505
85.5428 0.492448 0.0133963
86.0977 0.499979 0.0137441
86.6563 0.507753 0.0140941
87.2184 0.515776 0.0144461
87.7842 0.52405 0.0148003
88.3537 0.53258 0.0151567
88.9269 0.54137 0.0155151
89.5038 0.550425 0.0158758
90.0845 0.559748 0.0162386
90.6689 0.569345 0.0166036
91.2571 0.579219 0.0169708
91.8491 0.589376 0.0173403
92.4449 0.599819 0.0177119
93.0447 0.610553 0.0180858
93.6483 0.621583 0.0184619
94.2558 0.632915 0.0188403
94.8673 0.644551 0.019221
95.4827 0.656498 0.0196039
96.1021 0.668761 0.0199891
96.7256 0.681344 0.0203767
97.3531 0.694252 0.0207665
97.9847 0.707492 0.0211587
98.6203 0.721067 0.0215532
99.2601 0.734983 0.0219501
99.904 0.749246 0.0223494
100.552 0.763861 0.022751
101.204 0.778834 0.023155
101.861 0.79417 0.0235614
102.522 0.809874 0.0239703
103.187 0.825954 0.0243815
103.856 0.842413 0.0247953
104.53 0.859259 0.0252114
105.208 0.876498 0.0256301
105.891 0.894135 0.0260512
106.578 0.912176 0.0264748
107.269 0.930628 0.0269009
107.965 0.949497 0.0273295
108.665 0.96879 0.0277606
109.37 0.988513 0.0281943
110.08 1.00867 0.0286306
110.794 1.02927 0.0290694
111.513 1.05033 0.0295108
112.236 1.07184 0.0299547
112.964 1.09381 0.0304013
113.697 1.11625 0.0308505
114.435 1.13918 0.0313024
115.177 1.16258 0.0317568
115.924 1.18648 0.032214
116.676 1.21088 0.0326738
117.433 1.23579 0.0331362
118.195 1.26121 0.0336014
118.962 1.28715 0.0340693
119.734 1.31363 0.0345399
120.51 1.34064 0.0350132
121.292 1.3682 0.0354893
122.079 1.39631 0.0359682
122.871 1.42499 0.0364498
123.668 1.45424 0.0369342
124.47 1.48406 0.0374214
125.278 1.51448 0.0379114
126.091 1.54549 0.0384042
126.909 1.57711 0.0388998
127.732 1.60934 0.0393984
128.561 1.64219 0.0398997
129.395 1.67568 0.040404
130.234 1.70981 0.0409111
131.079 1.74459 0.0414211
131.929 1.78003 0.0419341
132.785 1.81614 0.04245
133.646 1.85293 0.0429688
134.513 1.89041 0.0434906
135.386 1.92859 0.0440153
136.264 1.96748 0.044543
137.148 2.00709 0.0450737
138.038 2.04744 0.0456074
138.934 2.08852 0.0461441
139.835 2.13035 0.0466838
140.742 2.17295 0.0472266
141.655 2.21632 0.0477725
142.574 2.26047 0.0483214
143.499 2.30542 0.0488734
144.43 2.35117 0.0494284
145.367 2.39775 0.0499866
146.31 2.44515 0.0505479
147.259 2.4934 0.0511123
148.215 2.5425 0.0516799
149.176 2.59247 0.0522506
150.144 2.64331 0.0528245
151.118 2.69504 0.0534016
152.098 2.74768 0.0539818
153.085 2.80123 0.0545653
154.078 2.85571 0.055152
155.078 2.91114 0.0557419
156.084 2.96751 0.056335
157.096 3.02486 0.0569314
158.115 3.08318 0.057531
159.141 3.14251 0.058134
160.173 3.20284 0.0587402
161.213 3.26419 0.0593497
162.258 3.32658 0.0599625
163.311 3.39002 0.0605786
164.37 3.45453 0.0611981
165.437 3.52012 0.0618209
166.51 3.58681 0.0624471
167.59 3.6546 0.0630766
168.678 3.72353 0.0637095
169.772 3.79359 0.0643458
170.873 3.86481 0.0649855
171.982 3.9372 0.0656286
173.097 4.01079 0.0662751
174.22 4.08557 0.0669251
175.351 4.16158 0.0675785
176.488 4.23883 0.0682353
177.633 4.31734 0.0688956
178.785 4.39711 0.0695594
179.945 4.47818 0.0702266
181.113 4.56055 0.0708973
182.288 4.64424 0.0715716
183.47 4.72928 0.0722493
184.66 4.81568 0.0729306
185.858 4.90346 0.0736153
187.064 4.99264 0.0743037
188.278 5.08323 0.0749955
189.499 5.17525 0.0756909
190.728 5.26873 0.0763899
191.966 5.36369 0.0770924
193.211 5.46013 0.0777986
194.464 5.55809 0.0785083
195.726 5.65759 0.0792216
196.996 5.75863 0.0799384
198.274 5.86125 0.0806589
199.56 5.96547 0.081383
200.855 6.0713 0.0821108
202.158 6.17877 0.0828421
203.469 6.28789 0.0835771
204.789 6.3987 0.0843157
206.118 6.51121 0.085058
207.455 6.62544 0.0858039
208.801 6.74143 0.0865535
210.155 6.85918 0.0873067
211.519 6.97872 0.0880636
212.891 7.10009 0.0888241
214.272 7.22329 0.0895884
215.662 7.34836 0.0903563
217.061 7.47531 0.0911279
218.469 7.60418 0.0919031
219.886 7.73498 0.0926821
221.313 7.86775 0.0934647
222.749 8.00251 0.094251
224.194 8.13927 0.0950411
225.648 8.27808 0.0958348
227.112 8.41895 0.0966322
228.585 8.56192 0.0974333
230.068 8.707 0.0982381
231.561 8.85423 0.0990466
233.063 9.00363 0.0998587
234.575 9.15523 0.100675
236.097 9.30905 0.101494
237.628 9.46514 0.102317
239.17 9.6235 0.103144
240.722 9.78419 0.103975
242.283 9.94721 0.104809
243.855 10.1126 0.105647
245.437 10.2804 0.106489
247.029 10.4506 0.107334
248.632 10.6233 0.108183
250.245 10.7985 0.109036
251.868 10.9762 0.109892
253.502 11.1565 0.110752
255.147 11.3393 0.111616
256.802 11.5248 0.112483
258.468 11.7129 0.113354
260.145 11.9037 0.114229
261.832 12.0972 0.115107
263.531 12.2935 0.115988
265.24 12.4926 0.116874
266.961 12.6944 0.117763
268.693 12.8991 0.118655
270.436 13.1068 0.119551
272.191 13.3173 0.120451
273.956 13.5308 0.121354
275.734 13.7473 0.12226
277.522 13.9668 0.12317
279.323 14.1893 0.124084
281.135 14.415 0.125001
282.959 14.6438 0.125921
284.794 14.8758 0.126845
286.642 15.111 0.127773
288.501 15.3495 0.128703
290.373 15.5913 0.129637
292.257 15.8364 0.130575
294.153 16.0848 0.131515
296.061 16.3367 0.132459
297.982 16.592 0.133407
299.915 16.8508 0.134357
301.86 17.1131 0.135311
303.819 17.3791 0.136268
305.79 17.6486 0.137228
307.773 17.9218 0.138192
309.77 18.1987 0.139158
311.78 18.4793 0.140128
313.802 18.7637 0.1411
315.838 19.0519 0.142076
317.887 19.344 0.143055
319.949 19.6401 0.144036
322.025 19.9401 0.145021
324.114 20.244 0.146008
326.217 20.5521 0.146998
328.333 20.8642 0.147991
330.463 21.1805 0.148987
332.607 21.501 0.149986
334.764 21.8257 0.150987
336.936 22.1547 0.151991
339.122 22.488 0.152997
341.322 22.8257 0.154006
343.536 23.1679 0.155017
345.765 23.5145 0.156031
348.008 23.8656 0.157048
350.266 24.2213 0.158066
352.538 24.5816 0.159087
354.825 24.9466 0.16011
357.127 25.3164 0.161136
359.444 25.6909 0.162163
361.776 26.0702 0.163193
364.123 26.4544 0.164224
366.485 26.8436 0.165258
368.862 27.2377 0.166293
371.255 27.6369 0.16733
373.664 28.0412 0.168369
376.088 28.4506 0.16941
378.528 28.8652 0.170452
380.983 29.285 0.171495
383.455 29.7102 0.17254
385.942 30.1407 0.173587
388.446 30.5766 0.174635
390.966 31.018 0.175684
393.502 31.4649 0.176734
396.055 31.9174 0.177785
398.625 32.3756 0.178837
401.211 32.8394 0.17989
403.813 33.309 0.180944
406.433 33.7844 0.181998
409.07 34.2657 0.183053
411.724 34.7528 0.184109
414.395 35.246 0.185165
417.083 35.7452 0.186221
419.789 36.2505 0.187277
422.512 36.762 0.188334
425.253 37.2796 0.189391
428.012 37.8036 0.190447
430.788 38.3339 0.191503
433.583 38.8705 0.192559
436.396 39.4136 0.193614
439.227 39.9633 0.194669
442.076 40.5194 0.195723
444.944 41.0823 0.196776
447.831 41.6518 0.197828
450.736 42.2281 0.198879
453.66 42.8111 0.199929
456.603 43.4011 0.200977
459.565 43.9979 0.202024
462.547 44.6018 0.203069
465.547 45.2127 0.204112
468.567 45.8307 0.205154
471.607 46.4559 0.206193
474.667 47.0884 0.20723
477.746 47.7281 0.208265
480.845 48.3752 0.209297
483.965 49.0297 0.210326
487.104 49.6916 0.211353
490.264 50.3611 0.212376
493.445 51.0382 0.213396
496.646 51.723 0.214412
499.868 52.4154 0.215425
503.111 53.1156 0.216434
506.375 53.8237 0.21744
509.66 54.5396 0.218441
512.966 55.2635 0.219437
516.294 55.9954 0.220429
519.643 56.7353 0.221416
523.014 57.4834 0.222398
526.407 58.2397 0.223375
529.822 59.0042 0.224347
533.26 59.7769 0.225313
536.719 60.5581 0.226273
540.201 61.3476 0.227227
543.705 62.1455 0.228175
547.233 62.952 0.229116
550.783 63.7671 0.23005
554.356 64.5907 0.230977
557.952 65.423 0.231897
561.572 66.2641 0.23281
565.215 67.1139 0.233714
568.882 67.9725 0.234611
572.572 68.84 0.235499
576.287 69.7164 0.236379
580.025 70.6017 0.23725
583.788 71.4961 0.238111
587.575 72.3995 0.238963
591.387 73.3119 0.239806
595.224 74.2336 0.240638
599.085 75.1644 0.24146
602.971 76.1044 0.242272
606.883 77.0536 0.243072
610.82 78.0122 0.243862
614.783 78.98 0.244639
618.771 79.9573 0.245405
622.785 80.9439 0.246159
626.826 81.9399 0.2469
630.892 82.9454 0.247628
634.985 83.9603 0.248342
639.104 84.9848 0.249044
643.25 86.0188 0.249731
647.423 87.0623 0.250404
651.623 88.1154 0.251062
655.851 89.1781 0.251705
660.105 90.2504 0.252332
664.388 91.3322 0.252944
668.698 92.4237 0.25354
673.036 93.5249 0.254119
677.402 94.6356 0.25468
681.797 95.756 0.255225
686.22 96.8861 0.255751
690.671 98.0257 0.256259
695.152 99.175 0.256749
699.662 100.334 0.257219
704.201 101.502 0.25767
708.769 102.681 0.2581
713.367 103.868 0.258511
717.995 105.066 0.2589
722.653 106.272 0.259267
727.341 107.489 0.259613
732.06 108.714 0.259937
736.809 109.95 0.260237
741.589 111.194 0.260515
746.4 112.448 0.260768
751.242 113.711 0.260997
756.115 114.984 0.261201
761.021 116.265 0.26138
765.958 117.556 0.261533
770.927 118.856 0.261659
775.928 120.165 0.261758
780.962 121.483 0.26183
786.028 122.809 0.261874
791.127 124.145 0.261889
796.26 125.489 0.261875
801.425 126.842 0.261831
806.624 128.203 0.261757
811.857 129.572 0.261652
817.124 130.95 0.261516
822.425 132.336 0.261347
827.76 133.73 0.261146
833.13 135.131 0.260911
838.535 136.541 0.260642
843.975 137.958 0.260339
849.45 139.382 0.260001
854.961 140.814 0.259627
860.507 142.253 0.259216
866.09 143.699 0.258769
871.708 145.151 0.258284
877.363 146.61 0.25776
883.055 148.076 0.257197
888.784 149.548 0.256595
894.55 151.025 0.255952
900.353 152.509 0.255268
906.194 153.997 0.254543
912.073 155.492 0.253775
917.99 156.991 0.252964
923.945 158.495 0.252109
929.939 160.003 0.25121
935.972 161.516 0.250265
942.044 163.032 0.249275
948.155 164.553 0.248238
954.306 166.076 0.247153
960.497 167.603 0.246021
966.728 169.132 0.24484
973 170.664 0.243609
979.312 172.197 0.242328
985.665 173.733 0.240996
992.059 175.269 0.239612
998.495 176.807 0.238176
1004.97 178.345 0.236687
1011.49 179.883 0.235144
1018.05 181.421 0.233546
1024.66 182.958 0.231893
1031.31 184.493 0.230184
1038 186.027 0.228417
1044.73 187.559 0.226594
1051.51 189.089 0.224711
1058.33 190.615 0.22277
1065.2 192.138 0.220769
1072.11 193.656 0.218707
1079.06 195.17 0.216584
1086.06 196.678 0.214399
1093.11 198.181 0.212151
1100.2 199.677 0.20984
1107.34 201.167 0.207464
1114.52 202.648 0.205023
1121.75 204.121 0.202517
1129.03 205.586 0.199944
1136.35 207.041 0.197304
1143.72 208.485 0.194596
1151.14 209.919 0.19182
1158.61 211.341 0.188975
1166.13 212.75 0.186059
1173.69 214.146 0.183074
1181.31 215.529 0.180017
1188.97 216.896 0.176888
1196.68 218.248 0.173686
1204.45 219.584 0.170412
1212.26 220.902 0.167064
1220.12 222.203 0.163641
1228.04 223.484 0.160144
1236.01 224.746 0.156571
1244.02 225.987 0.152922
1252.09 227.206 0.149197
1260.22 228.402 0.145394
1268.39 229.575 0.141514
1276.62 230.723 0.137555
1284.9 231.846 0.133518
1293.24 232.941 0.129402
1301.63 234.009 0.125207
1310.07 235.049 0.120931
1318.57 236.058 0.116575
1327.13 237.036 0.112139
1335.74 237.982 0.107622
1344.4 238.895 0.103023
1353.12 239.773 0.0983435
1361.9 240.615 0.0935817
1370.74 241.421 0.0887378
1379.63 242.188 0.0838118
1388.58 242.916 0.0788035
1397.59 243.603 0.0737126
1406.65 244.247 0.0685392
1415.78 244.849 0.0632832
1424.96 245.406 0.0579446
1434.21 245.916 0.0525233
1443.51 246.379 0.0470195
1452.88 246.794 0.0414333
1462.3 247.157 0.0357648
1471.79 247.469 0.0300142
1481.34 247.728 0.0241817
1490.95 247.932 0.0182677
1500.62 248.08 0.0122725
1510.35 248.17 0.0061964
1520.15 248.2 3.99369e-05
1530.01 248.2 0
1539.94 248.2 0
1549.93 248.2 0
1559.98 248.2 0
1570.1 248.2 0
1580.29 248.2 0
1590.54 248.2 0
1600.86 248.2 0
1611.25 248.2 0
1621.7 248.2 0
1632.22 248.2 0
1642.81 248.2 0
1653.47 248.2 0
1664.19 248.2 0
1674.99 248.2 0
1685.85 248.2 0
1696.79 248.2 0
1707.8 248.2 0
1718.88 248.2 0
1730.03 248.2 0
1741.25 248.2 0
1752.55 248.2 0
1763.92 248.2 0
1775.36 248.2 0
1786.88 248.2 0
1798.47 248.2 0
1810.14 248.2 0
1821.88 248.2 0
1833.7 248.2 0
1845.6 248.2 0
1857.57 248.2 0
1869.62 248.2 0
1881.75 248.2 0
1893.96 248.2 0
1906.24 248.2 0
1918.61 248.2 0
1931.06 248.2 0
1943.58 248.2 0
1956.19 248.2 0
1968.88 248.2 0
1981.66 248.2 0
1994.51 248.2 0
2007.45 248.2 0
2020.47 248.2 0
2033.58 248.2 0
2046.77 248.2 0
2060.05 248.2 0
2073.42 248.2 0
2086.87 248.2 0
2100.41 248.2 0
2114.03 248.2 0
2127.75 248.2 0
2141.55 248.2 0
2155.44 248.2 0
2169.43 248.2 0
2183.5 248.2 0
2197.66 248.2 0
2211.92 248.2 0
2226.27 248.2 0
2240.71 248.2 0
2255.25 248.2 0
2269.88 248.2 0
2284.61 248.2 0
2299.43 248.2 0
2314.34 248.2 0
2329.36 248.2 0
2344.47 248.2 0
2359.68 248.2 0
2374.99 248.2 0
2390.39 248.2 0
2405.9 248.2 0
2421.51 248.2 0
2437.22 248.2 0
2453.03 248.2 0
2468.94 248.2 0
2484.96 248.2 0
2501.08 248.2 0
2517.31 248.2 0
2533.64 248.2 0
2550.07 248.2 0
2566.62 248.2 0
2583.27 248.2 0
2600.03 248.2 0
2616.89 248.2 0
2633.87 248.2 0
2650.96 248.2 0
2668.15 248.2 0
2685.46 248.2 0
2702.89 248.2 0
2720.42 248.2 0
2738.07 248.2 0
2755.83 248.2 0
2773.71 248.2 0
2791.7 248.2 0
2809.81 248.2 0
2828.04 248.2 0
2846.39 248.2 0
2864.85 248.2 0
2883.44 248.2 0
2902.15 248.2 0
2920.97 248.2 0
2939.92 248.2 0
2958.99 248.2 0
2978.19 248.2 0
2997.51 248.226 0.00264753
3016.96 248.576 0.0333293
3036.53 249.528 0.0640166
3056.23 251.09 0.0945573
3076.05 253.265 0.124802
3096.01 256.053 0.154605
3116.1 259.451 0.18383
3136.31 263.456 0.21235
3156.66 268.058 0.240049
3177.14 273.248 0.266824
3197.75 279.013 0.292585
3218.49 285.339 0.31726
3239.37 292.209 0.340789
3260.39 299.605 0.363129
3281.54 307.509 0.38425
3302.83 315.901 0.404137
3324.25 324.76 0.422787
3345.82 334.065 0.440209
3367.52 343.796 0.456424
3389.37 353.932 0.471459
3411.36 364.451 0.485352
3433.49 375.334 0.498144
3455.76 386.56 0.509883
3478.18 398.112 0.520621
3500.75 409.969 0.530411
3523.46 422.116 0.539309
3546.31 434.536 0.547372
3569.32 447.213 0.554655
3592.48 460.132 0.561213
3615.78 473.28 0.567101
3639.24 486.644 0.572372
3662.85 500.213 0.577075
3686.61 513.975 0.581258
3710.53 527.921 0.584968
3734.6 542.042 0.588247
3758.82 556.328 0.591135
3783.21 570.774 0.59367
3807.75 585.372 0.595886
3832.45 600.115 0.597817
3857.32 614.999 0.599492
3882.34 630.019 0.600938
3907.53 645.17 0.60218
3932.88 660.448 0.603241
3958.39 675.851 0.604142
3984.07 691.375 0.604902
4009.92 707.017 0.605538
4035.93 722.776 0.606065
4062.11 738.65 0.606497
4088.47 754.638 0.606847
4114.99 770.737 0.607125
4141.68 786.947 0.607342
4168.55 803.268 0.607507
4195.6 819.698 0.607626
4222.81 836.238 0.607708
4250.21 852.887 0.607758
4277.78 869.644 0.607782
4305.53 886.511 0.607783
4333.46 903.487 0.607767
4361.58 920.573 0.607737
4389.87 937.768 0.607695
4418.35 955.074 0.607645
4447.01 972.49 0.607588
4475.86 990.018 0.607527
4504.9 1007.66 0.607464
4534.12 1025.41 0.607398
4563.54 1043.27 0.607333
4593.14 1061.25 0.607268
4622.94 1079.35 0.607204
4652.93 1097.56 0.607142
4683.12 1115.88 0.607082
4713.5 1134.33 0.607024
4744.08 1152.89 0.60697
4774.85 1171.57 0.606919
4805.83 1190.37 0.60687
4837.01 1209.29 0.606825
4868.39 1228.33 0.606783
4899.97 1247.49 0.606744
4931.76 1266.78 0.606708
4963.75 1286.19 0.606675
4995.95 1305.72 0.606645
5028.36 1325.38 0.606617
5060.98 1345.17 0.606592
5093.82 1365.09 0.606569
5126.86 1385.13 0.606548
5160.12 1405.3 0.606529
5193.6 1425.61 0.606512
5227.29 1446.04 0.606497
5261.2 1466.61 0.606484
5295.33 1487.31 0.606472
5329.68 1508.14 0.606461
5364.26 1529.11 0.606451
5399.06 1550.22 0.606443
5434.09 1571.46 0.606435
5469.34 1592.84 0.606429
5504.82 1614.35 0.606423
5540.53 1636.01 0.606418
5576.48 1657.81 0.606414
5612.65 1679.74 0.60641
5649.06 1701.82 0.606407
5685.71 1724.05 0.606404
5722.6 1746.41 0.606401
5759.72 1768.93 0.606399
5797.09 1791.58 0.606397
5834.69 1814.39 0.606396
5872.55 1837.34 0.606394
5910.64 1860.45 0.606393
5948.99 1883.7 0.606392
5987.58 1907.1 0.606392
6026.42 1930.65 0.606391
6065.52 1954.36 0.60639
6104.87 1978.22 0.60639
6144.47 2002.24 0.606389
6184.33 2026.41 0.606389
6224.45 2050.74 0.606389
6264.83 2075.22 0.606389
6305.48 2099.87 0.606388
6346.38 2124.67 0.606388
6387.55 2149.64 0.606388
6428.99 2174.77 0.606388
6470.7 2200.06 0.606388
6512.68 2225.51 0.606388
6554.93 2251.13 0.606388
6597.45 2276.92 0.606388
6640.25 2302.87 0.606388
6683.33 2328.99 0.606388
6726.69 2355.28 0.606388
6770.32 2381.75 0.606388
6814.25 2408.38 0.606388
6858.45 2435.19 0.606388
6902.95 2462.17 0.606388
6947.73 2489.32 0.606388
6992.8 2516.65 0.606388
7038.16 2544.16 0.606388
7083.82 2571.85 0.606388
7129.78 2599.72 0.606388
7176.03 2627.76 0.606387
7222.59 2655.99 0.606387
7269.44 2684.4 0.606387
7316.6 2713 0.606387
7364.07 2741.78 0.606387
7411.84 2770.75 0.606387
7459.92 2799.91 0.606387
7508.32 2829.26 0.606387
7557.03 2858.79 0.606387
7606.05 2888.52 0.606387
7655.39 2918.44 0.606387
7705.06 2948.56 0.606387
7755.04 2978.87 0.606387
7805.35 3009.38 0.606387
7855.99 3040.08 0.606387
7906.95 3070.98 0.606387
7958.25 3102.09 0.606387
8009.88 3133.4 0.606387
8061.84 3164.91 0.606387
8114.14 3196.62 0.606387
8166.78 3228.54 0.606387
8219.76 3260.67 0.606387
8273.08 3293 0.606387
8326.76 3325.55 0.606387
8380.77 3358.3 0.606387
8435.14 3391.27 0.606387
8489.86 3424.45 0.606387
8544.94 3457.85 0.606387
8600.38 3491.47 0.606387
8656.17 3525.3 0.606387
8712.32 3559.35 0.606387
8768.84 3593.62 0.606387
8825.73 3628.12 0.606387
8882.99 3662.84 0.606387
8940.61 3697.78 0.606387
8998.61 3732.95 0.606387
9056.99 3768.35 0.606387
9115.75 3803.98 0.606387
9174.89 3839.84 0.606387
9234.41 3875.93 0.606387
9294.31 3912.26 0.606387
9354.61 3948.82 0.606387
9415.29 3985.62 0.606387
9476.38 4022.66 0.606387
9537.85 4059.94 0.606387
9599.73 4097.46 0.606387
9662 4135.23 0.606387
9724.68 4173.23 0.606387
9787.77 4211.49 0.606387
9851.27 4249.99 0.606387
9915.18 4288.75 0.606387
9979.5 4327.75 0.606387
10044.2 4367.01 0.606387
10109.4 4406.52 0.606387
10175 4446.29 0.606387
10241 4486.32 0.606387
10307.4 4526.6 0.606387
10374.3 4567.15 0.606387
10441.6 4607.96 0.606387
10509.3 4649.04 0.606387
10577.5 4690.38 0.606387
10646.1 4731.99 0.606387
10715.2 4773.87 0.606387
10784.7 4816.02 0.606387
10854.7 4858.45 0.606387
10925.1 4901.15 0.606387
10996 4944.13 0.606387
11067.3 4987.38 0.606387
11139.1 5030.92 0.606387
11211.4 5074.74 0.606387
11284.1 5118.84 0.606387
11357.3 5163.23 0.606387
11431 5207.91 0.606387
11505.1 5252.88 0.606387
11579.8 5298.14 0.606387
11654.9 5343.69 0.606387
11730.5 5389.54 0.606387
11806.6 5435.69 0.606387
11883.2 5482.13 0.606387
11960.3 5528.88 0.606387
12037.9 5575.93 0.606387
12116 5623.28 0.606387
12194.6 5670.95 0.606387
12273.7 5718.92 0.606387
12353.3 5767.2 0.606387
12433.5 5815.8 0.606387
12514.1 5864.71 0.606387
12595.3 5913.94 0.606387
12677 5963.49 0.606387
12759.2 6013.36 0.606387
12842 6063.55 0.606387
12925.3 6114.07 0.606387
13009.2 6164.91 0.606387
13093.6 6216.09 0.606387
13178.5 6267.6 0.606387
13264 6319.44 0.606387
13350.1 6371.62 0.606387
13436.7 6424.14 0.606387
13523.8 6476.99 0.606387
13611.6 6530.19 0.606387
13699.9 6583.74 0.606387
13788.8 6637.63 0.606387
13878.2 6691.88 0.606387
13968.2 6746.47 0.606387
14058.9 6801.42 0.606387
14150.1 6856.73 0.606387
14241.9 6912.39 0.606387
14334.2 6968.42 0.606387
14427.2 7024.8 0.606387
14520.8 7081.56 0.606387
14615 7138.68 0.606387
14709.8 7196.17 0.606387
14805.3 7254.04 0.606387
14901.3 7312.28 0.606387
14998 7370.9 0.606387
15095.3 7429.9 0.606387
15193.2 7489.29 0.606387
15291.8 7549.05 0.606387
15391 7609.21 0.606387
15490.8 7669.75 0.606387
15591.3 7730.69 0.606387
15692.5 7792.03 0.606387
15794.3 7853.76 0.606387
15896.7 7915.89 0.606387
15999.9 7978.43 0.606387
16103.7 8041.37 0.606387
16208.1 8104.72 0.606387
16313.3 8168.48 0.606387
16419.1 8232.65 0.606387
16525.6 8297.24 0.606387
16632.8 8362.25 0.606387
16740.7 8427.68 0.606387
16849.3 8493.54 0.606387
16958.7 8559.82 0.606387
17068.7 8626.53 0.606387
17179.4 8693.68 0.606387
17290.8 8761.26 0.606387
17403 8829.28 0.606387
17515.9 8897.74 0.606387
17629.6 8966.65 0.606387
17743.9 9036 0.606387
17859 9105.8 0.606387
17974.9 9176.05 0.606387
18091.5 9246.76 0.606387
18208.9 9317.93 0.606387
18327 9389.57 0.606387
18445.9 9461.66 0.606387
18565.5 9534.22 0.606387
18686 9607.26 0.606387
18807.2 9680.77 0.606387
18929.2 9754.75 0.606387
19052 9829.22 0.606387
19175.6 9904.16 0.606387
19300 9979.6 0.606387
19425.2 10055.5 0.606387
19551.2 10131.9 0.606387
19678.1 10208.8 0.606387
19805.7 10286.3 0.606387
19934.2 10364.2 0.606387
20063.5 10442.6 0.606387
20193.7 10521.5 0.606387
20324.7 10601 0.606387
20456.6 10680.9 0.606387
20589.3 10761.4 0.606387
20722.8 10842.4 0.606387
20857.3 10923.9 0.606387
20992.6 11005.9 0.606387
21128.8 11088.5 0.606387
21265.8 11171.6 0.606387
21403.8 11255.3 0.606387
21542.7 11339.5 0.606387
21682.4 11424.2 0.606387
21823.1 11509.5 0.606387
21964.6 11595.4 0.606387
22107.1 11681.8 0.606387
22250.6 11768.8 0.606387
22394.9 11856.3 0.606387
22540.2 11944.4 0.606387
22686.4 12033.1 0.606387
22833.6 12122.3 0.606387
22981.7 12212.1 0.606387
23130.8 12302.5 0.606387
23280.9 12393.5 0.606387
23431.9 12485.1 0.606387
23583.9 12577.3 0.606387
23736.9 12670.1 0.606387
23890.9 12763.4 0.606387
24045.9 12857.4 0.606387
24201.9 12952 0.606387
24358.9 13047.2 0.606387
24516.9 13143.1 0.606387
24676 13239.5 0.606387
24836 13336.6 0.606387
24997.2 13434.3 0.606387
25159.3 13532.6 0.606387
25322.5 13631.6 0.606387
25486.8 13731.2 0.606387
25652.2 13831.5 0.606387
25818.6 13932.4 0.606387
25986.1 14033.9 0.606387
26154.7 14136.2 0.606387
26324.3 14239 0.606387
26495.1 14342.6 0.606387
26667 14446.8 0.606387
26840 14551.7 0.606387
27014.1 14657.3 0.606387
27189.4 14763.6 0.606387
27365.7 14870.5 0.606387
27543.3 14978.2 0.606387
27722 15086.6 0.606387
27901.8 15195.6 0.606387
28082.8 15305.4 0.606387
28265 15415.8 0.606387
28448.4 15527 0.606387
28632.9 15638.9 0.606387
28818.7 15751.6 0.606387
29005.6 15864.9 0.606387
29193.8 15979.1 0.606387
29383.2 16093.9 0.606387
29573.8 16209.5 0.606387
29765.7 16325.8 0.606387
29958.8 16442.9 0.606387
30153.1 16560.8 0.606387
30348.7 16679.4 0.606387
30545.6 16798.8 0.606387
30743.8 16918.9 0.606387
30943.2 17039.9 0.606387
31143.9 17161.6 0.606387
31346 17284.1 0.606387
31549.3 17407.4 0.606387
31754 17531.5 0.606387
31960 17656.5 0.606387
32167.3 17782.2 0.606387
32376 17908.7 0.606387
32586.1 18036.1 0.606387
32797.5 18164.3 0.606387
33010.2 18293.3 0.606387
33224.4 18423.2 0.606387
33439.9 18553.9 0.606387
33656.9 18685.4 0.606387
33875.2 18817.8 0.606387
34095 18951.1 0.606387
34316.1 19085.2 0.606387
34538.8 19220.2 0.606387
34762.8 19356.1 0.606387
34988.3 19492.8 0.606387
35215.3 19630.4 0.606387
35443.8 19769 0.606387
35673.7 19908.4 0.606387
35905.1 20048.7 0.606387
36138.1 20190 0.606387
36372.5 20332.1 0.606387
36608.5 20475.2 0.606387
36846 20619.2 0.606387
37085 20764.2 0.606387
37325.6 20910.1 0.606387
37567.7 21056.9 0.606387
37811.4 21204.7 0.606387
38056.7 21353.4 0.606387
38303.6 21503.2 0.606387
38552.1 21653.8 0.606387
38802.2 21805.5 0.606387
39053.9 21958.1 0.606387
39307.3 22111.8 0.606387
39562.3 22266.4 0.606387
39819 22422 0.606387
40077.3 22578.7 0.606387
40337.3 22736.3 0.606387
40599 22895 0.606387
40862.3 23054.7 0.606387
41127.4 23215.5 0.606387
41394.2 23377.3 0.606387
41662.8 23540.1 0.606387
41933.1 23704 0.606387
42205.1 23868.9 0.606387
42478.9 24035 0.606387
42754.5 24202.1 0.606387
43031.8 24370.3 0.606387
43311 24539.5 0.606387
43592 24709.9 0.606387
43874.8 24881.4 0.606387
44159.4 25054 0.606387
44445.9 25227.7 0.606387
44734.2 25402.6 0.606387
45024.4 25578.5 0.606387
45316.5 25755.7 0.606387
45610.5 25933.9 0.606387
45906.4 26113.4 0.606387
46204.2 26293.9 0.606387
46503.9 26475.7 0.606387
46805.6 26658.6 0.606387
47109.3 26842.8 0.606387
47414.9 27028.1 0.606387
47722.5 27214.6 0.606387
48032.1 27402.4 0.606387
48343.7 27591.3 0.606387
48657.3 27781.5 0.606387
48972.9 27972.9 0.606387
49290.7 28165.5 0.606387
49610.4 28359.4 0.606387
49932.3 28554.6 0.606387
50256.2 28751 0.606387
50582.2 28948.7 0.606387
50910.4 29147.7 0.606387
51240.6 29348 0.606387
51573.1 29549.6 0.606387
51907.6 29752.4 0.606387
52244.4 29956.6 0.606387
52583.3 30162.2 0.606387
52924.4 30369 0.606387
53267.8 30577.2 0.606387
53613.3 30786.8 0.606387
53961.1 30997.7 0.606387
54311.2 31209.9 0.606387
54663.5 31423.6 0.606387
55018.2 31638.6 0.606387
55375.1 31855.1 0.606387
55734.3 32072.9 0.606387
56095.9 32292.2 0.606387
