5.78741e-09 5.95396e-15 4.29514e-06
5.8738e-08 3.33166e-13 8.58285e-06
5.86595e-07 1.45059e-11 3.56977e-05
4.6076e-06 3.38009e-10 8.97843e-05
5.86875e-06 4.61297e-10 0.000114002
2.3369e-05 3.31505e-09 0.000192532
7.39119e-05 1.62978e-08 0.000292274
0.000147358 4.17301e-08 0.000330144
0.000152693 4.34471e-08 0.000292479
0.000165528 4.67976e-08 0.000304172
0.000294481 1.01986e-07 0.000463041
0.000466785 1.89679e-07 0.00054542
0.000739961 3.52227e-07 0.00041641
0.000792747 3.70702e-07 0.000446592
0.000859333 4.13069e-07 0.00055442
0.000931697 4.48502e-07 0.00055104
0.00117285 6.10601e-07 0.000697128
0.00147667 8.31244e-07 0.000750516
0.0017323 1.02935e-06 0.000535855
0.00185963 1.08409e-06 0.000525282
0.00294795 2.00733e-06 0.000908255
0.00467391 3.71532e-06 0.00105104
0.00633042 5.56999e-06 0.00091467
0.0070765 6.16755e-06 0.00093479
0.00933155 8.92099e-06 0.00127133
0.0117504 1.21316e-05 0.00137956
0.0154948 1.7543e-05 0.00122736
0.0177925 2.00421e-05 0.00125466
0.0234638 2.89812e-05 0.00164107
0.0295474 3.94039e-05 0.00177172
0.0354913 5.03041e-05 0.00128079
0.0389653 5.38549e-05 0.00125817
0.0549487 8.51279e-05 0.00191362
0.0590129 9.27925e-05 0.00199187
0.0713035 0.000119369 0.00114686
0.0787306 0.000125461 0.00110854
0.10265 0.000178607 0.00176378
0.112568 0.000193736 0.00180901
0.132297 0.000240204 0.00240921
0.146764 0.000275794 0.00181491
0.15911 0.000293738 0.00177613
0.191354 0.000375514 0.00260957
0.227502 0.000472769 0.000973271
0.245257 0.000484229 0.000805937
0.256566 0.000495831 0.00103354
0.268397 0.000508152 0.00104919
0.280773 0.000521236 0.00106507
0.293719 0.00053513 0.0010812
0.307263 0.000549885 0.00109757
0.321432 0.000565555 0.00111419
0.336253 0.000582195 0.00113106
0.351758 0.000599866 0.00114818
0.367978 0.000618631 0.00116556
0.384946 0.000638559 0.00118321
0.402697 0.000659722 0.00120112
0.421266 0.000682195 0.00121931
0.440691 0.000706061 0.00123777
0.461012 0.000731406 0.00125651
0.48227 0.00075832 0.00127553
0.504508 0.000786902 0.00129484
0.527771 0.000817254 0.00131445
0.552107 0.000849487 0.00133435
0.577566 0.000883717 0.00135455
0.604198 0.000920067 0.00137506
0.632059 0.000958668 0.00139588
0.661204 0.000999662 0.00141701
0.691693 0.00104319 0.00143847
0.723588 0.00108942 0.00146024
0.756953 0.00113852 0.00148235
0.791857 0.00119065 0.00150479
0.828371 0.00124602 0.00152758
0.866568 0.00130481 0.00155071
0.906527 0.00136725 0.00157418
0.948328 0.00143355 0.00159802
0.992057 0.00150396 0.00162221
1.0378 0.00157874 0.00164677
1.08566 0.00165815 0.0016717
1.13572 0.00174247 0.00169701
1.18809 0.00183202 0.00172271
1.24287 0.00192712 0.00174879
1.30018 0.00202811 0.00177526
1.36014 0.00213535 0.00180214
1.42285 0.00224924 0.00182943
1.48846 0.00237018 0.00185712
1.5571 0.00249862 0.00188524
1.6289 0.00263501 0.00191378
1.70401 0.00277985 0.00194276
1.78258 0.00293367 0.00197217
1.86478 0.00309701 0.00200203
1.95077 0.00327047 0.00203234
2.04072 0.00345468 0.00206311
2.13482 0.0036503 0.00209435
2.23326 0.00385804 0.00212606
2.33624 0.00407865 0.00215824
2.44396 0.00431292 0.00219092
2.55666 0.00456171 0.00222409
2.67455 0.00482591 0.00225776
2.79788 0.00510648 0.00229195
2.92689 0.00540443 0.00232665
3.06185 0.00572083 0.00236187
3.20304 0.00605684 0.00239763
3.35074 0.00641366 0.00243393
3.50524 0.00679259 0.00247078
3.66688 0.00719499 0.00250819
3.83596 0.00762232 0.00254616
4.01284 0.00807613 0.00258471
4.19788 0.00855804 0.00262385
4.39145 0.00906982 0.00266357
4.59395 0.00961329 0.0027039
4.80578 0.0101904 0.00274483
5.02738 0.0108033 0.00278639
5.2592 0.0114542 0.00282858
5.50171 0.0121454 0.0028714
5.7554 0.0128794 0.00291488
6.02079 0.0136589 0.00295901
6.29841 0.0144866 0.00300381
6.58884 0.0153657 0.00304928
6.89266 0.0162992 0.00309545
7.21049 0.0172905 0.00314232
7.54298 0.0183433 0.00318989
7.8908 0.0194612 0.00323819
8.25465 0.0206484 0.00328721
8.63529 0.0219092 0.00333698
9.03347 0.0232481 0.0033875
9.45002 0.0246699 0.00343879
9.88577 0.0261798 0.00349085
10.3416 0.0277832 0.00354371
10.8185 0.029486 0.00359736
11.3173 0.0312942 0.00365182
11.8392 0.0332145 0.00370711
12.3851 0.0352537 0.00376324
12.9562 0.0374193 0.00382021
13.5536 0.039719 0.00387805
14.1786 0.0421611 0.00393677
14.8324 0.0447546 0.00399637
15.5164 0.0475087 0.00405687
16.2318 0.0504335 0.00411829
16.9803 0.0535394 0.00418065
17.7633 0.0568378 0.00424394
18.5824 0.0603405 0.0043082
19.4392 0.0640601 0.00437342
20.3356 0.0680102 0.00443964
21.2733 0.072205 0.00450685
22.2543 0.0766597 0.00457509
23.2804 0.0813904 0.00464435
24.3539 0.0864141 0.00471467
25.4769 0.091749 0.00478605
26.6517 0.0974144 0.00485851
27.8806 0.103431 0.00493207
29.1662 0.10982 0.00500674
30.5111 0.116605 0.00508254
31.9181 0.12381 0.00515949
33.3898 0.131462 0.00523761
34.9295 0.139587 0.00531691
36.5401 0.148216 0.0053974
38.225 0.15738 0.00547912
39.9877 0.167111 0.00556208
41.8315 0.177445 0.00564629
43.7605 0.188419 0.00573177
45.7783 0.200073 0.00581855
47.8892 0.212449 0.00590664
50.0974 0.225592 0.00599607
52.4075 0.239549 0.00608685
54.8241 0.254371 0.00617901
57.3521 0.27011 0.00627256
59.9967 0.286825 0.00636752
62.7632 0.304575 0.00646393
65.6573 0.323425 0.00656179
68.6849 0.343443 0.00666114
71.852 0.364701 0.00676199
75.1652 0.387275 0.00686552
75.1652 0.387275 0.00686451
77.1406 0.402964 0.00901939
79.168 0.42349 0.0112293
81.2486 0.449211 0.0134954
83.3839 0.480508 0.015819
85.5753 0.517785 0.0182014
87.8243 0.561467 0.0206439
90.1324 0.612005 0.0231477
92.5012 0.669876 0.0257141
94.9323 0.735585 0.0283444
97.4272 0.809665 0.0310399
99.9877 0.892679 0.033802
102.615 0.985221 0.0366318
105.312 1.08792 0.0395306
108.08 1.20144 0.0424997
110.92 1.32648 0.0455404
113.836 1.46377 0.0486538
116.827 1.6141 0.0518411
119.898 1.77827 0.0551034
123.049 1.95717 0.0584419
126.283 2.15168 0.0618576
129.601 2.36278 0.0653514
133.007 2.59145 0.0689243
136.503 2.83877 0.0725771
140.091 3.10583 0.0763106
143.772 3.39381 0.0801253
147.551 3.70392 0.0840217
151.429 4.03746 0.0880004
155.408 4.39575 0.0920614
159.493 4.78022 0.0962048
163.684 5.19233 0.100431
167.986 5.63363 0.104738
172.401 6.10573 0.109128
176.932 6.6103 0.113598
181.582 7.1491 0.118147
186.354 7.72396 0.122775
191.251 8.33678 0.127479
196.278 8.98954 0.132258
201.436 9.68429 0.137109
206.73 10.4232 0.142028
212.163 11.2084 0.147014
217.739 12.0422 0.152061
223.461 12.9269 0.157165
229.334 13.8651 0.162321
235.361 14.8591 0.167524
241.547 15.9115 0.172767
247.895 17.025 0.178042
254.41 18.2022 0.183342
261.096 19.4458 0.188657
267.958 20.7586 0.193977
275 22.1434 0.199292
282.228 23.6029 0.204589
289.645 25.1399 0.209856
297.257 26.7572 0.215076
305.069 28.4576 0.220234
313.087 30.2437 0.225314
321.315 32.1181 0.230295
329.76 34.0834 0.235157
338.426 36.1418 0.239879
347.32 38.2956 0.244435
356.448 40.5467 0.248801
365.816 42.8969 0.252948
375.43 45.3475 0.256847
385.297 47.8996 0.260465
395.423 50.5538 0.26377
405.815 53.3103 0.266726
416.48 56.1687 0.269293
427.426 59.128 0.271433
438.659 62.1864 0.273103
450.188 65.3415 0.274259
462.019 68.5899 0.274856
474.161 71.9273 0.274845
486.623 75.3481 0.274178
499.412 78.8458 0.272805
512.537 82.4124 0.270673
526.007 86.0385 0.267732
539.831 89.7134 0.263929
554.018 93.4244 0.259211
568.579 97.1572 0.253529
583.522 100.896 0.246833
598.857 104.621 0.239076
614.596 108.314 0.230214
630.748 111.952 0.220206
647.325 115.51 0.209018
664.337 118.96 0.196621
681.797 122.274 0.182993
699.715 125.42 0.16812
718.104 128.363 0.151998
736.977 131.068 0.134633
756.345 133.495 0.116045
776.223 135.606 0.0962634
796.623 137.356 0.0753338
817.559 138.703 0.0533159
839.046 139.601 0.0302849
861.097 140.004 0.00633166
883.727 140.076 0
906.952 140.076 0
930.788 140.076 0
955.25 140.076 0
980.355 140.076 0
1006.12 140.076 0
1032.56 140.076 0
1059.7 140.076 0
1087.55 140.076 0
1116.13 140.076 0
1145.46 140.076 0
1175.57 140.076 0
1206.46 140.076 0
1238.17 140.076 0
1270.71 140.076 0
1304.11 140.076 0
1338.38 140.076 0
1373.55 140.076 0
1409.65 140.076 0
1446.7 140.076 0
1484.72 140.076 0
1523.74 140.076 0
1563.79 140.076 0
1604.88 140.076 0
1647.06 140.076 0
1690.35 140.076 0
1734.77 140.076 0
1780.37 140.076 0
1827.16 140.076 0
1875.17 140.076 0
1924.46 140.076 0
1975.03 140.076 0
2026.94 140.076 0
2080.21 140.076 0
2134.88 140.076 0
2190.99 140.076 0
2248.57 140.076 0
2307.66 140.076 0
2368.31 140.076 0
2430.55 140.076 0
2494.43 140.076 0
2559.99 140.076 0
2627.27 140.076 0
2696.31 140.076 0
2767.18 140.076 0
2839.9 140.076 0
2914.54 140.076 0
2991.13 140.076 0
3069.74 140.076 0
3150.42 140.076 0
3233.22 140.076 0
3318.19 140.076 0
3405.39 140.076 0
3494.89 140.076 0
3586.74 140.076 0
3681 140.076 0
3777.75 140.076 0
3877.03 140.076 0
3978.92 140.076 0
4083.49 140.076 0
4190.81 140.076 0
4300.95 140.076 0
4413.98 140.076 0
4529.99 140.076 0
4649.04 140.076 0
4771.22 140.076 0
4896.62 140.076 0
5025.3 140.076 0
5157.37 140.076 0
5292.92 149.698 0.141982
5432.02 182.945 0.336033
5574.78 243.85 0.517218
5721.29 330.322 0.663192
5871.65 437.822 0.766703
6025.97 561.262 0.833153
6184.33 696.35 0.872834
6346.87 840.041 0.895338
6513.67 990.411 0.907632
6684.85 1146.34 0.914156
6860.54 1307.24 0.917535
7040.84 1472.83 0.919249
7225.88 1643.01 0.9201
7415.79 1817.78 0.920515
7610.68 1997.2 0.920712
7810.7 2181.37 0.920805
8015.97 2370.39 0.920847
8226.64 2564.39 0.920866
8442.85 2763.48 0.920875
8664.73 2967.82 0.920878
8892.45 3177.52 0.92088
9126.16 3392.73 0.92088
9366 3613.6 0.920881
9612.15 3840.27 0.920881
9864.77 4072.9 0.920881
10124 4311.65 0.920881
10390.1 4556.67 0.920881
10663.2 4808.13 0.920881
10943.4 5066.19 0.920881
11231 5331.04 0.920881
11526.2 5602.85 0.920881
11829.1 5881.81 0.920881
12140 6168.09 0.920881
12459 6461.9 0.920881
12786.5 6763.43 0.920881
13122.5 7072.88 0.920881
13467.4 7390.47 0.920881
13821.3 7716.41 0.920881
14184.5 8050.91 0.920881
14557.3 8394.2 0.920881
14939.9 8746.51 0.920881
15332.6 9108.08 0.920881
15735.5 9479.16 0.920881
16149.1 9859.98 0.920881
16573.5 10250.8 0.920881
17009 10651.9 0.920881
17456.1 11063.6 0.920881
17914.8 11486 0.920881
18385.6 11919.6 0.920881
18868.8 12364.6 0.920881
19364.7 12821.2 0.920881
19873.7 13289.9 0.920881
20396 13770.9 0.920881
20932 14264.5 0.920881
21482.1 14771.1 0.920881
22046.7 15291 0.920881
22626.1 15824.6 0.920881
23220.7 16372.1 0.920881
23831 16934.1 0.920881
24457.3 17510.9 0.920881
25100.1 18102.8 0.920881
25759.7 18710.3 0.920881
26436.7 19333.7 0.920881
27131.5 19973.5 0.920881
27844.5 20630.1 0.920881
28576.3 21304 0.920881
29327.3 21995.6 0.920881
30098.1 22705.4 0.920881
30889.1 23433.8 0.920881
31700.9 24181.4 0.920881
32534 24948.6 0.920881
33389.1 25736 0.920881
34266.6 26544.1 0.920881
35167.1 27373.4 0.920881
36091.4 28224.5 0.920881
37039.9 29098 0.920881
38013.3 29994.4 0.920881
39012.4 30914.4 0.920881
40037.7 31858.5 0.920881
41089.9 32827.5 0.920881
42169.8 33822 0.920881
43278.1 34842.6 0.920881
44415.4 35890 0.920881
45582.7 36964.9 0.920881
46780.7 38068.1 0.920881
48010.1 39200.2 0.920881
49271.9 40362.2 0.920881
50566.8 41554.6 0.920881
51895.8 42778.4 0.920881
53259.7 44034.4 0.920881
54659.4 45323.4 0.920881
56095.9 46646.2 0.920881
