5.78741e-09 5.95396e-15 4.29514e-06
5.8738e-08 3.33166e-13 8.58285e-06
5.86595e-07 1.45059e-11 3.56977e-05
4.6076e-06 3.38009e-10 8.97843e-05
5.86875e-06 4.61297e-10 0.000114002
2.3369e-05 3.31505e-09 0.000192532
7.39119e-05 1.62978e-08 0.000292274
0.000147358 4.17301e-08 0.000330144
0.000152693 4.34471e-08 0.000292479
0.000165528 4.67976e-08 0.000304172
0.000294481 1.01986e-07 0.000463041
0.000466785 1.89679e-07 0.00054542
0.000739961 3.52227e-07 0.00041641
0.000792747 3.70702e-07 0.000446592
0.000859333 4.13069e-07 0.00055442
0.000931697 4.48502e-07 0.00055104
0.00117285 6.10601e-07 0.000697128
0.00147667 8.31244e-07 0.000750516
0.0017323 1.02935e-06 0.000535855
0.00185963 1.08409e-06 0.000525282
0.00294795 2.00733e-06 0.000908255
0.00467391 3.71532e-06 0.00105104
0.00633042 5.56999e-06 0.00091467
0.0070765 6.16755e-06 0.00093479
0.00933155 8.92099e-06 0.00127133
0.0117504 1.21316e-05 0.00137956
0.0154948 1.7543e-05 0.00122736
0.0177925 2.00421e-05 0.00125466
0.0234638 2.89812e-05 0.00164107
0.0295474 3.94039e-05 0.00177172
0.0354913 5.03041e-05 0.00128079
0.0389653 5.38549e-05 0.00125817
0.0549487 8.51279e-05 0.00191362
0.0590129 9.27925e-05 0.00199187
0.0713035 0.000119369 0.00114686
0.0787306 0.000125461 0.00110854
0.10265 0.000178607 0.00176378
0.112568 0.000193736 0.00180901
0.132297 0.000240204 0.00240921
0.146764 0.000275794 0.00181491
0.15911 0.000293738 0.00177613
0.191354 0.000375514 0.00260957
0.227502 0.000472769 0.000973271
0.245257 0.000484229 0.000805937
0.256566 0.000495831 0.00103354
0.268397 0.000508152 0.00104919
0.280773 0.000521236 0.00106507
0.293719 0.00053513 0.0010812
0.307263 0.000549885 0.00109757
0.321432 0.000565555 0.00111419
0.336253 0.000582195 0.00113106
0.351758 0.000599866 0.00114818
0.367978 0.000618631 0.00116556
0.384946 0.000638559 0.00118321
0.402697 0.000659722 0.00120112
0.421266 0.000682195 0.00121931
0.440691 0.000706061 0.00123777
0.461012 0.000731406 0.00125651
0.48227 0.00075832 0.00127553
0.504508 0.000786902 0.00129484
0.527771 0.000817254 0.00131445
0.552107 0.000849487 0.00133435
0.577566 0.000883717 0.00135455
0.604198 0.000920067 0.00137506
0.632059 0.000958668 0.00139588
0.661204 0.000999662 0.00141701
0.691693 0.00104319 0.00143847
0.723588 0.00108942 0.00146024
0.756953 0.00113852 0.00148235
0.791857 0.00119065 0.00150479
0.828371 0.00124602 0.00152758
0.866568 0.00130481 0.00155071
0.906527 0.00136725 0.00157418
0.948328 0.00143355 0.00159802
0.992057 0.00150396 0.00162221
1.0378 0.00157874 0.00164677
1.08566 0.00165815 0.0016717
1.13572 0.00174247 0.00169701
1.18809 0.00183202 0.00172271
1.24287 0.00192712 0.00174879
1.30018 0.00202811 0.00177526
1.36014 0.00213535 0.00180214
1.42285 0.00224924 0.00182943
1.48846 0.00237018 0.00185712
1.5571 0.00249862 0.00188524
1.6289 0.00263501 0.00191378
1.70401 0.00277985 0.00194276
1.78258 0.00293367 0.00197217
1.86478 0.00309701 0.00200203
1.95077 0.00327047 0.00203234
2.04072 0.00345468 0.00206311
2.13482 0.0036503 0.00209435
2.23326 0.00385804 0.00212606
2.33624 0.00407865 0.00215824
2.44396 0.00431292 0.00219092
2.55666 0.00456171 0.00222409
2.67455 0.00482591 0.00225776
2.79788 0.00510648 0.00229195
2.92689 0.00540443 0.00232665
3.06185 0.00572083 0.00236187
3.20304 0.00605684 0.00239763
3.35074 0.00641366 0.00243393
3.50524 0.00679259 0.00247078
3.66688 0.00719499 0.00250819
3.83596 0.00762232 0.00254616
4.01284 0.00807613 0.00258471
4.19788 0.00855804 0.00262385
4.39145 0.00906982 0.00266357
4.59395 0.00961329 0.0027039
4.80578 0.0101904 0.00274483
5.02738 0.0108033 0.00278639
5.2592 0.0114542 0.00282858
5.50171 0.0121454 0.0028714
5.7554 0.0128794 0.00291488
6.02079 0.0136589 0.00295901
6.29841 0.0144866 0.00300381
6.58884 0.0153657 0.00304928
6.89266 0.0162992 0.00309545
7.21049 0.0172905 0.00314232
7.54298 0.0183433 0.00318989
7.8908 0.0194612 0.00323819
8.25465 0.0206484 0.00328721
8.63529 0.0219092 0.00333698
9.03347 0.0232481 0.0033875
9.45002 0.0246699 0.00343879
9.88577 0.0261798 0.00349085
10.3416 0.0277832 0.00354371
10.8185 0.029486 0.00359736
11.3173 0.0312942 0.00365182
11.8392 0.0332145 0.00370711
12.3851 0.0352537 0.00376324
12.9562 0.0374193 0.00382021
13.5536 0.039719 0.00387805
14.1786 0.0421611 0.00393677
14.8324 0.0447546 0.00399637
15.5164 0.0475087 0.00405687
16.2318 0.0504335 0.00411829
16.9803 0.0535394 0.00418065
17.7633 0.0568378 0.00424394
18.5824 0.0603405 0.0043082
19.4392 0.0640601 0.00437342
20.3356 0.0680102 0.00443964
21.2733 0.072205 0.00450685
22.2543 0.0766597 0.00457509
23.2804 0.0813904 0.00464435
24.3539 0.0864141 0.00471467
25.4769 0.091749 0.00478605
26.6517 0.0974144 0.00485851
27.8806 0.103431 0.00493207
29.1662 0.10982 0.00500674
30.5111 0.116605 0.00508254
31.9181 0.12381 0.00515949
33.3898 0.131462 0.00523761
34.9295 0.139587 0.00531691
36.5401 0.148216 0.0053974
38.225 0.15738 0.00547912
39.9877 0.167111 0.00556208
41.8315 0.177445 0.00564629
43.7605 0.188419 0.00573177
45.7783 0.200073 0.00581855
47.8892 0.212449 0.00590664
50.0974 0.225592 0.00599607
52.4075 0.239549 0.00608685
54.8241 0.254371 0.00617901
57.3521 0.27011 0.00627256
59.9967 0.286825 0.00636752
62.7632 0.304575 0.00646393
65.6573 0.323425 0.00656179
68.6849 0.343443 0.00666114
71.852 0.364701 0.00676199
75.1652 0.387275 0.00686552
75.1652 0.387275 0.00686451
77.1406 0.402966 0.00902096
79.168 0.423497 0.0112332
81.2486 0.44923 0.0135026
83.3839 0.480547 0.0158304
85.5753 0.517854 0.018218
87.8243 0.56158 0.0206667
90.1324 0.612179 0.0231778
92.5012 0.670132 0.0257527
94.9323 0.735947 0.0283929
97.4272 0.810162 0.0310996
99.9877 0.893344 0.0338742
102.615 0.986095 0.0367181
105.312 1.08905 0.0396326
108.08 1.20287 0.0426191
110.92 1.32828 0.045679
113.836 1.466 0.0488134
116.827 1.61684 0.0520238
119.898 1.78162 0.0553113
123.049 1.96121 0.0586771
126.283 2.15654 0.0621224
129.601 2.36856 0.0656483
133.007 2.59831 0.0692558
136.503 2.84685 0.0729458
140.091 3.1153 0.0767192
143.772 3.40487 0.0805768
147.551 3.71677 0.0845192
151.429 4.05233 0.0885469
155.408 4.41291 0.0926602
159.493 4.79993 0.0968593
163.684 5.21491 0.101144
167.986 5.65942 0.105515
172.401 6.13508 0.109971
176.932 6.64363 0.114511
181.582 7.18686 0.119135
186.354 7.76662 0.123841
191.251 8.38486 0.128627
196.278 9.04361 0.133493
201.436 9.74496 0.138434
206.73 10.4911 0.143449
212.163 11.2843 0.148534
217.739 12.1268 0.153684
223.461 13.0212 0.158897
229.334 13.9698 0.164165
235.361 14.9753 0.169484
241.547 16.0403 0.174847
247.895 17.1674 0.180247
254.41 18.3593 0.185675
261.096 19.619 0.191121
267.958 20.9492 0.196577
275 22.3527 0.202029
282.228 23.8325 0.207467
289.645 25.3914 0.212875
297.257 27.0322 0.218239
305.069 28.7579 0.223541
313.087 30.5711 0.228765
321.315 32.4745 0.23389
329.76 34.4707 0.238895
338.426 36.5622 0.243756
347.32 38.7511 0.248449
356.448 41.0394 0.252946
365.816 43.429 0.257219
375.43 45.9212 0.261236
385.297 48.5172 0.264965
395.423 51.2174 0.268369
405.815 54.0222 0.271411
416.48 56.9309 0.274052
427.426 59.9426 0.27625
438.659 63.0554 0.277961
450.188 66.2667 0.279139
462.019 69.5728 0.279737
474.161 72.9693 0.279704
486.623 76.4504 0.278991
499.412 80.0091 0.277545
512.537 83.6373 0.275313
526.007 87.3251 0.272242
539.831 91.0612 0.26828
554.018 94.8325 0.263373
568.579 98.6243 0.257471
583.522 102.42 0.250524
598.857 106.2 0.242487
614.596 109.944 0.233317
630.748 113.629 0.222977
647.325 117.23 0.211435
664.337 120.718 0.198667
681.797 124.065 0.184655
699.715 127.237 0.169393
718.104 130.2 0.152884
736.977 132.918 0.135144
756.345 135.352 0.1162
776.223 137.462 0.0960963
796.623 139.206 0.0748889
817.559 140.541 0.052651
839.046 141.423 0.0294716
861.097 141.808 0.00545588
883.727 141.87 0
906.952 141.87 0
930.788 141.87 0
955.25 141.87 0
980.355 141.87 0
1006.12 141.87 0
1032.56 141.87 0
1059.7 141.87 0
1087.55 141.87 0
1116.13 141.87 0
1145.46 141.87 0
1175.57 141.87 0
1206.46 141.87 0
1238.17 141.87 0
1270.71 141.87 0
1304.11 141.87 0
1338.38 141.87 0
1373.55 141.87 0
1409.65 141.87 0
1446.7 141.87 0
1484.72 141.87 0
1523.74 141.87 0
1563.79 141.87 0
1604.88 141.87 0
1647.06 141.87 0
1690.35 141.87 0
1734.77 141.87 0
1780.37 141.87 0
1827.16 141.87 0
1875.17 141.87 0
1924.46 141.87 0
1975.03 141.87 0
2026.94 141.87 0
2080.21 141.87 0
2134.88 141.87 0
2190.99 141.87 0
2248.57 141.87 0
2307.66 141.87 0
2368.31 141.87 0
2430.55 141.87 0
2494.43 141.87 0
2559.99 141.87 0
2627.27 141.87 0
2696.31 141.87 0
2767.18 141.87 0
2839.9 141.87 0
2914.54 141.87 0
2991.13 141.87 0
3069.74 141.87 0
3150.42 141.87 0
3233.22 141.87 0
3318.19 141.87 0
3405.39 141.87 0
3494.89 141.87 0
3586.74 141.87 0
3681 141.87 0
3777.75 141.87 0
3877.03 141.87 0
3978.92 141.87 0
4083.49 141.87 0
4190.81 141.87 0
4300.95 141.87 0
4413.98 141.87 0
4529.99 141.87 0
4649.04 141.87 0
4771.22 141.87 0
4896.62 141.87 0
5025.3 153.602 0.182331
5157.37 193.934 0.428437
5292.92 265.946 0.634144
5432.02 363.671 0.770926
5574.78 479.21 0.847729
5721.29 606.243 0.886368
5871.65 740.883 0.90452
6025.97 881.092 0.912673
6184.33 1025.91 0.916215
6346.87 1174.95 0.917712
6513.67 1328.07 0.918329
6684.85 1485.3 0.918577
6860.54 1646.69 0.918674
7040.84 1812.33 0.918711
7225.88 1982.33 0.918725
7415.79 2156.8 0.91873
7610.68 2335.86 0.918732
7810.7 2519.62 0.918733
8015.97 2708.21 0.918733
8226.64 2901.76 0.918733
8442.85 3100.4 0.918733
8664.73 3304.25 0.918733
8892.45 3513.47 0.918733
9126.16 3728.18 0.918733
9366 3948.53 0.918733
9612.15 4174.68 0.918733
9864.77 4406.76 0.918733
10124 4644.95 0.918733
10390.1 4889.4 0.918733
10663.2 5140.27 0.918733
10943.4 5397.74 0.918733
11231 5661.97 0.918733
11526.2 5933.14 0.918733
11829.1 6211.45 0.918733
12140 6497.06 0.918733
12459 6790.19 0.918733
12786.5 7091.01 0.918733
13122.5 7399.75 0.918733
13467.4 7716.59 0.918733
13821.3 8041.77 0.918733
14184.5 8375.49 0.918733
14557.3 8717.98 0.918733
14939.9 9069.47 0.918733
15332.6 9430.2 0.918733
15735.5 9800.41 0.918733
16149.1 10180.3 0.918733
16573.5 10570.3 0.918733
17009 10970.4 0.918733
17456.1 11381.1 0.918733
17914.8 11802.6 0.918733
18385.6 12235.2 0.918733
18868.8 12679.1 0.918733
19364.7 13134.7 0.918733
19873.7 13602.3 0.918733
20396 14082.1 0.918733
20932 14574.6 0.918733
21482.1 15080 0.918733
22046.7 15598.7 0.918733
22626.1 16131 0.918733
23220.7 16677.3 0.918733
23831 17238 0.918733
24457.3 17813.4 0.918733
25100.1 18403.9 0.918733
25759.7 19010 0.918733
26436.7 19632 0.918733
27131.5 20270.3 0.918733
27844.5 20925.4 0.918733
28576.3 21597.7 0.918733
29327.3 22287.7 0.918733
30098.1 22995.8 0.918733
30889.1 23722.5 0.918733
31700.9 24468.3 0.918733
32534 25233.8 0.918733
33389.1 26019.3 0.918733
34266.6 26825.5 0.918733
35167.1 27652.9 0.918733
36091.4 28502 0.918733
37039.9 29373.4 0.918733
38013.3 30267.8 0.918733
39012.4 31185.6 0.918733
40037.7 32127.6 0.918733
41089.9 33094.3 0.918733
42169.8 34086.4 0.918733
43278.1 35104.7 0.918733
44415.4 36149.6 0.918733
45582.7 37222 0.918733
46780.7 38322.6 0.918733
48010.1 39452.2 0.918733
49271.9 40611.4 0.918733
50566.8 41801.1 0.918733
51895.8 43022 0.918733
53259.7 44275.1 0.918733
54659.4 45561 0.918733
56095.9 46880.8 0.918733
