5.78741e-09 5.95396e-15 4.29514e-06
5.8738e-08 3.33166e-13 8.58285e-06
5.86595e-07 1.45059e-11 3.56977e-05
4.6076e-06 3.38009e-10 8.97843e-05
5.86875e-06 4.61297e-10 0.000114002
2.3369e-05 3.31505e-09 0.000192532
7.39119e-05 1.62978e-08 0.000292274
0.000147358 4.17301e-08 0.000330144
0.000152693 4.34471e-08 0.000292479
0.000165528 4.67976e-08 0.000304172
0.000294481 1.01986e-07 0.000463041
0.000466785 1.89679e-07 0.00054542
0.000739961 3.52227e-07 0.00041641
0.000792747 3.70702e-07 0.000446592
0.000859333 4.13069e-07 0.00055442
0.000931697 4.48502e-07 0.00055104
0.00117285 6.10601e-07 0.000697128
0.00147667 8.31244e-07 0.000750516
0.0017323 1.02935e-06 0.000535855
0.00185963 1.08409e-06 0.000525282
0.00294795 2.00733e-06 0.000908255
0.00467391 3.71532e-06 0.00105104
0.00633042 5.56999e-06 0.00091467
0.0070765 6.16755e-06 0.00093479
0.00933155 8.92099e-06 0.00127133
0.0117504 1.21316e-05 0.00137956
0.0154948 1.7543e-05 0.00122736
0.0177925 2.00421e-05 0.00125466
0.0234638 2.89812e-05 0.00164107
0.0295474 3.94039e-05 0.00177172
0.0354913 5.03041e-05 0.00128079
0.0389653 5.38549e-05 0.00125817
0.0549487 8.51279e-05 0.00191362
0.0590129 9.27925e-05 0.00199187
0.0713035 0.000119369 0.00114686
0.0787306 0.000125461 0.00110854
0.10265 0.000178607 0.00176378
0.112568 0.000193736 0.00180901
0.132297 0.000240204 0.00240921
0.146764 0.000275794 0.00181491
0.15911 0.000293738 0.00177613
0.191354 0.000375514 0.00260957
0.227502 0.000472769 0.000973271
0.245257 0.000484229 0.000805937
0.256566 0.000495831 0.00103354
0.268397 0.000508152 0.00104919
0.280773 0.000521236 0.00106507
0.293719 0.00053513 0.0010812
0.307263 0.000549885 0.00109757
0.321432 0.000565555 0.00111419
0.336253 0.000582195 0.00113106
0.351758 0.000599866 0.00114818
0.367978 0.000618631 0.00116556
0.384946 0.000638559 0.00118321
0.402697 0.000659722 0.00120112
0.421266 0.000682195 0.00121931
0.440691 0.000706061 0.00123777
0.461012 0.000731406 0.00125651
0.48227 0.00075832 0.00127553
0.504508 0.000786902 0.00129484
0.527771 0.000817254 0.00131445
0.552107 0.000849487 0.00133435
0.577566 0.000883717 0.00135455
0.604198 0.000920067 0.00137506
0.632059 0.000958668 0.00139588
0.661204 0.000999662 0.00141701
0.691693 0.00104319 0.00143847
0.723588 0.00108942 0.00146024
0.756953 0.00113852 0.00148235
0.791857 0.00119065 0.00150479
0.828371 0.00124602 0.00152758
0.866568 0.00130481 0.00155071
0.906527 0.00136725 0.00157418
0.948328 0.00143355 0.00159802
0.992057 0.00150396 0.00162221
1.0378 0.00157874 0.00164677
1.08566 0.00165815 0.0016717
1.13572 0.00174247 0.00169701
1.18809 0.00183202 0.00172271
1.24287 0.00192712 0.00174879
1.30018 0.00202811 0.00177526
1.36014 0.00213535 0.00180214
1.42285 0.00224924 0.00182943
1.48846 0.00237018 0.00185712
1.5571 0.00249862 0.00188524
1.6289 0.00263501 0.00191378
1.70401 0.00277985 0.00194276
1.78258 0.00293367 0.00197217
1.86478 0.00309701 0.00200203
1.95077 0.00327047 0.00203234
2.04072 0.00345468 0.00206311
2.13482 0.0036503 0.00209435
2.23326 0.00385804 0.00212606
2.33624 0.00407865 0.00215824
2.44396 0.00431292 0.00219092
2.55666 0.00456171 0.00222409
2.67455 0.00482591 0.00225776
2.79788 0.00510648 0.00229195
2.92689 0.00540443 0.00232665
3.06185 0.00572083 0.00236187
3.20304 0.00605684 0.00239763
3.35074 0.00641366 0.00243393
3.50524 0.00679259 0.00247078
3.66688 0.00719499 0.00250819
3.83596 0.00762232 0.00254616
4.01284 0.00807613 0.00258471
4.19788 0.00855804 0.00262385
4.39145 0.00906982 0.00266357
4.59395 0.00961329 0.0027039
4.80578 0.0101904 0.00274483
5.02738 0.0108033 0.00278639
5.2592 0.0114542 0.00282858
5.50171 0.0121454 0.0028714
5.7554 0.0128794 0.00291488
6.02079 0.0136589 0.00295901
6.29841 0.0144866 0.00300381
6.58884 0.0153657 0.00304928
6.89266 0.0162992 0.00309545
7.21049 0.0172905 0.00314232
7.54298 0.0183433 0.00318989
7.8908 0.0194612 0.00323819
8.25465 0.0206484 0.00328721
8.63529 0.0219092 0.00333698
9.03347 0.0232481 0.0033875
9.45002 0.0246699 0.00343879
9.88577 0.0261798 0.00349085
10.3416 0.0277832 0.00354371
10.8185 0.029486 0.00359736
11.3173 0.0312942 0.00365182
11.8392 0.0332145 0.00370711
12.3851 0.0352537 0.00376324
12.9562 0.0374193 0.00382021
13.5536 0.039719 0.00387805
14.1786 0.0421611 0.00393677
14.8324 0.0447546 0.00399637
15.5164 0.0475087 0.00405687
16.2318 0.0504335 0.00411829
16.9803 0.0535394 0.00418065
17.7633 0.0568378 0.00424394
18.5824 0.0603405 0.0043082
19.4392 0.0640601 0.00437342
20.3356 0.0680102 0.00443964
21.2733 0.072205 0.00450685
22.2543 0.0766597 0.00457509
23.2804 0.0813904 0.00464435
24.3539 0.0864141 0.00471467
25.4769 0.091749 0.00478605
26.6517 0.0974144 0.00485851
27.8806 0.103431 0.00493207
29.1662 0.10982 0.00500674
30.5111 0.116605 0.00508254
31.9181 0.12381 0.00515949
33.3898 0.131462 0.00523761
34.9295 0.139587 0.00531691
36.5401 0.148216 0.0053974
38.225 0.15738 0.00547912
39.9877 0.167111 0.00556208
41.8315 0.177445 0.00564629
43.7605 0.188419 0.00573177
45.7783 0.200073 0.00581855
47.8892 0.212449 0.00590664
50.0974 0.225592 0.00599607
52.4075 0.239549 0.00608685
54.8241 0.254371 0.00617901
57.3521 0.27011 0.00627256
59.9967 0.286825 0.00636752
62.7632 0.304575 0.00646393
65.6573 0.323425 0.00656179
68.6849 0.343443 0.00666114
71.852 0.364701 0.00676199
75.1652 0.387275 0.00686552
75.1652 0.387275 0.00686451
75.6528 0.390672 0.00706758
76.1436 0.394191 0.00727195
76.6376 0.397834 0.00747762
77.1348 0.401603 0.00768461
77.6352 0.405501 0.00789291
78.1388 0.409529 0.00810254
78.6457 0.413689 0.00831351
79.1559 0.417985 0.00852582
79.6694 0.422418 0.00873949
80.1863 0.426991 0.00895452
80.7065 0.431705 0.00917092
81.23 0.436564 0.0093887
81.757 0.441569 0.00960787
82.2874 0.446723 0.00982843
82.8212 0.452029 0.0100504
83.3585 0.457489 0.0102738
83.8993 0.463106 0.0104986
84.4436 0.468882 0.0107248
84.9914 0.474819 0.0109525
85.5428 0.480921 0.0111816
86.0977 0.48719 0.0114122
86.6563 0.493629 0.0116443
87.2184 0.500241 0.0118778
87.7842 0.507028 0.0121128
88.3537 0.513994 0.0123493
88.9269 0.52114 0.0125873
89.5038 0.528471 0.0128268
90.0845 0.535989 0.0130679
90.6689 0.543697 0.0133105
91.2571 0.551598 0.0135546
91.8491 0.559695 0.0138002
92.4449 0.567992 0.0140475
93.0447 0.576491 0.0142963
93.6483 0.585196 0.0145467
94.2558 0.59411 0.0147986
94.8673 0.603236 0.0150522
95.4827 0.612579 0.0153074
96.1021 0.62214 0.0155642
96.7256 0.631924 0.0158226
97.3531 0.641934 0.0160827
97.9847 0.652174 0.0163444
98.6203 0.662647 0.0166078
99.2601 0.673357 0.0168728
99.904 0.684308 0.0171395
100.552 0.695504 0.0174079
101.204 0.706947 0.0176781
101.861 0.718643 0.0179499
102.522 0.730595 0.0182234
103.187 0.742807 0.0184987
103.856 0.755283 0.0187757
104.53 0.768027 0.0190545
105.208 0.781043 0.0193351
105.891 0.794336 0.0196174
106.578 0.80791 0.0199015
107.269 0.821769 0.0201874
107.965 0.835917 0.0204751
108.665 0.850359 0.0207646
109.37 0.8651 0.021056
110.08 0.880144 0.0213491
110.794 0.895495 0.0216442
111.513 0.911159 0.0219411
112.236 0.92714 0.0222399
112.964 0.943442 0.0225406
113.697 0.960072 0.0228431
114.435 0.977033 0.0231476
115.177 0.994331 0.023454
115.924 1.01197 0.0237623
116.676 1.02996 0.0240726
117.433 1.0483 0.0243848
118.195 1.06699 0.024699
118.962 1.08605 0.0250152
119.734 1.10548 0.0253334
120.51 1.12528 0.0256535
121.292 1.14547 0.0259757
122.079 1.16603 0.0262999
122.871 1.18699 0.0266262
123.668 1.20835 0.0269545
124.47 1.2301 0.0272849
125.278 1.25227 0.0276173
126.091 1.27485 0.0279519
126.909 1.29785 0.0282885
127.732 1.32128 0.0286273
128.561 1.34514 0.0289681
129.395 1.36945 0.0293112
130.234 1.3942 0.0296563
131.079 1.4194 0.0300037
131.929 1.44506 0.0303532
132.785 1.47119 0.0307049
133.646 1.49779 0.0310588
134.513 1.52488 0.0314149
135.386 1.55245 0.0317733
136.264 1.58051 0.0321339
137.148 1.60908 0.0324968
138.038 1.63815 0.0328619
138.934 1.66775 0.0332293
139.835 1.69786 0.0335991
140.742 1.72851 0.0339711
141.655 1.7597 0.0343454
142.574 1.79143 0.0347221
143.499 1.82373 0.0351012
144.43 1.85658 0.0354826
145.367 1.89001 0.0358664
146.31 1.92401 0.0362526
147.259 1.95861 0.0366412
148.215 1.9938 0.0370322
149.176 2.02959 0.0374256
150.144 2.066 0.0378216
151.118 2.10304 0.0382199
152.098 2.1407 0.0386208
153.085 2.17901 0.0390241
154.078 2.21797 0.03943
155.078 2.25758 0.0398384
156.084 2.29787 0.0402493
157.096 2.33883 0.0406628
158.115 2.38049 0.0410788
159.141 2.42284 0.0414974
160.173 2.4659 0.0419187
161.213 2.50967 0.0423425
162.258 2.55418 0.042769
163.311 2.59943 0.0431981
164.37 2.64542 0.0436298
165.437 2.69218 0.0440643
166.51 2.7397 0.0445014
167.59 2.78801 0.0449412
168.678 2.83711 0.0453838
169.772 2.88702 0.0458291
170.873 2.93774 0.0462771
171.982 2.98929 0.0467279
173.097 3.04168 0.0471815
174.22 3.09492 0.0476379
175.351 3.14902 0.0480971
176.488 3.20399 0.0485592
177.633 3.25986 0.049024
178.785 3.31662 0.0494918
179.945 3.3743 0.0499624
181.113 3.4329 0.0504359
182.288 3.49244 0.0509124
183.47 3.55293 0.0513917
184.66 3.61438 0.051874
185.858 3.67682 0.0523593
187.064 3.74024 0.0528475
188.278 3.80467 0.0533388
189.499 3.87012 0.053833
190.728 3.93661 0.0543303
191.966 4.00414 0.0548306
193.211 4.07274 0.055334
194.464 4.14241 0.0558405
195.726 4.21318 0.05635
196.996 4.28506 0.0568627
198.274 4.35806 0.0573785
199.56 4.43219 0.0578974
200.855 4.50749 0.0584195
202.158 4.58395 0.0589448
203.469 4.6616 0.0594733
204.789 4.74046 0.060005
206.118 4.82053 0.06054
207.455 4.90184 0.0610782
208.801 4.98441 0.0616196
210.155 5.06824 0.0621644
211.519 5.15337 0.0627124
212.891 5.2398 0.0632638
214.272 5.32756 0.0638185
215.662 5.41666 0.0643766
217.061 5.50712 0.0649381
218.469 5.59896 0.0655029
219.886 5.6922 0.0660712
221.313 5.78685 0.0666429
222.749 5.88295 0.067218
224.194 5.9805 0.0677966
225.648 6.07953 0.0683787
227.112 6.18005 0.0689643
228.585 6.2821 0.0695534
230.068 6.38568 0.0701461
231.561 6.49082 0.0707423
233.063 6.59754 0.0713421
234.575 6.70586 0.0719455
236.097 6.81581 0.0725525
237.628 6.9274 0.0731631
239.17 7.04066 0.0737774
240.722 7.15561 0.0743954
242.283 7.27228 0.075017
243.855 7.39068 0.0756424
245.437 7.51084 0.0762715
247.029 7.63278 0.0769043
248.632 7.75654 0.0775409
250.245 7.88213 0.0781813
251.868 8.00957 0.0788254
253.502 8.1389 0.0794734
255.147 8.27013 0.0801253
256.802 8.4033 0.080781
258.468 8.53843 0.0814406
260.145 8.67554 0.0821041
261.832 8.81467 0.0827715
263.531 8.95583 0.0834428
265.24 9.09907 0.0841181
266.961 9.24439 0.0847973
268.693 9.39184 0.0854806
270.436 9.54144 0.0861679
272.191 9.69322 0.0868592
273.956 9.84721 0.0875545
275.734 10.0034 0.088254
277.522 10.1619 0.0889575
279.323 10.3227 0.0896651
281.135 10.4859 0.0903769
282.959 10.6513 0.0910928
284.794 10.8192 0.0918128
286.642 10.9895 0.0925371
288.501 11.1623 0.0932656
290.373 11.3375 0.0939983
292.257 11.5153 0.0947352
294.153 11.6956 0.0954764
296.061 11.8785 0.0962219
297.982 12.064 0.0969717
299.915 12.2522 0.0977258
301.86 12.4431 0.0984842
303.819 12.6367 0.099247
305.79 12.8331 0.100014
307.773 13.0322 0.100786
309.77 13.2342 0.101562
311.78 13.4391 0.102342
313.802 13.6469 0.103127
315.838 13.8577 0.103916
317.887 14.0714 0.10471
319.949 14.2882 0.105509
322.025 14.508 0.106312
324.114 14.7309 0.107119
326.217 14.957 0.107931
328.333 15.1863 0.108748
330.463 15.4188 0.109569
332.607 15.6546 0.110395
334.764 15.8937 0.111225
336.936 16.1361 0.11206
339.122 16.382 0.1129
341.322 16.6313 0.113745
343.536 16.8841 0.114594
345.765 17.1405 0.115448
348.008 17.4004 0.116306
350.266 17.6639 0.11717
352.538 17.9312 0.118038
354.825 18.2021 0.118911
357.127 18.4768 0.119789
359.444 18.7554 0.120672
361.776 19.0378 0.121559
364.123 19.3242 0.122452
366.485 19.6145 0.123349
368.862 19.9088 0.124251
371.255 20.2072 0.125158
373.664 20.5098 0.12607
376.088 20.8165 0.126988
378.528 21.1274 0.12791
380.983 21.4427 0.128837
383.455 21.7622 0.129769
385.942 22.0862 0.130706
388.446 22.4147 0.131648
390.966 22.7476 0.132595
393.502 23.0851 0.133547
396.055 23.4273 0.134504
398.625 23.7741 0.135466
401.211 24.1256 0.136434
403.813 24.482 0.137406
406.433 24.8433 0.138384
409.07 25.2094 0.139367
411.724 25.5806 0.140355
414.395 25.9568 0.141348
417.083 26.3381 0.142346
419.789 26.7247 0.14335
422.512 27.1164 0.144359
425.253 27.5135 0.145373
428.012 27.9159 0.146392
430.788 28.3238 0.147417
433.583 28.7373 0.148446
436.396 29.1563 0.149481
439.227 29.5809 0.150522
442.076 30.0113 0.151567
444.944 30.4475 0.152618
447.831 30.8896 0.153674
450.736 31.3376 0.154736
453.66 31.7916 0.155803
456.603 32.2517 0.156875
459.565 32.718 0.157952
462.547 33.1905 0.159035
465.547 33.6694 0.160124
468.567 34.1546 0.161217
471.607 34.6464 0.162316
474.667 35.1446 0.163421
477.746 35.6496 0.16453
480.845 36.1612 0.165645
483.965 36.6797 0.166766
487.104 37.2051 0.167892
490.264 37.7374 0.169023
493.445 38.2768 0.17016
496.646 38.8233 0.171302
499.868 39.3771 0.17245
503.111 39.9382 0.173602
506.375 40.5067 0.174761
509.66 41.0827 0.175925
512.966 41.6663 0.177094
516.294 42.2576 0.178268
519.643 42.8566 0.179448
523.014 43.4636 0.180634
526.407 44.0785 0.181824
529.822 44.7015 0.183021
533.26 45.3326 0.184222
536.719 45.972 0.185429
540.201 46.6197 0.186641
543.705 47.2759 0.187859
547.233 47.9407 0.189082
550.783 48.6142 0.190311
554.356 49.2964 0.191544
557.952 49.9874 0.192783
561.572 50.6875 0.194028
565.215 51.3966 0.195278
568.882 52.115 0.196533
572.572 52.8426 0.197793
576.287 53.5797 0.199059
580.025 54.3262 0.20033
583.788 55.0824 0.201606
587.575 55.8484 0.202887
591.387 56.6242 0.204174
595.224 57.41 0.205466
599.085 58.2059 0.206762
602.971 59.012 0.208065
606.883 59.8285 0.209372
610.82 60.6554 0.210684
614.783 61.4928 0.212002
618.771 62.341 0.213324
622.785 63.2 0.214652
626.826 64.0699 0.215984
630.892 64.9509 0.217322
634.985 65.8431 0.218664
639.104 66.7467 0.220012
643.25 67.6617 0.221364
647.423 68.5882 0.222721
651.623 69.5265 0.224083
655.851 70.4767 0.225449
660.105 71.4388 0.226821
664.388 72.4131 0.228197
668.698 73.3996 0.229578
673.036 74.3986 0.230963
677.402 75.41 0.232353
681.797 76.4342 0.233748
686.22 77.4712 0.235147
690.671 78.5211 0.23655
695.152 79.5842 0.237958
699.662 80.6605 0.23937
704.201 81.7502 0.240787
708.769 82.8534 0.242207
713.367 83.9704 0.243632
717.995 85.1012 0.245061
722.653 86.246 0.246494
727.341 87.4049 0.247931
732.06 88.5782 0.249372
736.809 89.7659 0.250817
741.589 90.9683 0.252266
746.4 92.1854 0.253718
751.242 93.4175 0.255174
756.115 94.6647 0.256634
761.021 95.9271 0.258097
765.958 97.2049 0.259563
770.927 98.4984 0.261033
775.928 99.8075 0.262506
780.962 101.133 0.263983
786.028 102.474 0.265462
791.127 103.831 0.266944
796.26 105.205 0.26843
801.425 106.596 0.269918
806.624 108.003 0.271409
811.857 109.427 0.272902
817.124 110.868 0.274398
822.425 112.327 0.275897
827.76 113.803 0.277398
833.13 115.296 0.278901
838.535 116.808 0.280406
843.975 118.337 0.281913
849.45 119.885 0.283422
854.961 121.451 0.284933
860.507 123.036 0.286445
866.09 124.639 0.287959
871.708 126.261 0.289475
877.363 127.902 0.290991
883.055 129.563 0.292509
888.784 131.243 0.294028
894.55 132.943 0.295547
900.353 134.662 0.297067
906.194 136.402 0.298588
912.073 138.162 0.300109
917.99 139.942 0.301631
923.945 141.743 0.303152
929.939 143.564 0.304674
935.972 145.407 0.306195
942.044 147.271 0.307716
948.155 149.156 0.309236
954.306 151.063 0.310756
960.497 152.991 0.312274
966.728 154.942 0.313792
973 156.915 0.315308
979.312 158.91 0.316823
985.665 160.927 0.318336
992.059 162.968 0.319847
998.495 165.031 0.321357
1004.97 167.117 0.322864
1011.49 169.227 0.324368
1018.05 171.361 0.32587
1024.66 173.518 0.327369
1031.31 175.699 0.328865
1038 177.904 0.330358
1044.73 180.134 0.331847
1051.51 182.388 0.333332
1058.33 184.667 0.334813
1065.2 186.971 0.33629
1072.11 189.3 0.337762
1079.06 191.654 0.33923
1086.06 194.034 0.340692
1093.11 196.439 0.342149
1100.2 198.871 0.343601
1107.34 201.328 0.345047
1114.52 203.812 0.346487
1121.75 206.323 0.34792
1129.03 208.86 0.349347
1136.35 211.424 0.350767
1143.72 214.015 0.352179
1151.14 216.633 0.353584
1158.61 219.279 0.354981
1166.13 221.952 0.35637
1173.69 224.653 0.357751
1181.31 227.382 0.359122
1188.97 230.14 0.360485
1196.68 232.925 0.361838
1204.45 235.74 0.363181
1212.26 238.583 0.364515
1220.12 241.455 0.365837
1228.04 244.356 0.367149
1236.01 247.286 0.36845
1244.02 250.245 0.369739
1252.09 253.234 0.371016
1260.22 256.253 0.372281
1268.39 259.302 0.373533
1276.62 262.381 0.374772
1284.9 265.489 0.375998
1293.24 268.629 0.37721
1301.63 271.798 0.378407
1310.07 274.999 0.37959
1318.57 278.23 0.380758
1327.13 281.492 0.38191
1335.74 284.785 0.383047
1344.4 288.109 0.384167
1353.12 291.464 0.38527
1361.9 294.851 0.386356
1370.74 298.269 0.387424
1379.63 301.719 0.388474
1388.58 305.2 0.389506
1397.59 308.714 0.390518
1406.65 312.259 0.391511
1415.78 315.836 0.392484
1424.96 319.445 0.393437
1434.21 323.087 0.394368
1443.51 326.76 0.395278
1452.88 330.466 0.396166
1462.3 334.204 0.397031
1471.79 337.974 0.397874
1481.34 341.777 0.398692
1490.95 345.612 0.399487
1500.62 349.48 0.400257
1510.35 353.38 0.401003
1520.15 357.313 0.401722
1530.01 361.278 0.402415
1539.94 365.276 0.403082
1549.93 369.306 0.403721
1559.98 373.368 0.404332
1570.1 377.463 0.404915
1580.29 381.59 0.405469
1590.54 385.75 0.405994
1600.86 389.941 0.406488
1611.25 394.165 0.406952
1621.7 398.421 0.407384
1632.22 402.709 0.407784
1642.81 407.029 0.408152
1653.47 411.381 0.408487
1664.19 415.764 0.408788
1674.99 420.179 0.409055
1685.85 424.625 0.409287
1696.79 429.103 0.409484
1707.8 433.611 0.409644
1718.88 438.15 0.409768
1730.03 442.72 0.409854
1741.25 447.32 0.409903
1752.55 451.95 0.409913
1763.92 456.611 0.409884
1775.36 461.301 0.409815
1786.88 466.02 0.409705
1798.47 470.769 0.409555
1810.14 475.546 0.409363
1821.88 480.352 0.409128
1833.7 485.186 0.408851
1845.6 490.047 0.40853
1857.57 494.936 0.408165
1869.62 499.853 0.407755
1881.75 504.795 0.4073
1893.96 509.765 0.406799
1906.24 514.759 0.406252
1918.61 519.78 0.405657
1931.06 524.825 0.405014
1943.58 529.894 0.404323
1956.19 534.988 0.403583
1968.88 540.104 0.402793
1981.66 545.244 0.401954
1994.51 550.405 0.401063
2007.45 555.589 0.400122
2020.47 560.793 0.399128
2033.58 566.018 0.398082
2046.77 571.262 0.396983
2060.05 576.526 0.395831
2073.42 581.808 0.394625
2086.87 587.107 0.393364
2100.41 592.424 0.392048
2114.03 597.757 0.390677
2127.75 603.105 0.389249
2141.55 608.467 0.387766
2155.44 613.844 0.386225
2169.43 619.233 0.384627
2183.5 624.635 0.382972
2197.66 630.048 0.381258
2211.92 635.471 0.379486
2226.27 640.903 0.377655
2240.71 646.344 0.375764
2255.25 651.792 0.373814
2269.88 657.246 0.371805
2284.61 662.706 0.369735
2299.43 668.17 0.367605
2314.34 673.637 0.365414
2329.36 679.107 0.363163
2344.47 684.577 0.36085
2359.68 690.047 0.358476
2374.99 695.516 0.356041
2390.39 700.983 0.353545
2405.9 706.445 0.350987
2421.51 711.903 0.348367
2437.22 717.355 0.345686
2453.03 722.799 0.342944
2468.94 728.234 0.34014
2484.96 733.659 0.337274
2501.08 739.072 0.334348
2517.31 744.473 0.33136
2533.64 749.859 0.328311
2550.07 755.23 0.325202
2566.62 760.584 0.322032
2583.27 765.919 0.318803
2600.03 771.234 0.315513
2616.89 776.528 0.312164
2633.87 781.798 0.308757
2650.96 787.044 0.305291
2668.15 792.264 0.301767
2685.46 797.457 0.298186
2702.89 802.62 0.294548
2720.42 807.752 0.290855
2738.07 812.852 0.287106
2755.83 817.918 0.283303
2773.71 822.949 0.279446
2791.7 827.942 0.275536
2809.81 832.896 0.271575
2828.04 837.81 0.267563
2846.39 842.682 0.263501
2864.85 847.509 0.25939
2883.44 852.292 0.255232
2902.15 857.027 0.251028
2920.97 861.713 0.246778
2939.92 866.348 0.242485
2958.99 870.932 0.238149
2978.19 875.461 0.233773
2997.51 879.935 0.229357
3016.96 884.352 0.224904
3036.53 888.71 0.220414
3056.23 893.007 0.21589
3076.05 897.243 0.211333
3096.01 901.414 0.206745
3116.1 905.52 0.202127
3136.31 909.559 0.197483
3156.66 913.53 0.192813
3177.14 917.43 0.18812
3197.75 921.259 0.183406
3218.49 925.015 0.178673
3239.37 928.696 0.173923
3260.39 932.301 0.169159
3281.54 935.828 0.164382
3302.83 939.277 0.159595
3324.25 942.645 0.154801
3345.82 945.931 0.150002
3367.52 949.135 0.1452
3389.37 952.255 0.140399
3411.36 955.289 0.1356
3433.49 958.237 0.130806
3455.76 961.097 0.12602
3478.18 963.869 0.121245
3500.75 966.551 0.116483
3523.46 969.143 0.111737
3546.31 971.643 0.107011
3569.32 974.05 0.102306
3592.48 976.365 0.0976257
3615.78 978.586 0.0929732
3639.24 980.713 0.0883512
3662.85 982.745 0.0837626
3686.61 984.681 0.0792103
3710.53 986.521 0.0746972
3734.6 988.266 0.0702264
3758.82 989.913 0.0658007
3783.21 991.465 0.0614231
3807.75 992.919 0.0570965
3832.45 994.277 0.0528238
3857.32 995.538 0.0486079
3882.34 996.702 0.0444516
3907.53 997.77 0.0403578
3932.88 998.742 0.0363293
3958.39 999.618 0.0323688
3984.07 1000.4 0.0284791
4009.92 1001.09 0.0246628
4035.93 1001.68 0.0209227
4062.11 1002.18 0.0172611
4088.47 1002.59 0.0136807
4114.99 1002.9 0.0101838
4141.68 1003.13 0.00677289
4168.55 1003.27 0.00345017
4195.6 1003.32 0.000217867
4222.81 1003.32 0
4250.21 1003.32 0
4277.78 1003.32 0
4305.53 1003.32 0
4333.46 1003.32 0
4361.58 1003.32 0
4389.87 1003.32 0
4418.35 1003.32 0
4447.01 1003.32 0
4475.86 1003.32 0
4504.9 1003.32 0
4534.12 1003.32 0
4563.54 1003.32 0
4593.14 1003.32 0
4622.94 1003.32 0
4652.93 1003.32 0
4683.12 1003.32 0
4713.5 1003.32 0
4744.08 1003.32 0
4774.85 1003.32 0
4805.83 1003.32 0
4837.01 1003.32 0
4868.39 1003.32 0
4899.97 1003.32 0
4931.76 1003.32 0
4963.75 1003.32 0
4995.95 1003.32 0
5028.36 1003.32 0
5060.98 1003.32 0
5093.82 1003.32 0
5126.86 1003.32 0
5160.12 1003.32 0
5193.6 1003.32 0
5227.29 1003.32 0
5261.2 1003.32 0
5295.33 1003.32 0
5329.68 1003.32 0
5364.26 1003.32 0
5399.06 1003.32 0
5434.09 1003.32 0
5469.34 1003.32 0
5504.82 1003.32 0
5540.53 1003.32 0
5576.48 1003.32 0
5612.65 1003.32 0
5649.06 1003.32 0
5685.71 1003.32 0
5722.6 1003.32 0
5759.72 1003.32 0
5797.09 1003.32 0
5834.69 1003.32 0
5872.55 1003.32 0
5910.64 1003.32 0
5948.99 1003.32 0
5987.58 1003.32 0
6026.42 1003.32 0
6065.52 1003.32 0
6104.87 1003.32 0
6144.47 1003.32 0
6184.33 1003.32 0
6224.45 1003.32 0
6264.83 1003.32 0
6305.48 1003.32 0
6346.38 1003.32 0
6387.55 1003.32 0
6428.99 1003.32 0
6470.7 1003.32 0
6512.68 1003.36 0.00183984
6554.93 1003.48 0.0038278
6597.45 1003.68 0.00581502
6640.25 1003.97 0.0077993
6683.33 1004.35 0.00977852
6726.69 1004.82 0.0117506
6770.32 1005.38 0.0137135
6814.25 1006.02 0.0156654
6858.45 1006.76 0.0176044
6902.95 1007.58 0.0195287
6947.73 1008.5 0.0214367
6992.8 1009.51 0.0233266
7038.16 1010.61 0.025197
7083.82 1011.8 0.0270464
7129.78 1013.09 0.0288733
7176.03 1014.46 0.0306765
7222.59 1015.93 0.0324548
7269.44 1017.49 0.0342069
7316.6 1019.15 0.0359317
7364.07 1020.89 0.0376284
7411.84 1022.73 0.0392959
7459.92 1024.66 0.0409334
7508.32 1026.68 0.0425401
7557.03 1028.79 0.0441153
7606.05 1030.99 0.0456584
7655.39 1033.28 0.0471688
7705.06 1035.66 0.048646
7755.04 1038.13 0.0500896
7805.35 1040.68 0.0514993
7855.99 1043.33 0.0528748
7906.95 1046.06 0.0542159
7958.25 1048.87 0.0555223
8009.88 1051.77 0.0567941
8061.84 1054.75 0.0580311
8114.14 1057.82 0.0592335
8166.78 1060.97 0.0604013
8219.76 1064.2 0.0615346
8273.08 1067.51 0.0626337
8326.76 1070.9 0.0636987
8380.77 1074.37 0.06473
8435.14 1077.91 0.0657278
8489.86 1081.54 0.0666926
8544.94 1085.24 0.0676248
8600.38 1089.01 0.0685247
8656.17 1092.86 0.0693929
8712.32 1096.78 0.07023
8768.84 1100.77 0.0710363
8825.73 1104.83 0.0718126
8882.99 1108.97 0.0725594
8940.61 1113.17 0.0732773
8998.61 1117.44 0.0739669
9056.99 1121.78 0.074629
9115.75 1126.18 0.0752641
9174.89 1130.65 0.075873
9234.41 1135.18 0.0764563
9294.31 1139.78 0.0770147
9354.61 1144.44 0.077549
9415.29 1149.16 0.0780598
9476.38 1153.94 0.0785479
9537.85 1158.79 0.079014
9599.73 1163.69 0.0794587
9662 1168.65 0.0798828
9724.68 1173.67 0.080287
9787.77 1178.75 0.0806719
9851.27 1183.88 0.0810383
9915.18 1189.07 0.0813869
9979.5 1194.32 0.0817183
10044.2 1199.62 0.0820331
10109.4 1204.97 0.082332
10175 1210.38 0.0826157
10241 1215.84 0.0828848
10307.4 1221.36 0.0831398
10374.3 1226.93 0.0833814
10441.6 1232.55 0.0836102
10509.3 1238.22 0.0838267
10577.5 1243.94 0.0840314
10646.1 1249.71 0.0842249
10715.2 1255.53 0.0844077
10784.7 1261.41 0.0845803
10854.7 1267.33 0.0847432
10925.1 1273.3 0.0848968
10996 1279.33 0.0850417
11067.3 1285.4 0.0851781
11139.1 1291.52 0.0853066
11211.4 1297.69 0.0854275
11284.1 1303.9 0.0855413
11357.3 1310.17 0.0856483
11431 1316.48 0.0857488
11505.1 1322.85 0.0858433
11579.8 1329.26 0.0859319
11654.9 1335.72 0.0860151
11730.5 1342.22 0.0860931
11806.6 1348.78 0.0861662
11883.2 1355.38 0.0862347
11960.3 1362.03 0.0862989
12037.9 1368.73 0.0863589
12116 1375.47 0.0864151
12194.6 1382.27 0.0864676
12273.7 1389.11 0.0865167
12353.3 1396 0.0865626
12433.5 1402.94 0.0866054
12514.1 1409.93 0.0866453
12595.3 1416.96 0.0866826
12677 1424.05 0.0867173
12759.2 1431.18 0.0867496
12842 1438.36 0.0867798
12925.3 1445.59 0.0868078
13009.2 1452.87 0.0868339
13093.6 1460.2 0.0868582
13178.5 1467.58 0.0868807
13264 1475.01 0.0869016
13350.1 1482.49 0.0869211
13436.7 1490.02 0.0869391
13523.8 1497.6 0.0869558
13611.6 1505.23 0.0869713
13699.9 1512.91 0.0869857
13788.8 1520.64 0.086999
13878.2 1528.42 0.0870113
13968.2 1536.26 0.0870226
14058.9 1544.14 0.0870332
14150.1 1552.08 0.0870429
14241.9 1560.07 0.0870518
14334.2 1568.11 0.0870601
14427.2 1576.21 0.0870677
14520.8 1584.36 0.0870748
14615 1592.56 0.0870813
14709.8 1600.82 0.0870872
14805.3 1609.13 0.0870927
14901.3 1617.5 0.0870978
14998 1625.92 0.0871024
15095.3 1634.39 0.0871067
15193.2 1642.92 0.0871106
15291.8 1651.51 0.0871142
15391 1660.15 0.0871174
15490.8 1668.85 0.0871205
15591.3 1677.6 0.0871232
15692.5 1686.42 0.0871257
15794.3 1695.29 0.0871281
15896.7 1704.21 0.0871302
15999.9 1713.2 0.0871321
16103.7 1722.24 0.0871339
16208.1 1731.35 0.0871355
16313.3 1740.51 0.0871369
16419.1 1749.73 0.0871383
16525.6 1759.01 0.0871395
16632.8 1768.35 0.0871406
16740.7 1777.76 0.0871416
16849.3 1787.22 0.0871425
16958.7 1796.75 0.0871433
17068.7 1806.33 0.0871441
17179.4 1815.98 0.0871448
17290.8 1825.69 0.0871454
17403 1835.47 0.087146
17515.9 1845.31 0.0871465
17629.6 1855.21 0.0871469
17743.9 1865.18 0.0871473
17859 1875.21 0.0871477
17974.9 1885.31 0.087148
18091.5 1895.47 0.0871484
18208.9 1905.7 0.0871486
18327 1915.99 0.0871489
18445.9 1926.35 0.0871491
18565.5 1936.78 0.0871493
18686 1947.28 0.0871495
18807.2 1957.84 0.0871496
18929.2 1968.48 0.0871498
19052 1979.18 0.0871499
19175.6 1989.95 0.08715
19300 2000.79 0.0871501
19425.2 2011.7 0.0871502
19551.2 2022.68 0.0871503
19678.1 2033.74 0.0871504
19805.7 2044.86 0.0871505
19934.2 2056.06 0.0871505
20063.5 2067.33 0.0871506
20193.7 2078.68 0.0871506
20324.7 2090.09 0.0871507
20456.6 2101.58 0.0871507
20589.3 2113.15 0.0871507
20722.8 2124.79 0.0871508
20857.3 2136.51 0.0871508
20992.6 2148.3 0.0871508
21128.8 2160.17 0.0871508
21265.8 2172.11 0.0871508
21403.8 2184.14 0.0871509
21542.7 2196.24 0.0871509
21682.4 2208.42 0.0871509
21823.1 2220.68 0.0871509
21964.6 2233.01 0.0871509
22107.1 2245.43 0.0871509
22250.6 2257.93 0.0871509
22394.9 2270.51 0.0871509
22540.2 2283.17 0.0871509
22686.4 2295.92 0.0871509
22833.6 2308.74 0.087151
22981.7 2321.65 0.087151
23130.8 2334.65 0.087151
23280.9 2347.72 0.087151
23431.9 2360.89 0.087151
23583.9 2374.13 0.087151
23736.9 2387.47 0.087151
23890.9 2400.89 0.087151
24045.9 2414.4 0.087151
24201.9 2427.99 0.087151
24358.9 2441.67 0.087151
24516.9 2455.45 0.087151
24676 2469.31 0.087151
24836 2483.26 0.087151
24997.2 2497.3 0.087151
25159.3 2511.43 0.087151
25322.5 2525.66 0.087151
25486.8 2539.98 0.087151
25652.2 2554.38 0.087151
25818.6 2568.89 0.087151
25986.1 2583.49 0.087151
26154.7 2598.18 0.087151
26324.3 2612.96 0.087151
26495.1 2627.85 0.087151
26667 2642.83 0.087151
26840 2657.9 0.087151
27014.1 2673.08 0.087151
27189.4 2688.35 0.087151
27365.7 2703.72 0.087151
27543.3 2719.2 0.087151
27722 2734.77 0.087151
27901.8 2750.44 0.087151
28082.8 2766.22 0.087151
28265 2782.1 0.087151
28448.4 2798.08 0.087151
28632.9 2814.16 0.087151
28818.7 2830.35 0.087151
29005.6 2846.64 0.087151
29193.8 2863.04 0.087151
29383.2 2879.55 0.087151
29573.8 2896.16 0.087151
29765.7 2912.88 0.087151
29958.8 2929.71 0.087151
30153.1 2946.65 0.087151
30348.7 2963.69 0.087151
30545.6 2980.85 0.087151
30743.8 2998.12 0.087151
30943.2 3015.5 0.087151
31143.9 3033 0.087151
31346 3050.61 0.087151
31549.3 3068.33 0.087151
31754 3086.17 0.087151
31960 3104.12 0.087151
32167.3 3122.19 0.087151
32376 3140.38 0.087151
32586.1 3158.68 0.087151
32797.5 3177.1 0.087151
33010.2 3195.65 0.087151
33224.4 3214.31 0.087151
33439.9 3233.1 0.087151
33656.9 3252 0.087151
33875.2 3271.03 0.087151
34095 3290.18 0.087151
34316.1 3309.46 0.087151
34538.8 3328.86 0.087151
34762.8 3348.39 0.087151
34988.3 3368.04 0.087151
35215.3 3387.82 0.087151
35443.8 3407.73 0.087151
35673.7 3427.77 0.087151
35905.1 3447.94 0.087151
36138.1 3468.24 0.087151
36372.5 3488.67 0.087151
36608.5 3509.24 0.087151
36846 3529.94 0.087151
37085 3550.77 0.087151
37325.6 3571.74 0.087151
37567.7 3592.84 0.087151
37811.4 3614.08 0.087151
38056.7 3635.46 0.087151
38303.6 3656.97 0.087151
38552.1 3678.63 0.087151
38802.2 3700.43 0.087151
39053.9 3722.36 0.087151
39307.3 3744.44 0.087151
39562.3 3766.67 0.087151
39819 3789.04 0.087151
40077.3 3811.55 0.087151
40337.3 3834.21 0.087151
40599 3857.01 0.087151
40862.3 3879.97 0.087151
41127.4 3903.07 0.087151
41394.2 3926.32 0.087151
41662.8 3949.73 0.087151
41933.1 3973.28 0.087151
42205.1 3996.99 0.087151
42478.9 4020.85 0.087151
42754.5 4044.87 0.087151
43031.8 4069.04 0.087151
43311 4093.37 0.087151
43592 4117.86 0.087151
43874.8 4142.5 0.087151
44159.4 4167.31 0.087151
44445.9 4192.27 0.087151
44734.2 4217.4 0.087151
45024.4 4242.7 0.087151
45316.5 4268.15 0.087151
45610.5 4293.77 0.087151
45906.4 4319.56 0.087151
46204.2 4345.51 0.087151
46503.9 4371.64 0.087151
46805.6 4397.93 0.087151
47109.3 4424.39 0.087151
47414.9 4451.03 0.087151
47722.5 4477.83 0.087151
48032.1 4504.82 0.087151
48343.7 4531.97 0.087151
48657.3 4559.3 0.087151
48972.9 4586.81 0.087151
49290.7 4614.5 0.087151
49610.4 4642.37 0.087151
49932.3 4670.42 0.087151
50256.2 4698.65 0.087151
50582.2 4727.06 0.087151
50910.4 4755.66 0.087151
51240.6 4784.45 0.087151
51573.1 4813.42 0.087151
51907.6 4842.57 0.087151
52244.4 4871.92 0.087151
52583.3 4901.46 0.087151
52924.4 4931.19 0.087151
53267.8 4961.11 0.087151
53613.3 4991.23 0.087151
53961.1 5021.54 0.087151
54311.2 5052.05 0.087151
54663.5 5082.75 0.087151
55018.2 5113.66 0.087151
55375.1 5144.77 0.087151
55734.3 5176.07 0.087151
56095.9 5207.59 0.087151
