5.78741e-09 5.95396e-15 4.29514e-06
5.8738e-08 3.33166e-13 8.58285e-06
5.86595e-07 1.45059e-11 3.56977e-05
4.6076e-06 3.38009e-10 8.97843e-05
5.86875e-06 4.61297e-10 0.000114002
2.3369e-05 3.31505e-09 0.000192532
7.39119e-05 1.62978e-08 0.000292274
0.000147358 4.17301e-08 0.000330144
0.000152693 4.34471e-08 0.000292479
0.000165528 4.67976e-08 0.000304172
0.000294481 1.01986e-07 0.000463041
0.000466785 1.89679e-07 0.00054542
0.000739961 3.52227e-07 0.00041641
0.000792747 3.70702e-07 0.000446592
0.000859333 4.13069e-07 0.00055442
0.000931697 4.48502e-07 0.00055104
0.00117285 6.10601e-07 0.000697128
0.00147667 8.31244e-07 0.000750516
0.0017323 1.02935e-06 0.000535855
0.00185963 1.08409e-06 0.000525282
0.00294795 2.00733e-06 0.000908255
0.00467391 3.71532e-06 0.00105104
0.00633042 5.56999e-06 0.00091467
0.0070765 6.16755e-06 0.00093479
0.00933155 8.92099e-06 0.00127133
0.0117504 1.21316e-05 0.00137956
0.0154948 1.7543e-05 0.00122736
0.0177925 2.00421e-05 0.00125466
0.0234638 2.89812e-05 0.00164107
0.0295474 3.94039e-05 0.00177172
0.0354913 5.03041e-05 0.00128079
0.0389653 5.38549e-05 0.00125817
0.0549487 8.51279e-05 0.00191362
0.0590129 9.27925e-05 0.00199187
0.0713035 0.000119369 0.00114686
0.0787306 0.000125461 0.00110854
0.10265 0.000178607 0.00176378
0.112568 0.000193736 0.00180901
0.132297 0.000240204 0.00240921
0.146764 0.000275794 0.00181491
0.15911 0.000293738 0.00177613
0.191354 0.000375514 0.00260957
0.227502 0.000472769 0.000973271
0.245257 0.000484229 0.000805937
0.256566 0.000495831 0.00103354
0.268397 0.000508152 0.00104919
0.280773 0.000521236 0.00106507
0.293719 0.00053513 0.0010812
0.307263 0.000549885 0.00109757
0.321432 0.000565555 0.00111419
0.336253 0.000582195 0.00113106
0.351758 0.000599866 0.00114818
0.367978 0.000618631 0.00116556
0.384946 0.000638559 0.00118321
0.402697 0.000659722 0.00120112
0.421266 0.000682195 0.00121931
0.440691 0.000706061 0.00123777
0.461012 0.000731406 0.00125651
0.48227 0.00075832 0.00127553
0.504508 0.000786902 0.00129484
0.527771 0.000817254 0.00131445
0.552107 0.000849487 0.00133435
0.577566 0.000883717 0.00135455
0.604198 0.000920067 0.00137506
0.632059 0.000958668 0.00139588
0.661204 0.000999662 0.00141701
0.691693 0.00104319 0.00143847
0.723588 0.00108942 0.00146024
0.756953 0.00113852 0.00148235
0.791857 0.00119065 0.00150479
0.828371 0.00124602 0.00152758
0.866568 0.00130481 0.00155071
0.906527 0.00136725 0.00157418
0.948328 0.00143355 0.00159802
0.992057 0.00150396 0.00162221
1.0378 0.00157874 0.00164677
1.08566 0.00165815 0.0016717
1.13572 0.00174247 0.00169701
1.18809 0.00183202 0.00172271
1.24287 0.00192712 0.00174879
1.30018 0.00202811 0.00177526
1.36014 0.00213535 0.00180214
1.42285 0.00224924 0.00182943
1.48846 0.00237018 0.00185712
1.5571 0.00249862 0.00188524
1.6289 0.00263501 0.00191378
1.70401 0.00277985 0.00194276
1.78258 0.00293367 0.00197217
1.86478 0.00309701 0.00200203
1.95077 0.00327047 0.00203234
2.04072 0.00345468 0.00206311
2.13482 0.0036503 0.00209435
2.23326 0.00385804 0.00212606
2.33624 0.00407865 0.00215824
2.44396 0.00431292 0.00219092
2.55666 0.00456171 0.00222409
2.67455 0.00482591 0.00225776
2.79788 0.00510648 0.00229195
2.92689 0.00540443 0.00232665
3.06185 0.00572083 0.00236187
3.20304 0.00605684 0.00239763
3.35074 0.00641366 0.00243393
3.50524 0.00679259 0.00247078
3.66688 0.00719499 0.00250819
3.83596 0.00762232 0.00254616
4.01284 0.00807613 0.00258471
4.19788 0.00855804 0.00262385
4.39145 0.00906982 0.00266357
4.59395 0.00961329 0.0027039
4.80578 0.0101904 0.00274483
5.02738 0.0108033 0.00278639
5.2592 0.0114542 0.00282858
5.50171 0.0121454 0.0028714
5.7554 0.0128794 0.00291488
6.02079 0.0136589 0.00295901
6.29841 0.0144866 0.00300381
6.58884 0.0153657 0.00304928
6.89266 0.0162992 0.00309545
7.21049 0.0172905 0.00314232
7.54298 0.0183433 0.00318989
7.8908 0.0194612 0.00323819
8.25465 0.0206484 0.00328721
8.63529 0.0219092 0.00333698
9.03347 0.0232481 0.0033875
9.45002 0.0246699 0.00343879
9.88577 0.0261798 0.00349085
10.3416 0.0277832 0.00354371
10.8185 0.029486 0.00359736
11.3173 0.0312942 0.00365182
11.8392 0.0332145 0.00370711
12.3851 0.0352537 0.00376324
12.9562 0.0374193 0.00382021
13.5536 0.039719 0.00387805
14.1786 0.0421611 0.00393677
14.8324 0.0447546 0.00399637
15.5164 0.0475087 0.00405687
16.2318 0.0504335 0.00411829
16.9803 0.0535394 0.00418065
17.7633 0.0568378 0.00424394
18.5824 0.0603405 0.0043082
19.4392 0.0640601 0.00437342
20.3356 0.0680102 0.00443964
21.2733 0.072205 0.00450685
22.2543 0.0766597 0.00457509
23.2804 0.0813904 0.00464435
24.3539 0.0864141 0.00471467
25.4769 0.091749 0.00478605
26.6517 0.0974144 0.00485851
27.8806 0.103431 0.00493207
29.1662 0.10982 0.00500674
30.5111 0.116605 0.00508254
31.9181 0.12381 0.00515949
33.3898 0.131462 0.00523761
34.9295 0.139587 0.00531691
36.5401 0.148216 0.0053974
38.225 0.15738 0.00547912
39.9877 0.167111 0.00556208
41.8315 0.177445 0.00564629
43.7605 0.188419 0.00573177
45.7783 0.200073 0.00581855
47.8892 0.212449 0.00590664
50.0974 0.225592 0.00599607
52.4075 0.239549 0.00608685
54.8241 0.254371 0.00617901
57.3521 0.27011 0.00627256
59.9967 0.286825 0.00636752
62.7632 0.304575 0.00646393
65.6573 0.323425 0.00656179
68.6849 0.343443 0.00666114
71.852 0.364701 0.00676199
75.1652 0.387275 0.00686552
75.1652 0.387275 0.00686451
77.1406 0.403031 0.00908716
79.168 0.423764 0.011366
81.2486 0.449843 0.0137024
83.3839 0.481659 0.0160975
85.5753 0.519625 0.0185525
87.8243 0.564179 0.0210689
90.1324 0.615785 0.0236478
92.5012 0.674931 0.0262905
94.9323 0.742136 0.0289983
97.4272 0.817945 0.0317725
99.9877 0.902937 0.0346144
102.615 0.997721 0.0375252
105.312 1.10294 0.0405062
108.08 1.21927 0.0435586
110.92 1.34744 0.0466837
113.836 1.48819 0.0498825
116.827 1.64232 0.0531562
119.898 1.81067 0.056506
123.049 1.99412 0.0599329
126.283 2.19361 0.0634379
129.601 2.41009 0.067022
133.007 2.64462 0.0706859
136.503 2.89825 0.0744304
140.091 3.17213 0.0782563
143.772 3.46744 0.082164
147.551 3.78543 0.0861541
151.429 4.12742 0.0902268
155.408 4.49476 0.0943823
159.493 4.8889 0.0986206
163.684 5.31134 0.102941
167.986 5.76365 0.107344
172.401 6.24745 0.111829
176.932 6.76448 0.116394
181.582 7.3165 0.121038
186.354 7.90538 0.12576
191.251 8.53306 0.130559
196.278 9.20153 0.135431
201.436 9.91288 0.140374
206.73 10.6693 0.145385
212.163 11.473 0.150461
217.739 12.3262 0.155597
223.461 13.2315 0.160789
229.334 14.1912 0.166032
235.361 15.2078 0.171319
241.547 16.284 0.176644
247.895 17.4223 0.182
254.41 18.6256 0.187378
261.096 19.8964 0.192768
267.958 21.2377 0.198162
275 22.6522 0.203546
282.228 24.1426 0.20891
289.645 25.7119 0.214239
297.257 27.3629 0.219519
305.069 29.0982 0.224733
313.087 30.9205 0.229864
321.315 32.8326 0.234893
329.76 34.8369 0.239798
338.426 36.9357 0.244558
347.32 39.1313 0.249147
356.448 41.4255 0.253541
365.816 43.8202 0.257711
375.43 46.3167 0.261627
385.297 48.916 0.265257
395.423 51.6187 0.268568
405.815 54.4251 0.271522
416.48 57.3346 0.274082
427.426 60.3462 0.276208
438.659 63.4582 0.277857
450.188 66.6679 0.278985
462.019 69.9721 0.279546
474.161 73.3661 0.279491
486.623 76.8445 0.278771
499.412 80.4005 0.277336
512.537 84.0261 0.275132
526.007 87.7118 0.272108
539.831 91.4465 0.268211
554.018 95.2174 0.263386
568.579 99.0101 0.257583
583.522 102.808 0.250751
598.857 106.593 0.24284
614.596 110.344 0.233805
630.748 114.038 0.223602
647.325 117.65 0.212196
664.337 121.152 0.199553
681.797 124.515 0.185649
699.715 127.706 0.170466
718.104 130.689 0.153996
736.977 133.428 0.136241
756.345 135.882 0.117215
776.223 138.011 0.0969435
796.623 139.769 0.0754668
817.559 141.112 0.0528391
839.046 141.993 0.0291302
861.097 142.363 0.00442576
883.727 142.413 0
906.952 142.413 0
930.788 142.413 0
955.25 142.413 0
980.355 142.413 0
1006.12 142.413 0
1032.56 142.413 0
1059.7 142.413 0
1087.55 142.413 0
1116.13 142.413 0
1145.46 142.413 0
1175.57 142.413 0
1206.46 142.413 0
1238.17 142.413 0
1270.71 142.413 0
1304.11 142.413 0
1338.38 142.413 0
1373.55 142.413 0
1409.65 142.413 0
1446.7 142.413 0
1484.72 142.413 0
1523.74 142.413 0
1563.79 142.413 0
1604.88 142.413 0
1647.06 142.413 0
1690.35 142.413 0
1734.77 142.413 0
1780.37 142.413 0
1827.16 142.413 0
1875.17 142.413 0
1924.46 142.413 0
1975.03 142.413 0
2026.94 142.413 0
2080.21 142.413 0
2134.88 142.413 0
2190.99 142.413 0
2248.57 142.413 0
2307.66 142.413 0
2368.31 142.413 0
2430.55 142.413 0
2494.43 142.413 0
2559.99 142.413 0
2627.27 142.413 0
2696.31 142.413 0
2767.18 142.413 0
2839.9 142.413 0
2914.54 142.413 0
2991.13 142.413 0
3069.74 142.413 0
3150.42 142.413 0
3233.22 142.413 0
3318.19 142.413 0
3405.39 142.413 0
3494.89 142.413 0
3586.74 142.413 0
3681 142.413 0
3777.75 142.413 0
3877.03 142.413 0
3978.92 142.413 0
4083.49 142.413 0
4190.81 142.413 0
4300.95 142.413 0
4413.98 142.413 0
4529.99 142.413 0
4649.04 142.413 0
4771.22 142.413 0
4896.62 142.413 0
5025.3 155.491 0.203244
5157.37 196.756 0.421663
5292.92 266.703 0.610442
5432.02 361.269 0.74921
5574.78 474.621 0.838803
5721.29 601.373 0.891458
5871.65 737.594 0.920459
6025.97 880.811 0.935728
6184.33 1029.62 0.943504
6346.87 1183.28 0.94736
6513.67 1341.46 0.949228
6684.85 1504.03 0.950113
6860.54 1670.98 0.950524
7040.84 1842.38 0.950711
7225.88 2018.31 0.950794
7415.79 2198.87 0.95083
7610.68 2384.19 0.950845
7810.7 2574.37 0.950851
8015.97 2769.56 0.950854
8226.64 2969.87 0.950855
8442.85 3175.45 0.950855
8664.73 3386.44 0.950855
8892.45 3602.96 0.950856
9126.16 3825.18 0.950856
9366 4053.24 0.950856
9612.15 4287.29 0.950856
9864.77 4527.5 0.950856
10124 4774.01 0.950856
10390.1 5027.01 0.950856
10663.2 5286.65 0.950856
10943.4 5553.12 0.950856
11231 5826.59 0.950856
11526.2 6107.25 0.950856
11829.1 6395.28 0.950856
12140 6690.88 0.950856
12459 6994.25 0.950856
12786.5 7305.6 0.950856
13122.5 7625.13 0.950856
13467.4 7953.05 0.950856
13821.3 8289.59 0.950856
14184.5 8634.98 0.950856
14557.3 8989.45 0.950856
14939.9 9353.23 0.950856
15332.6 9726.57 0.950856
15735.5 10109.7 0.950856
16149.1 10502.9 0.950856
16573.5 10906.5 0.950856
17009 11320.7 0.950856
17456.1 11745.7 0.950856
17914.8 12181.9 0.950856
18385.6 12629.6 0.950856
18868.8 13089.1 0.950856
19364.7 13560.6 0.950856
19873.7 14044.5 0.950856
20396 14541.1 0.950856
20932 15050.8 0.950856
21482.1 15573.9 0.950856
22046.7 16110.7 0.950856
22626.1 16661.7 0.950856
23220.7 17227.1 0.950856
23831 17807.4 0.950856
24457.3 18402.9 0.950856
25100.1 19014.1 0.950856
25759.7 19641.3 0.950856
26436.7 20285 0.950856
27131.5 20945.7 0.950856
27844.5 21623.7 0.950856
28576.3 22319.5 0.950856
29327.3 23033.6 0.950856
30098.1 23766.5 0.950856
30889.1 24518.6 0.950856
31700.9 25290.5 0.950856
32534 26082.7 0.950856
33389.1 26895.7 0.950856
34266.6 27730.1 0.950856
35167.1 28586.4 0.950856
36091.4 29465.2 0.950856
37039.9 30367.1 0.950856
38013.3 31292.7 0.950856
39012.4 32242.7 0.950856
40037.7 33217.6 0.950856
41089.9 34218.1 0.950856
42169.8 35244.9 0.950856
43278.1 36298.7 0.950856
44415.4 37380.2 0.950856
45582.7 38490.1 0.950856
46780.7 39629.2 0.950856
48010.1 40798.2 0.950856
49271.9 41998 0.950856
50566.8 43229.3 0.950856
51895.8 44492.9 0.950856
53259.7 45789.8 0.950856
54659.4 47120.7 0.950856
56095.9 48486.6 0.950856
