5.78741e-09 5.95396e-15 4.29514e-06
5.8738e-08 3.33166e-13 8.58285e-06
5.86595e-07 1.45059e-11 3.56977e-05
4.6076e-06 3.38009e-10 8.97843e-05
5.86875e-06 4.61297e-10 0.000114002
2.3369e-05 3.31505e-09 0.000192532
7.39119e-05 1.62978e-08 0.000292274
0.000147358 4.17301e-08 0.000330144
0.000152693 4.34471e-08 0.000292479
0.000165528 4.67976e-08 0.000304172
0.000294481 1.01986e-07 0.000463041
0.000466785 1.89679e-07 0.00054542
0.000739961 3.52227e-07 0.00041641
0.000792747 3.70702e-07 0.000446592
0.000859333 4.13069e-07 0.00055442
0.000931697 4.48502e-07 0.00055104
0.00117285 6.10601e-07 0.000697128
0.00147667 8.31244e-07 0.000750516
0.0017323 1.02935e-06 0.000535855
0.00185963 1.08409e-06 0.000525282
0.00294795 2.00733e-06 0.000908255
0.00467391 3.71532e-06 0.00105104
0.00633042 5.56999e-06 0.00091467
0.0070765 6.16755e-06 0.00093479
0.00933155 8.92099e-06 0.00127133
0.0117504 1.21316e-05 0.00137956
0.0154948 1.7543e-05 0.00122736
0.0177925 2.00421e-05 0.00125466
0.0234638 2.89812e-05 0.00164107
0.0295474 3.94039e-05 0.00177172
0.0354913 5.03041e-05 0.00128079
0.0389653 5.38549e-05 0.00125817
0.0549487 8.51279e-05 0.00191362
0.0590129 9.27925e-05 0.00199187
0.0713035 0.000119369 0.00114686
0.0787306 0.000125461 0.00110854
0.10265 0.000178607 0.00176378
0.112568 0.000193736 0.00180901
0.132297 0.000240204 0.00240921
0.146764 0.000275794 0.00181491
0.15911 0.000293738 0.00177613
0.191354 0.000375514 0.00260957
0.227502 0.000472769 0.000973271
0.245257 0.000484229 0.000805937
0.256566 0.000495831 0.00103354
0.268397 0.000508152 0.00104919
0.280773 0.000521236 0.00106507
0.293719 0.00053513 0.0010812
0.307263 0.000549885 0.00109757
0.321432 0.000565555 0.00111419
0.336253 0.000582195 0.00113106
0.351758 0.000599866 0.00114818
0.367978 0.000618631 0.00116556
0.384946 0.000638559 0.00118321
0.402697 0.000659722 0.00120112
0.421266 0.000682195 0.00121931
0.440691 0.000706061 0.00123777
0.461012 0.000731406 0.00125651
0.48227 0.00075832 0.00127553
0.504508 0.000786902 0.00129484
0.527771 0.000817254 0.00131445
0.552107 0.000849487 0.00133435
0.577566 0.000883717 0.00135455
0.604198 0.000920067 0.00137506
0.632059 0.000958668 0.00139588
0.661204 0.000999662 0.00141701
0.691693 0.00104319 0.00143847
0.723588 0.00108942 0.00146024
0.756953 0.00113852 0.00148235
0.791857 0.00119065 0.00150479
0.828371 0.00124602 0.00152758
0.866568 0.00130481 0.00155071
0.906527 0.00136725 0.00157418
0.948328 0.00143355 0.00159802
0.992057 0.00150396 0.00162221
1.0378 0.00157874 0.00164677
1.08566 0.00165815 0.0016717
1.13572 0.00174247 0.00169701
1.18809 0.00183202 0.00172271
1.24287 0.00192712 0.00174879
1.30018 0.00202811 0.00177526
1.36014 0.00213535 0.00180214
1.42285 0.00224924 0.00182943
1.48846 0.00237018 0.00185712
1.5571 0.00249862 0.00188524
1.6289 0.00263501 0.00191378
1.70401 0.00277985 0.00194276
1.78258 0.00293367 0.00197217
1.86478 0.00309701 0.00200203
1.95077 0.00327047 0.00203234
2.04072 0.00345468 0.00206311
2.13482 0.0036503 0.00209435
2.23326 0.00385804 0.00212606
2.33624 0.00407865 0.00215824
2.44396 0.00431292 0.00219092
2.55666 0.00456171 0.00222409
2.67455 0.00482591 0.00225776
2.79788 0.00510648 0.00229195
2.92689 0.00540443 0.00232665
3.06185 0.00572083 0.00236187
3.20304 0.00605684 0.00239763
3.35074 0.00641366 0.00243393
3.50524 0.00679259 0.00247078
3.66688 0.00719499 0.00250819
3.83596 0.00762232 0.00254616
4.01284 0.00807613 0.00258471
4.19788 0.00855804 0.00262385
4.39145 0.00906982 0.00266357
4.59395 0.00961329 0.0027039
4.80578 0.0101904 0.00274483
5.02738 0.0108033 0.00278639
5.2592 0.0114542 0.00282858
5.50171 0.0121454 0.0028714
5.7554 0.0128794 0.00291488
6.02079 0.0136589 0.00295901
6.29841 0.0144866 0.00300381
6.58884 0.0153657 0.00304928
6.89266 0.0162992 0.00309545
7.21049 0.0172905 0.00314232
7.54298 0.0183433 0.00318989
7.8908 0.0194612 0.00323819
8.25465 0.0206484 0.00328721
8.63529 0.0219092 0.00333698
9.03347 0.0232481 0.0033875
9.45002 0.0246699 0.00343879
9.88577 0.0261798 0.00349085
10.3416 0.0277832 0.00354371
10.8185 0.029486 0.00359736
11.3173 0.0312942 0.00365182
11.8392 0.0332145 0.00370711
12.3851 0.0352537 0.00376324
12.9562 0.0374193 0.00382021
13.5536 0.039719 0.00387805
14.1786 0.0421611 0.00393677
14.8324 0.0447546 0.00399637
15.5164 0.0475087 0.00405687
16.2318 0.0504335 0.00411829
16.9803 0.0535394 0.00418065
17.7633 0.0568378 0.00424394
18.5824 0.0603405 0.0043082
19.4392 0.0640601 0.00437342
20.3356 0.0680102 0.00443964
21.2733 0.072205 0.00450685
22.2543 0.0766597 0.00457509
23.2804 0.0813904 0.00464435
24.3539 0.0864141 0.00471467
25.4769 0.091749 0.00478605
26.6517 0.0974144 0.00485851
27.8806 0.103431 0.00493207
29.1662 0.10982 0.00500674
30.5111 0.116605 0.00508254
31.9181 0.12381 0.00515949
33.3898 0.131462 0.00523761
34.9295 0.139587 0.00531691
36.5401 0.148216 0.0053974
38.225 0.15738 0.00547912
39.9877 0.167111 0.00556208
41.8315 0.177445 0.00564629
43.7605 0.188419 0.00573177
45.7783 0.200073 0.00581855
47.8892 0.212449 0.00590664
50.0974 0.225592 0.00599607
52.4075 0.239549 0.00608685
54.8241 0.254371 0.00617901
57.3521 0.27011 0.00627256
59.9967 0.286825 0.00636752
62.7632 0.304575 0.00646393
65.6573 0.323425 0.00656179
68.6849 0.343443 0.00666114
71.852 0.364701 0.00676199
75.1652 0.387275 0.00686552
75.1652 0.387275 0.00686451
75.6528 0.390756 0.00741305
76.1436 0.39453 0.00796444
76.6376 0.398601 0.0085187
77.1348 0.402975 0.00907584
77.6352 0.407657 0.00963585
78.1388 0.412651 0.0101988
78.6457 0.417965 0.0107646
79.1559 0.423602 0.0113333
79.6694 0.429568 0.0119049
80.1863 0.43587 0.0124794
80.7065 0.442512 0.0130569
81.23 0.4495 0.0136373
81.757 0.45684 0.0142206
82.2874 0.464538 0.0148069
82.8212 0.472599 0.0153961
83.3585 0.481031 0.0159883
83.8993 0.489838 0.0165835
84.4436 0.499027 0.0171817
84.9914 0.508604 0.0177828
85.5428 0.518575 0.0183869
86.0977 0.528947 0.018994
86.6563 0.539727 0.0196041
87.2184 0.55092 0.0202172
87.7842 0.562533 0.0208333
88.3537 0.574574 0.0214524
88.9269 0.587048 0.0220745
89.5038 0.599964 0.0226997
90.0845 0.613326 0.0233279
90.6689 0.627144 0.0239591
91.2571 0.641423 0.0245933
91.8491 0.656171 0.0252306
92.4449 0.671396 0.0258709
93.0447 0.687104 0.0265143
93.6483 0.703304 0.0271607
94.2558 0.720002 0.0278102
94.8673 0.737207 0.0284627
95.4827 0.754925 0.0291183
96.1021 0.773166 0.0297769
96.7256 0.791937 0.0304386
97.3531 0.811245 0.0311034
97.9847 0.8311 0.0317712
98.6203 0.851509 0.0324421
99.2601 0.872481 0.0331161
99.904 0.894023 0.0337931
100.552 0.916145 0.0344732
101.204 0.938856 0.0351564
101.861 0.962163 0.0358426
102.522 0.986076 0.0365319
103.187 1.0106 0.0372242
103.856 1.03575 0.0379196
104.53 1.06154 0.0386181
105.208 1.08796 0.0393196
105.891 1.11504 0.0400242
106.578 1.14278 0.0407319
107.269 1.17119 0.0414425
107.965 1.20027 0.0421563
108.665 1.23005 0.0428731
109.37 1.26053 0.0435929
110.08 1.29172 0.0443157
110.794 1.32362 0.0450416
111.513 1.35626 0.0457705
112.236 1.38963 0.0465025
112.964 1.42376 0.0472374
113.697 1.45865 0.0479753
114.435 1.49431 0.0487163
115.177 1.53075 0.0494602
115.924 1.56799 0.0502071
116.676 1.60603 0.050957
117.433 1.64488 0.0517098
118.195 1.68456 0.0524656
118.962 1.72508 0.0532244
119.734 1.76645 0.0539861
120.51 1.80868 0.0547507
121.292 1.85179 0.0555182
122.079 1.89578 0.0562886
122.871 1.94066 0.0570619
123.668 1.98645 0.057838
124.47 2.03317 0.058617
125.278 2.08082 0.0593989
126.091 2.12941 0.0601836
126.909 2.17896 0.0609711
127.732 2.22949 0.0617614
128.561 2.28099 0.0625545
129.395 2.3335 0.0633503
130.234 2.38701 0.0641489
131.079 2.44155 0.0649502
131.929 2.49712 0.0657542
132.785 2.55374 0.0665609
133.646 2.61143 0.0673702
134.513 2.67019 0.0681822
135.386 2.73004 0.0689968
136.264 2.791 0.069814
137.148 2.85308 0.0706337
138.038 2.91629 0.071456
138.934 2.98065 0.0722808
139.835 3.04617 0.0731081
140.742 3.11286 0.0739379
141.655 3.18075 0.0747701
142.574 3.24985 0.0756047
143.499 3.32016 0.0764417
144.43 3.39172 0.077281
145.367 3.46452 0.0781227
146.31 3.53859 0.0789666
147.259 3.61395 0.0798128
148.215 3.6906 0.0806611
149.176 3.76856 0.0815117
150.144 3.84786 0.0823643
151.118 3.9285 0.0832191
152.098 4.01051 0.084076
153.085 4.09389 0.0849348
154.078 4.17867 0.0857957
155.078 4.26486 0.0866584
156.084 4.35247 0.0875231
157.096 4.44154 0.0883896
158.115 4.53206 0.0892579
159.141 4.62406 0.090128
160.173 4.71756 0.0909998
161.213 4.81257 0.0918732
162.258 4.90911 0.0927483
163.311 5.00721 0.0936249
164.37 5.10686 0.094503
165.437 5.2081 0.0953825
166.51 5.31094 0.0962635
167.59 5.41541 0.0971458
168.678 5.5215 0.0980293
169.772 5.62926 0.0989141
170.873 5.73869 0.0998001
171.982 5.84981 0.100687
173.097 5.96264 0.101575
174.22 6.0772 0.102464
175.351 6.19352 0.103354
176.488 6.31159 0.104245
177.633 6.43146 0.105136
178.785 6.55313 0.106029
179.945 6.67662 0.106921
181.113 6.80196 0.107815
182.288 6.92916 0.108709
183.47 7.05825 0.109603
184.66 7.18923 0.110497
185.858 7.32214 0.111392
187.064 7.45699 0.112287
188.278 7.59379 0.113182
189.499 7.73258 0.114076
190.728 7.87337 0.114971
191.966 8.01618 0.115866
193.211 8.16103 0.11676
194.464 8.30794 0.117654
195.726 8.45693 0.118547
196.996 8.60802 0.11944
198.274 8.76124 0.120332
199.56 8.91659 0.121223
200.855 9.0741 0.122113
202.158 9.2338 0.123002
203.469 9.39569 0.12389
204.789 9.55981 0.124777
206.118 9.72617 0.125662
207.455 9.89479 0.126546
208.801 10.0657 0.127429
210.155 10.2389 0.128309
211.519 10.4144 0.129188
212.891 10.5923 0.130065
214.272 10.7725 0.13094
215.662 10.9552 0.131812
217.061 11.1402 0.132683
218.469 11.3276 0.13355
219.886 11.5175 0.134415
221.313 11.7099 0.135277
222.749 11.9047 0.136137
224.194 12.1021 0.136993
225.648 12.3019 0.137846
227.112 12.5043 0.138696
228.585 12.7093 0.139542
230.068 12.9169 0.140384
231.561 13.127 0.141222
233.063 13.3398 0.142057
234.575 13.5552 0.142887
236.097 13.7733 0.143713
237.628 13.994 0.144535
239.17 14.2175 0.145351
240.722 14.4436 0.146163
242.283 14.6725 0.14697
243.855 14.9041 0.147771
245.437 15.1385 0.148567
247.029 15.3757 0.149358
248.632 15.6157 0.150142
250.245 15.8585 0.15092
251.868 16.1041 0.151693
253.502 16.3526 0.152458
255.147 16.604 0.153217
256.802 16.8582 0.153969
258.468 17.1153 0.154715
260.145 17.3754 0.155452
261.832 17.6383 0.156182
263.531 17.9042 0.156905
265.24 18.1731 0.157619
266.961 18.4449 0.158325
268.693 18.7197 0.159023
270.436 18.9975 0.159711
272.191 19.2783 0.160391
273.956 19.5621 0.161062
275.734 19.849 0.161723
277.522 20.1388 0.162374
279.323 20.4317 0.163015
281.135 20.7277 0.163646
282.959 21.0267 0.164266
284.794 21.3288 0.164876
286.642 21.634 0.165474
288.501 21.9423 0.166061
290.373 22.2536 0.166636
292.257 22.568 0.167199
294.153 22.8855 0.167749
296.061 23.2062 0.168287
297.982 23.5299 0.168812
299.915 23.8567 0.169324
301.86 24.1867 0.169822
303.819 24.5197 0.170307
305.79 24.8558 0.170776
307.773 25.1951 0.171232
309.77 25.5374 0.171672
311.78 25.8828 0.172097
313.802 26.2313 0.172507
315.838 26.5829 0.1729
317.887 26.9375 0.173277
319.949 27.2952 0.173637
322.025 27.656 0.17398
324.114 28.0198 0.174306
326.217 28.3866 0.174614
328.333 28.7565 0.174903
330.463 29.1293 0.175174
332.607 29.5051 0.175426
334.764 29.8839 0.175658
336.936 30.2656 0.175871
339.122 30.6502 0.176063
341.322 31.0378 0.176234
343.536 31.4282 0.176385
345.765 31.8214 0.176513
348.008 32.2175 0.17662
350.266 32.6163 0.176704
352.538 33.0179 0.176766
354.825 33.4222 0.176803
357.127 33.8292 0.176818
359.444 34.2389 0.176807
361.776 34.6511 0.176772
364.123 35.0659 0.176712
366.485 35.4832 0.176626
368.862 35.903 0.176514
371.255 36.3252 0.176375
373.664 36.7498 0.176209
376.088 37.1768 0.176015
378.528 37.6059 0.175793
380.983 38.0373 0.175542
383.455 38.4708 0.175261
385.942 38.9064 0.174951
388.446 39.344 0.174611
390.966 39.7836 0.174239
393.502 40.225 0.173836
396.055 40.6682 0.173402
398.625 41.1131 0.172934
401.211 41.5597 0.172433
403.813 42.0078 0.171899
406.433 42.4574 0.171331
409.07 42.9083 0.170727
411.724 43.3606 0.170088
414.395 43.814 0.169413
417.083 44.2684 0.168701
419.789 44.7239 0.167953
422.512 45.1802 0.167166
425.253 45.6373 0.166341
428.012 46.095 0.165476
430.788 46.5532 0.164572
433.583 47.0118 0.163628
436.396 47.4707 0.162642
439.227 47.9297 0.161615
442.076 48.3886 0.160546
444.944 48.8475 0.159434
447.831 49.306 0.158278
450.736 49.7641 0.157078
453.66 50.2216 0.155833
456.603 50.6783 0.154542
459.565 51.1341 0.153206
462.547 51.5888 0.151822
465.547 52.0423 0.150391
468.567 52.4942 0.148912
471.607 52.9446 0.147383
474.667 53.3931 0.145806
477.746 53.8395 0.144177
480.845 54.2838 0.142498
483.965 54.7256 0.140768
487.104 55.1648 0.138984
490.264 55.6011 0.137148
493.445 56.0342 0.135258
496.646 56.4641 0.133314
499.868 56.8904 0.131314
503.111 57.3129 0.129259
506.375 57.7314 0.127147
509.66 58.1455 0.124978
512.966 58.555 0.122751
516.294 58.9597 0.120465
519.643 59.3593 0.11812
523.014 59.7534 0.115715
526.407 60.1418 0.113249
529.822 60.5243 0.110721
533.26 60.9004 0.108132
536.719 61.2699 0.10548
540.201 61.6324 0.102764
543.705 61.9877 0.0999837
547.233 62.3353 0.0971389
550.783 62.675 0.0942284
554.356 63.0064 0.0912518
557.952 63.3291 0.0882082
561.572 63.6427 0.0850971
565.215 63.9469 0.0819178
568.882 64.2414 0.0786696
572.572 64.5256 0.0753519
576.287 64.7992 0.0719641
580.025 65.0617 0.0685055
583.788 65.3129 0.0649756
587.575 65.5521 0.0613736
591.387 65.7791 0.057699
595.224 65.9933 0.0539513
599.085 66.1942 0.0501298
602.971 66.3815 0.0462339
606.883 66.5545 0.0422632
610.82 66.713 0.038217
614.783 66.8562 0.0340949
618.771 66.9839 0.0298963
622.785 67.0953 0.0256207
626.826 67.19 0.0212676
630.892 67.2675 0.0168366
634.985 67.3272 0.0123272
639.104 67.3685 0.00773891
643.25 67.3909 0.0030714
647.423 67.3973 0
651.623 67.3973 0
655.851 67.3973 0
660.105 67.3973 0
664.388 67.3973 0
668.698 67.3973 0
673.036 67.3973 0
677.402 67.3973 0
681.797 67.3973 0
686.22 67.3973 0
690.671 67.3973 0
695.152 67.3973 0
699.662 67.3973 0
704.201 67.3973 0
708.769 67.3973 0
713.367 67.3973 0
717.995 67.3973 0
722.653 67.3973 0
727.341 67.3973 0
732.06 67.3973 0
736.809 67.3973 0
741.589 67.3973 0
746.4 67.3973 0
751.242 67.3973 0
756.115 67.3973 0
761.021 67.3973 0
765.958 67.3973 0
770.927 67.3973 0
775.928 67.3973 0
780.962 67.3973 0
786.028 67.3973 0
791.127 67.3973 0
796.26 67.3973 0
801.425 67.3973 0
806.624 67.3973 0
811.857 67.3973 0
817.124 67.3973 0
822.425 67.3973 0
827.76 67.3973 0
833.13 67.3973 0
838.535 67.3973 0
843.975 67.3973 0
849.45 67.3973 0
854.961 67.3973 0
860.507 67.3973 0
866.09 67.3973 0
871.708 67.3973 0
877.363 67.3973 0
883.055 67.3973 0
888.784 67.3973 0
894.55 67.3973 0
900.353 67.3973 0
906.194 67.3973 0
912.073 67.3973 0
917.99 67.3973 0
923.945 67.3973 0
929.939 67.3973 0
935.972 67.3973 0
942.044 67.3973 0
948.155 67.3973 0
954.306 67.3973 0
960.497 67.3973 0
966.728 67.3973 0
973 67.3973 0
979.312 67.3973 0
985.665 67.3973 0
992.059 67.3973 0
998.495 67.3973 0
1004.97 67.3973 0
1011.49 67.3973 0
1018.05 67.3973 0
1024.66 67.3973 0
1031.31 67.3973 0
1038 67.3973 0
1044.73 67.3973 0
1051.51 67.3973 0
1058.33 67.3973 0
1065.2 67.3973 0
1072.11 67.3973 0
1079.06 67.3973 0
1086.06 67.3973 0
1093.11 67.3973 0
1100.2 67.3973 0
1107.34 67.3973 0
1114.52 67.3973 0
1121.75 67.3973 0
1129.03 67.3973 0
1136.35 67.3973 0
1143.72 67.3973 0
1151.14 67.3973 0
1158.61 67.3973 0
1166.13 67.3973 0
1173.69 67.3973 0
1181.31 67.3973 0
1188.97 67.3973 0
1196.68 67.3973 0
1204.45 67.3973 0
1212.26 67.3973 0
1220.12 67.3973 0
1228.04 67.3973 0
1236.01 67.3973 0
1244.02 67.3973 0
1252.09 67.3973 0
1260.22 67.3973 0
1268.39 67.3973 0
1276.62 67.3973 0
1284.9 67.3973 0
1293.24 67.3973 0
1301.63 67.3973 0
1310.07 67.3973 0
1318.57 67.3973 0
1327.13 67.3973 0
1335.74 67.3973 0
1344.4 67.3973 0
1353.12 67.3973 0
1361.9 67.3973 0
1370.74 67.3973 0
1379.63 67.3973 0
1388.58 67.3973 0
1397.59 67.3973 0
1406.65 67.3973 0
1415.78 67.3973 0
1424.96 67.3973 0
1434.21 67.3973 0
1443.51 67.3973 0
1452.88 67.3973 0
1462.3 67.3973 0
1471.79 67.3973 0
1481.34 67.3973 0
1490.95 67.3973 0
1500.62 67.3973 0
1510.35 67.3973 0
1520.15 67.3973 0
1530.01 67.3973 0
1539.94 67.3973 0
1549.93 67.3973 0
1559.98 67.3973 0
1570.1 67.3973 0
1580.29 67.3973 0
1590.54 67.3973 0
1600.86 67.3973 0
1611.25 67.3973 0
1621.7 67.3973 0
1632.22 67.3973 0
1642.81 67.3973 0
1653.47 67.3973 0
1664.19 67.3973 0
1674.99 67.3973 0
1685.85 67.3973 0
1696.79 67.3973 0
1707.8 67.3973 0
1718.88 67.3973 0
1730.03 67.3973 0
1741.25 67.3973 0
1752.55 67.3973 0
1763.92 67.3973 0
1775.36 67.3973 0
1786.88 67.3973 0
1798.47 67.3973 0
1810.14 67.3973 0
1821.88 67.3973 0
1833.7 67.3973 0
1845.6 67.3973 0
1857.57 67.3973 0
1869.62 67.3973 0
1881.75 67.3973 0
1893.96 67.3973 0
1906.24 67.3973 0
1918.61 67.3973 0
1931.06 67.3973 0
1943.58 67.3973 0
1956.19 67.3973 0
1968.88 67.3973 0
1981.66 67.3973 0
1994.51 67.3973 0
2007.45 67.3973 0
2020.47 67.3973 0
2033.58 67.3973 0
2046.77 67.3973 0
2060.05 67.3973 0
2073.42 67.3973 0
2086.87 67.3973 0
2100.41 67.3973 0
2114.03 67.3973 0
2127.75 67.3973 0
2141.55 67.3973 0
2155.44 67.3973 0
2169.43 67.3973 0
2183.5 67.3973 0
2197.66 67.3973 0
2211.92 67.3973 0
2226.27 67.3973 0
2240.71 67.3973 0
2255.25 67.3973 0
2269.88 67.3973 0
2284.61 67.3973 0
2299.43 67.3973 0
2314.34 67.3973 0
2329.36 67.3973 0
2344.47 67.3973 0
2359.68 67.3973 0
2374.99 67.3973 0
2390.39 67.3973 0
2405.9 67.3973 0
2421.51 67.3973 0
2437.22 67.3973 0
2453.03 67.3973 0
2468.94 67.3973 0
2484.96 67.3973 0
2501.08 67.3973 0
2517.31 67.3973 0
2533.64 67.3973 0
2550.07 67.3973 0
2566.62 67.3973 0
2583.27 67.3973 0
2600.03 67.3973 0
2616.89 67.3973 0
2633.87 67.3973 0
2650.96 67.3973 0
2668.15 67.3973 0
2685.46 67.3973 0
2702.89 67.3973 0
2720.42 67.3973 0
2738.07 67.3973 0
2755.83 67.3973 0
2773.71 67.3973 0
2791.7 67.3973 0
2809.81 67.3973 0
2828.04 67.3973 0
2846.39 67.3973 0
2864.85 67.3973 0
2883.44 67.3973 0
2902.15 67.3973 0
2920.97 67.3973 0
2939.92 67.3973 0
2958.99 67.3973 0
2978.19 67.3973 0
2997.51 67.3973 0
3016.96 67.3973 0
3036.53 67.3973 0
3056.23 67.3973 0
3076.05 67.3973 0
3096.01 67.3973 0
3116.1 67.3973 0
3136.31 67.3973 0
3156.66 67.3973 0
3177.14 67.3973 0
3197.75 67.3973 0
3218.49 67.3973 0
3239.37 67.3973 0
3260.39 67.3973 0
3281.54 67.3973 0
3302.83 67.3973 0
3324.25 67.3973 0
3345.82 67.3973 0
3367.52 67.3973 0
3389.37 67.3973 0
3411.36 67.3973 0
3433.49 67.3973 0
3455.76 67.3973 0
3478.18 67.3973 0
3500.75 67.3973 0
3523.46 67.3973 0
3546.31 67.3973 0
3569.32 67.3973 0
3592.48 67.3973 0
3615.78 67.3973 0
3639.24 67.3973 0
3662.85 67.3973 0
3686.61 67.3973 0
3710.53 67.3973 0
3734.6 67.3973 0
3758.82 67.3973 0
3783.21 67.3973 0
3807.75 67.3973 0
3832.45 67.3973 0
3857.32 67.3973 0
3882.34 67.3973 0
3907.53 67.3973 0
3932.88 67.3973 0
3958.39 67.3973 0
3984.07 67.3973 0
4009.92 67.3973 0
4035.93 67.3973 0
4062.11 67.3973 0
4088.47 67.3973 0
4114.99 67.3973 0
4141.68 67.3973 0
4168.55 67.3973 0
4195.6 67.3973 0
4222.81 67.3973 0
4250.21 67.3973 0
4277.78 67.3973 0
4305.53 67.3973 0
4333.46 67.3973 0
4361.58 67.3973 0
4389.87 67.3973 0
4418.35 67.3973 0
4447.01 67.3973 0
4475.86 67.6994 0.0209439
4504.9 68.621 0.0425325
4534.12 70.1771 0.0639591
4563.54 72.3708 0.085199
4593.14 75.2044 0.106228
4622.94 78.6796 0.127023
4652.93 82.797 0.14756
4683.12 87.5569 0.167819
4713.5 92.9586 0.187778
4744.08 99.0008 0.207418
4774.85 105.681 0.226719
4805.83 112.998 0.245664
4837.01 120.946 0.264238
4868.39 129.523 0.282425
4899.97 138.724 0.300213
4931.76 148.543 0.317588
4963.75 158.975 0.33454
4995.95 170.014 0.35106
5028.36 181.653 0.367141
5060.98 193.884 0.382775
5093.82 206.701 0.397959
5126.86 220.095 0.412687
5160.12 234.058 0.426958
5193.6 248.582 0.440771
5227.29 263.658 0.454126
5261.2 279.276 0.467024
5295.33 295.429 0.479468
5329.68 312.106 0.491462
5364.26 329.298 0.503009
5399.06 346.996 0.514115
5434.09 365.19 0.524786
5469.34 383.871 0.53503
5504.82 403.029 0.544854
5540.53 422.655 0.554267
5576.48 442.739 0.563277
5612.65 463.272 0.571893
5649.06 484.245 0.580126
5685.71 505.649 0.587986
5722.6 527.476 0.595483
5759.72 549.715 0.602627
5797.09 572.36 0.609431
5834.69 595.401 0.615904
5872.55 618.83 0.622058
5910.64 642.64 0.627904
5948.99 666.823 0.633453
5987.58 691.372 0.638716
6026.42 716.279 0.643704
6065.52 741.537 0.648428
6104.87 767.14 0.652898
6144.47 793.082 0.657126
6184.33 819.355 0.661121
6224.45 845.955 0.664895
6264.83 872.875 0.668455
6305.48 900.111 0.671813
6346.38 927.657 0.674978
6387.55 955.508 0.677959
6428.99 983.66 0.680764
6470.7 1012.11 0.683403
6512.68 1040.85 0.685884
6554.93 1069.88 0.688214
6597.45 1099.19 0.690402
6640.25 1128.78 0.692454
6683.33 1158.65 0.694379
6726.69 1188.8 0.696183
6770.32 1219.21 0.697872
6814.25 1249.9 0.699453
6858.45 1280.85 0.700932
6902.95 1312.07 0.702314
6947.73 1343.55 0.703606
6992.8 1375.29 0.704812
7038.16 1407.29 0.705938
7083.82 1439.55 0.706987
7129.78 1472.06 0.707966
7176.03 1504.83 0.708878
7222.59 1537.85 0.709726
7269.44 1571.12 0.710516
7316.6 1604.64 0.711251
7364.07 1638.42 0.711933
7411.84 1672.45 0.712567
7459.92 1706.72 0.713156
7508.32 1741.25 0.713702
7557.03 1776.03 0.714209
7606.05 1811.05 0.714678
7655.39 1846.33 0.715113
7705.06 1881.85 0.715515
7755.04 1917.63 0.715888
7805.35 1953.65 0.716232
7855.99 1989.93 0.71655
7906.95 2026.45 0.716844
7958.25 2063.23 0.717115
8009.88 2100.26 0.717365
8061.84 2137.54 0.717596
8114.14 2175.08 0.717809
8166.78 2212.87 0.718004
8219.76 2250.91 0.718184
8273.08 2289.21 0.71835
8326.76 2327.77 0.718502
8380.77 2366.59 0.718642
8435.14 2405.66 0.718771
8489.86 2445 0.718888
8544.94 2484.6 0.718996
8600.38 2524.46 0.719095
8656.17 2564.58 0.719186
8712.32 2604.97 0.719269
8768.84 2645.62 0.719345
8825.73 2686.55 0.719414
8882.99 2727.74 0.719478
8940.61 2769.2 0.719536
8998.61 2810.94 0.719588
9056.99 2852.95 0.719637
9115.75 2895.23 0.71968
9174.89 2937.79 0.71972
9234.41 2980.63 0.719757
9294.31 3023.75 0.71979
9354.61 3067.15 0.71982
9415.29 3110.84 0.719847
9476.38 3154.81 0.719872
9537.85 3199.06 0.719894
9599.73 3243.61 0.719915
9662 3288.44 0.719933
9724.68 3333.57 0.71995
9787.77 3378.99 0.719965
9851.27 3424.7 0.719979
9915.18 3470.72 0.719991
9979.5 3517.03 0.720002
10044.2 3563.64 0.720012
10109.4 3610.56 0.720021
10175 3657.78 0.720029
10241 3705.31 0.720037
10307.4 3753.15 0.720043
10374.3 3801.29 0.720049
10441.6 3849.76 0.720054
10509.3 3898.53 0.720059
10577.5 3947.62 0.720063
10646.1 3997.03 0.720067
10715.2 4046.77 0.720071
10784.7 4096.82 0.720074
10854.7 4147.2 0.720077
10925.1 4197.91 0.720079
10996 4248.94 0.720081
11067.3 4300.31 0.720083
11139.1 4352.01 0.720085
11211.4 4404.04 0.720086
11284.1 4456.42 0.720088
11357.3 4509.13 0.720089
11431 4562.19 0.72009
11505.1 4615.59 0.720091
11579.8 4669.33 0.720092
11654.9 4723.43 0.720093
11730.5 4777.87 0.720093
11806.6 4832.67 0.720094
11883.2 4887.83 0.720095
11960.3 4943.34 0.720095
12037.9 4999.21 0.720095
12116 5055.45 0.720096
12194.6 5112.05 0.720096
12273.7 5169.01 0.720096
12353.3 5226.35 0.720097
12433.5 5284.06 0.720097
12514.1 5342.14 0.720097
12595.3 5400.6 0.720097
12677 5459.44 0.720097
12759.2 5518.66 0.720097
12842 5578.27 0.720098
12925.3 5638.26 0.720098
13009.2 5698.64 0.720098
13093.6 5759.41 0.720098
13178.5 5820.58 0.720098
13264 5882.15 0.720098
13350.1 5944.11 0.720098
13436.7 6006.47 0.720098
13523.8 6069.24 0.720098
13611.6 6132.42 0.720098
13699.9 6196.01 0.720098
13788.8 6260.01 0.720098
13878.2 6324.42 0.720098
13968.2 6389.25 0.720098
14058.9 6454.51 0.720098
14150.1 6520.18 0.720098
14241.9 6586.29 0.720098
14334.2 6652.82 0.720098
14427.2 6719.78 0.720098
14520.8 6787.18 0.720098
14615 6855.01 0.720098
14709.8 6923.29 0.720098
14805.3 6992 0.720098
14901.3 7061.17 0.720098
14998 7130.78 0.720098
15095.3 7200.84 0.720098
15193.2 7271.36 0.720098
15291.8 7342.34 0.720098
15391 7413.77 0.720098
15490.8 7485.67 0.720098
15591.3 7558.04 0.720098
15692.5 7630.87 0.720098
15794.3 7704.18 0.720098
15896.7 7777.97 0.720098
15999.9 7852.23 0.720098
16103.7 7926.97 0.720098
16208.1 8002.2 0.720098
16313.3 8077.92 0.720098
16419.1 8154.13 0.720098
16525.6 8230.83 0.720098
16632.8 8308.03 0.720098
16740.7 8385.73 0.720098
16849.3 8463.93 0.720098
16958.7 8542.65 0.720098
17068.7 8621.87 0.720098
17179.4 8701.61 0.720098
17290.8 8781.86 0.720098
17403 8862.63 0.720098
17515.9 8943.93 0.720098
17629.6 9025.76 0.720098
17743.9 9108.12 0.720098
17859 9191.01 0.720098
17974.9 9274.44 0.720098
18091.5 9358.41 0.720098
18208.9 9442.92 0.720098
18327 9527.99 0.720098
18445.9 9613.6 0.720098
18565.5 9699.77 0.720098
18686 9786.5 0.720098
18807.2 9873.79 0.720098
18929.2 9961.65 0.720098
19052 10050.1 0.720098
19175.6 10139.1 0.720098
19300 10228.7 0.720098
19425.2 10318.8 0.720098
19551.2 10409.6 0.720098
19678.1 10500.9 0.720098
19805.7 10592.8 0.720098
19934.2 10685.4 0.720098
20063.5 10778.5 0.720098
20193.7 10872.2 0.720098
20324.7 10966.5 0.720098
20456.6 11061.5 0.720098
20589.3 11157 0.720098
20722.8 11253.2 0.720098
20857.3 11350 0.720098
20992.6 11447.5 0.720098
21128.8 11545.5 0.720098
21265.8 11644.2 0.720098
21403.8 11743.6 0.720098
21542.7 11843.6 0.720098
21682.4 11944.2 0.720098
21823.1 12045.5 0.720098
21964.6 12147.5 0.720098
22107.1 12250.1 0.720098
22250.6 12353.3 0.720098
22394.9 12457.3 0.720098
22540.2 12561.9 0.720098
22686.4 12667.2 0.720098
22833.6 12773.2 0.720098
22981.7 12879.8 0.720098
23130.8 12987.2 0.720098
23280.9 13095.3 0.720098
23431.9 13204 0.720098
23583.9 13313.5 0.720098
23736.9 13423.7 0.720098
23890.9 13534.5 0.720098
24045.9 13646.1 0.720098
24201.9 13758.5 0.720098
24358.9 13871.5 0.720098
24516.9 13985.3 0.720098
24676 14099.9 0.720098
24836 14215.1 0.720098
24997.2 14331.2 0.720098
25159.3 14447.9 0.720098
25322.5 14565.5 0.720098
25486.8 14683.8 0.720098
25652.2 14802.8 0.720098
25818.6 14922.7 0.720098
25986.1 15043.3 0.720098
26154.7 15164.7 0.720098
26324.3 15286.9 0.720098
26495.1 15409.8 0.720098
26667 15533.6 0.720098
26840 15658.2 0.720098
27014.1 15783.6 0.720098
27189.4 15909.8 0.720098
27365.7 16036.8 0.720098
27543.3 16164.6 0.720098
27722 16293.3 0.720098
27901.8 16422.8 0.720098
28082.8 16553.1 0.720098
28265 16684.3 0.720098
28448.4 16816.4 0.720098
28632.9 16949.3 0.720098
28818.7 17083 0.720098
29005.6 17217.6 0.720098
29193.8 17353.1 0.720098
29383.2 17489.5 0.720098
29573.8 17626.8 0.720098
29765.7 17764.9 0.720098
29958.8 17904 0.720098
30153.1 18043.9 0.720098
30348.7 18184.8 0.720098
30545.6 18326.6 0.720098
30743.8 18469.3 0.720098
30943.2 18612.9 0.720098
31143.9 18757.5 0.720098
31346 18902.9 0.720098
31549.3 19049.4 0.720098
31754 19196.8 0.720098
31960 19345.1 0.720098
32167.3 19494.4 0.720098
32376 19644.7 0.720098
32586.1 19795.9 0.720098
32797.5 19948.1 0.720098
33010.2 20101.4 0.720098
33224.4 20255.6 0.720098
33439.9 20410.8 0.720098
33656.9 20567 0.720098
33875.2 20724.2 0.720098
34095 20882.5 0.720098
34316.1 21041.7 0.720098
34538.8 21202.1 0.720098
34762.8 21363.4 0.720098
34988.3 21525.8 0.720098
35215.3 21689.3 0.720098
35443.8 21853.8 0.720098
35673.7 22019.3 0.720098
35905.1 22186 0.720098
36138.1 22353.7 0.720098
36372.5 22522.5 0.720098
36608.5 22692.5 0.720098
36846 22863.5 0.720098
37085 23035.6 0.720098
37325.6 23208.8 0.720098
37567.7 23383.2 0.720098
37811.4 23558.7 0.720098
38056.7 23735.3 0.720098
38303.6 23913.1 0.720098
38552.1 24092.1 0.720098
38802.2 24272.2 0.720098
39053.9 24453.4 0.720098
39307.3 24635.9 0.720098
39562.3 24819.5 0.720098
39819 25004.3 0.720098
40077.3 25190.3 0.720098
40337.3 25377.6 0.720098
40599 25566 0.720098
40862.3 25755.7 0.720098
41127.4 25946.5 0.720098
41394.2 26138.7 0.720098
41662.8 26332 0.720098
41933.1 26526.7 0.720098
42205.1 26722.6 0.720098
42478.9 26919.7 0.720098
42754.5 27118.2 0.720098
43031.8 27317.9 0.720098
43311 27518.9 0.720098
43592 27721.2 0.720098
43874.8 27924.9 0.720098
44159.4 28129.9 0.720098
44445.9 28336.1 0.720098
44734.2 28543.8 0.720098
45024.4 28752.8 0.720098
45316.5 28963.1 0.720098
45610.5 29174.8 0.720098
45906.4 29387.9 0.720098
46204.2 29602.3 0.720098
46503.9 29818.2 0.720098
46805.6 30035.4 0.720098
47109.3 30254.1 0.720098
47414.9 30474.1 0.720098
47722.5 30695.6 0.720098
48032.1 30918.6 0.720098
48343.7 31142.9 0.720098
48657.3 31368.8 0.720098
48972.9 31596.1 0.720098
49290.7 31824.9 0.720098
49610.4 32055.1 0.720098
49932.3 32286.9 0.720098
50256.2 32520.1 0.720098
50582.2 32754.9 0.720098
50910.4 32991.2 0.720098
51240.6 33229 0.720098
51573.1 33468.4 0.720098
51907.6 33709.3 0.720098
52244.4 33951.8 0.720098
52583.3 34195.9 0.720098
52924.4 34441.5 0.720098
53267.8 34688.8 0.720098
53613.3 34937.6 0.720098
53961.1 35188.1 0.720098
54311.2 35440.2 0.720098
54663.5 35693.9 0.720098
55018.2 35949.2 0.720098
55375.1 36206.3 0.720098
55734.3 36464.9 0.720098
56095.9 36725.3 0.720098
