5.78741e-09 5.95396e-15 4.29514e-06
5.8738e-08 3.33166e-13 8.58285e-06
5.86595e-07 1.45059e-11 3.56977e-05
4.6076e-06 3.38009e-10 8.97843e-05
5.86875e-06 4.61297e-10 0.000114002
2.3369e-05 3.31505e-09 0.000192532
7.39119e-05 1.62978e-08 0.000292274
0.000147358 4.17301e-08 0.000330144
0.000152693 4.34471e-08 0.000292479
0.000165528 4.67976e-08 0.000304172
0.000294481 1.01986e-07 0.000463041
0.000466785 1.89679e-07 0.00054542
0.000739961 3.52227e-07 0.00041641
0.000792747 3.70702e-07 0.000446592
0.000859333 4.13069e-07 0.00055442
0.000931697 4.48502e-07 0.00055104
0.00117285 6.10601e-07 0.000697128
0.00147667 8.31244e-07 0.000750516
0.0017323 1.02935e-06 0.000535855
0.00185963 1.08409e-06 0.000525282
0.00294795 2.00733e-06 0.000908255
0.00467391 3.71532e-06 0.00105104
0.00633042 5.56999e-06 0.00091467
0.0070765 6.16755e-06 0.00093479
0.00933155 8.92099e-06 0.00127133
0.0117504 1.21316e-05 0.00137956
0.0154948 1.7543e-05 0.00122736
0.0177925 2.00421e-05 0.00125466
0.0234638 2.89812e-05 0.00164107
0.0295474 3.94039e-05 0.00177172
0.0354913 5.03041e-05 0.00128079
0.0389653 5.38549e-05 0.00125817
0.0549487 8.51279e-05 0.00191362
0.0590129 9.27925e-05 0.00199187
0.0713035 0.000119369 0.00114686
0.0787306 0.000125461 0.00110854
0.10265 0.000178607 0.00176378
0.112568 0.000193736 0.00180901
0.132297 0.000240204 0.00240921
0.146764 0.000275794 0.00181491
0.15911 0.000293738 0.00177613
0.191354 0.000375514 0.00260957
0.227502 0.000472769 0.000973271
0.245257 0.000484229 0.000805937
0.256566 0.000495831 0.00103354
0.268397 0.000508152 0.00104919
0.280773 0.000521236 0.00106507
0.293719 0.00053513 0.0010812
0.307263 0.000549885 0.00109757
0.321432 0.000565555 0.00111419
0.336253 0.000582195 0.00113106
0.351758 0.000599866 0.00114818
0.367978 0.000618631 0.00116556
0.384946 0.000638559 0.00118321
0.402697 0.000659722 0.00120112
0.421266 0.000682195 0.00121931
0.440691 0.000706061 0.00123777
0.461012 0.000731406 0.00125651
0.48227 0.00075832 0.00127553
0.504508 0.000786902 0.00129484
0.527771 0.000817254 0.00131445
0.552107 0.000849487 0.00133435
0.577566 0.000883717 0.00135455
0.604198 0.000920067 0.00137506
0.632059 0.000958668 0.00139588
0.661204 0.000999662 0.00141701
0.691693 0.00104319 0.00143847
0.723588 0.00108942 0.00146024
0.756953 0.00113852 0.00148235
0.791857 0.00119065 0.00150479
0.828371 0.00124602 0.00152758
0.866568 0.00130481 0.00155071
0.906527 0.00136725 0.00157418
0.948328 0.00143355 0.00159802
0.992057 0.00150396 0.00162221
1.0378 0.00157874 0.00164677
1.08566 0.00165815 0.0016717
1.13572 0.00174247 0.00169701
1.18809 0.00183202 0.00172271
1.24287 0.00192712 0.00174879
1.30018 0.00202811 0.00177526
1.36014 0.00213535 0.00180214
1.42285 0.00224924 0.00182943
1.48846 0.00237018 0.00185712
1.5571 0.00249862 0.00188524
1.6289 0.00263501 0.00191378
1.70401 0.00277985 0.00194276
1.78258 0.00293367 0.00197217
1.86478 0.00309701 0.00200203
1.95077 0.00327047 0.00203234
2.04072 0.00345468 0.00206311
2.13482 0.0036503 0.00209435
2.23326 0.00385804 0.00212606
2.33624 0.00407865 0.00215824
2.44396 0.00431292 0.00219092
2.55666 0.00456171 0.00222409
2.67455 0.00482591 0.00225776
2.79788 0.00510648 0.00229195
2.92689 0.00540443 0.00232665
3.06185 0.00572083 0.00236187
3.20304 0.00605684 0.00239763
3.35074 0.00641366 0.00243393
3.50524 0.00679259 0.00247078
3.66688 0.00719499 0.00250819
3.83596 0.00762232 0.00254616
4.01284 0.00807613 0.00258471
4.19788 0.00855804 0.00262385
4.39145 0.00906982 0.00266357
4.59395 0.00961329 0.0027039
4.80578 0.0101904 0.00274483
5.02738 0.0108033 0.00278639
5.2592 0.0114542 0.00282858
5.50171 0.0121454 0.0028714
5.7554 0.0128794 0.00291488
6.02079 0.0136589 0.00295901
6.29841 0.0144866 0.00300381
6.58884 0.0153657 0.00304928
6.89266 0.0162992 0.00309545
7.21049 0.0172905 0.00314232
7.54298 0.0183433 0.00318989
7.8908 0.0194612 0.00323819
8.25465 0.0206484 0.00328721
8.63529 0.0219092 0.00333698
9.03347 0.0232481 0.0033875
9.45002 0.0246699 0.00343879
9.88577 0.0261798 0.00349085
10.3416 0.0277832 0.00354371
10.8185 0.029486 0.00359736
11.3173 0.0312942 0.00365182
11.8392 0.0332145 0.00370711
12.3851 0.0352537 0.00376324
12.9562 0.0374193 0.00382021
13.5536 0.039719 0.00387805
14.1786 0.0421611 0.00393677
14.8324 0.0447546 0.00399637
15.5164 0.0475087 0.00405687
16.2318 0.0504335 0.00411829
16.9803 0.0535394 0.00418065
17.7633 0.0568378 0.00424394
18.5824 0.0603405 0.0043082
19.4392 0.0640601 0.00437342
20.3356 0.0680102 0.00443964
21.2733 0.072205 0.00450685
22.2543 0.0766597 0.00457509
23.2804 0.0813904 0.00464435
24.3539 0.0864141 0.00471467
25.4769 0.091749 0.00478605
26.6517 0.0974144 0.00485851
27.8806 0.103431 0.00493207
29.1662 0.10982 0.00500674
30.5111 0.116605 0.00508254
31.9181 0.12381 0.00515949
33.3898 0.131462 0.00523761
34.9295 0.139587 0.00531691
36.5401 0.148216 0.0053974
38.225 0.15738 0.00547912
39.9877 0.167111 0.00556208
41.8315 0.177445 0.00564629
43.7605 0.188419 0.00573177
45.7783 0.200073 0.00581855
47.8892 0.212449 0.00590664
50.0974 0.225592 0.00599607
52.4075 0.239549 0.00608685
54.8241 0.254371 0.00617901
57.3521 0.27011 0.00627256
59.9967 0.286825 0.00636752
62.7632 0.304575 0.00646393
65.6573 0.323425 0.00656179
68.6849 0.343443 0.00666114
71.852 0.364701 0.00676199
75.1652 0.387275 0.00686552
75.1652 0.387275 0.00686451
75.6528 0.390684 0.00711606
76.1436 0.394239 0.00736927
76.6376 0.397942 0.00762416
77.1348 0.401796 0.00788074
77.6352 0.405804 0.00813902
78.1388 0.409969 0.00839902
78.6457 0.414293 0.00866073
79.1559 0.418779 0.00892418
79.6694 0.42343 0.00918938
80.1863 0.428248 0.00945633
80.7065 0.433237 0.00972506
81.23 0.4384 0.00999556
81.757 0.443739 0.0102679
82.2874 0.449257 0.010542
82.8212 0.454959 0.0108179
83.3585 0.460846 0.0110956
83.8993 0.466921 0.0113752
84.4436 0.473189 0.0116567
84.9914 0.479653 0.01194
85.5428 0.486315 0.0122251
86.0977 0.493179 0.0125122
86.6563 0.500248 0.0128012
87.2184 0.507526 0.0130921
87.7842 0.515017 0.0133849
88.3537 0.522723 0.0136796
88.9269 0.530649 0.0139764
89.5038 0.538798 0.014275
90.0845 0.547174 0.0145757
90.6689 0.555781 0.0148783
91.2571 0.564622 0.015183
91.8491 0.573701 0.0154896
92.4449 0.583023 0.0157983
93.0447 0.59259 0.016109
93.6483 0.602409 0.0164218
94.2558 0.612481 0.0167367
94.8673 0.622812 0.0170536
95.4827 0.633405 0.0173727
96.1021 0.644266 0.0176938
96.7256 0.655398 0.0180171
97.3531 0.666806 0.0183425
97.9847 0.678494 0.0186701
98.6203 0.690466 0.0189998
99.2601 0.702728 0.0193318
99.904 0.715284 0.0196659
100.552 0.728139 0.0200022
101.204 0.741297 0.0203407
101.861 0.754764 0.0206815
102.522 0.768544 0.0210246
103.187 0.782642 0.0213699
103.856 0.797063 0.0217174
104.53 0.811813 0.0220673
105.208 0.826897 0.0224195
105.891 0.84232 0.022774
106.578 0.858087 0.0231309
107.269 0.874204 0.0234901
107.965 0.890677 0.0238517
108.665 0.90751 0.0242156
109.37 0.92471 0.024582
110.08 0.942282 0.0249508
110.794 0.960233 0.025322
111.513 0.978568 0.0256956
112.236 0.997292 0.0260718
112.964 1.01641 0.0264504
113.697 1.03594 0.0268315
114.435 1.05587 0.0272151
115.177 1.07622 0.0276012
115.924 1.09699 0.0279899
116.676 1.11818 0.0283811
117.433 1.13981 0.0287749
118.195 1.16189 0.0291713
118.962 1.18441 0.0295703
119.734 1.20738 0.029972
120.51 1.23082 0.0303762
121.292 1.25473 0.0307832
122.079 1.27911 0.0311928
122.871 1.30398 0.0316051
123.668 1.32934 0.03202
124.47 1.35519 0.0324378
125.278 1.38155 0.0328582
126.091 1.40843 0.0332814
126.909 1.43583 0.0337074
127.732 1.46376 0.0341362
128.561 1.49222 0.0345678
129.395 1.52123 0.0350022
130.234 1.5508 0.0354395
131.079 1.58093 0.0358796
131.929 1.61163 0.0363226
132.785 1.6429 0.0367685
133.646 1.67477 0.0372173
134.513 1.70723 0.037669
135.386 1.7403 0.0381237
136.264 1.77399 0.0385814
137.148 1.8083 0.039042
138.038 1.84324 0.0395057
138.934 1.87883 0.0399724
139.835 1.91507 0.0404421
140.742 1.95197 0.0409148
141.655 1.98954 0.0413907
142.574 2.0278 0.0418696
143.499 2.06675 0.0423517
144.43 2.1064 0.0428368
145.367 2.14677 0.0433252
146.31 2.18786 0.0438167
147.259 2.22968 0.0443114
148.215 2.27225 0.0448093
149.176 2.31558 0.0453104
150.144 2.35967 0.0458147
151.118 2.40454 0.0463224
152.098 2.45021 0.0468333
153.085 2.49667 0.0473475
154.078 2.54395 0.047865
155.078 2.59205 0.0483859
156.084 2.64099 0.0489101
157.096 2.69079 0.0494377
158.115 2.74144 0.0499687
159.141 2.79297 0.0505031
160.173 2.84539 0.0510409
161.213 2.89871 0.0515822
162.258 2.95294 0.052127
163.311 3.0081 0.0526753
164.37 3.0642 0.0532271
165.437 3.12125 0.0537824
166.51 3.17927 0.0543412
167.59 3.23828 0.0549037
168.678 3.29827 0.0554697
169.772 3.35929 0.0560393
170.873 3.42132 0.0566126
171.982 3.4844 0.0571895
173.097 3.54853 0.0577701
174.22 3.61373 0.0583543
175.351 3.68001 0.0589423
176.488 3.7474 0.059534
177.633 3.8159 0.0601294
178.785 3.88554 0.0607287
179.945 3.95633 0.0613317
181.113 4.02828 0.0619385
182.288 4.10141 0.0625491
183.47 4.17574 0.0631636
184.66 4.25129 0.0637819
185.858 4.32807 0.0644041
187.064 4.4061 0.0650303
188.278 4.4854 0.0656603
189.499 4.56599 0.0662943
190.728 4.64788 0.0669322
191.966 4.73109 0.0675742
193.211 4.81565 0.0682201
194.464 4.90156 0.06887
195.726 4.98886 0.069524
196.996 5.07756 0.0701821
198.274 5.16767 0.0708442
199.56 5.25922 0.0715104
200.855 5.35224 0.0721807
202.158 5.44673 0.0728552
203.469 5.54272 0.0735338
204.789 5.64023 0.0742166
206.118 5.73929 0.0749036
207.455 5.83991 0.0755947
208.801 5.94212 0.0762901
210.155 6.04593 0.0769898
211.519 6.15137 0.0776937
212.891 6.25847 0.0784019
214.272 6.36724 0.0791143
215.662 6.47771 0.0798311
217.061 6.58991 0.0805522
218.469 6.70385 0.0812777
219.886 6.81956 0.0820075
221.313 6.93707 0.0827418
222.749 7.05639 0.0834804
224.194 7.17756 0.0842234
225.648 7.3006 0.0849709
227.112 7.42554 0.0857228
228.585 7.5524 0.0864791
230.068 7.6812 0.08724
231.561 7.81198 0.0880053
233.063 7.94476 0.0887752
234.575 8.07957 0.0895496
236.097 8.21644 0.0903285
237.628 8.35539 0.091112
239.17 8.49645 0.0919
240.722 8.63966 0.0926926
242.283 8.78503 0.0934899
243.855 8.93261 0.0942917
245.437 9.08241 0.0950981
247.029 9.23448 0.0959092
248.632 9.38883 0.096725
250.245 9.54551 0.0975453
251.868 9.70454 0.0983704
253.502 9.86595 0.0992001
255.147 10.0298 0.100035
256.802 10.196 0.100874
258.468 10.3648 0.101718
260.145 10.5361 0.102566
261.832 10.7099 0.103419
263.531 10.8863 0.104277
265.24 11.0653 0.10514
266.961 11.247 0.106008
268.693 11.4313 0.10688
270.436 11.6184 0.107757
272.191 11.8082 0.108639
273.956 12.0008 0.109525
275.734 12.1963 0.110417
277.522 12.3946 0.111313
279.323 12.5958 0.112214
281.135 12.7999 0.11312
282.959 13.0071 0.11403
284.794 13.2172 0.114946
286.642 13.4305 0.115866
288.501 13.6468 0.116791
290.373 13.8662 0.11772
292.257 14.0889 0.118655
294.153 14.3147 0.119594
296.061 14.5439 0.120538
297.982 14.7763 0.121487
299.915 15.012 0.122441
301.86 15.2512 0.123399
303.819 15.4938 0.124363
305.79 15.7399 0.12533
307.773 15.9895 0.126303
309.77 16.2426 0.127281
311.78 16.4994 0.128263
313.802 16.7598 0.12925
315.838 17.0239 0.130242
317.887 17.2918 0.131238
319.949 17.5635 0.132239
322.025 17.839 0.133245
324.114 18.1184 0.134255
326.217 18.4018 0.13527
328.333 18.6891 0.13629
330.463 18.9805 0.137314
332.607 19.276 0.138343
334.764 19.5756 0.139376
336.936 19.8795 0.140414
339.122 20.1875 0.141456
341.322 20.4999 0.142503
343.536 20.8166 0.143554
345.765 21.1377 0.14461
348.008 21.4632 0.14567
350.266 21.7933 0.146735
352.538 22.128 0.147804
354.825 22.4672 0.148877
357.127 22.8112 0.149954
359.444 23.1598 0.151036
361.776 23.5133 0.152121
364.123 23.8716 0.153211
366.485 24.2348 0.154305
368.862 24.603 0.155403
371.255 24.9761 0.156505
373.664 25.3544 0.157611
376.088 25.7378 0.158721
378.528 26.1264 0.159835
380.983 26.5203 0.160952
383.455 26.9195 0.162073
385.942 27.3241 0.163198
388.446 27.7341 0.164326
390.966 28.1496 0.165458
393.502 28.5707 0.166594
396.055 28.9974 0.167732
398.625 29.4299 0.168875
401.211 29.8681 0.17002
403.813 30.3121 0.171169
406.433 30.762 0.17232
409.07 31.2179 0.173475
411.724 31.6798 0.174633
414.395 32.1478 0.175793
417.083 32.6219 0.176956
419.789 33.1023 0.178122
422.512 33.589 0.179291
425.253 34.082 0.180462
428.012 34.5815 0.181635
430.788 35.0875 0.182811
433.583 35.6 0.183988
436.396 36.1192 0.185168
439.227 36.6451 0.18635
442.076 37.1777 0.187534
444.944 37.7173 0.188719
447.831 38.2637 0.189906
450.736 38.8172 0.191094
453.66 39.3777 0.192284
456.603 39.9453 0.193474
459.565 40.5202 0.194666
462.547 41.1024 0.195859
465.547 41.6919 0.197053
468.567 42.2888 0.198247
471.607 42.8932 0.199441
474.667 43.5053 0.200636
477.746 44.1249 0.201831
480.845 44.7523 0.203027
483.965 45.3875 0.204221
487.104 46.0306 0.205416
490.264 46.6816 0.20661
493.445 47.3406 0.207803
496.646 48.0077 0.208995
499.868 48.683 0.210187
503.111 49.3665 0.211377
506.375 50.0584 0.212565
509.66 50.7586 0.213752
512.966 51.4673 0.214936
516.294 52.1845 0.216119
519.643 52.9104 0.217299
523.014 53.6449 0.218477
526.407 54.3882 0.219652
529.822 55.1403 0.220824
533.26 55.9013 0.221992
536.719 56.6713 0.223157
540.201 57.4503 0.224319
543.705 58.2384 0.225476
547.233 59.0358 0.226629
550.783 59.8424 0.227777
554.356 60.6583 0.228921
557.952 61.4836 0.230059
561.572 62.3184 0.231192
565.215 63.1627 0.232319
568.882 64.0166 0.23344
572.572 64.8802 0.234555
576.287 65.7535 0.235663
580.025 66.6366 0.236764
583.788 67.5296 0.237858
587.575 68.4324 0.238945
591.387 69.3453 0.240023
595.224 70.2682 0.241093
599.085 71.2012 0.242155
602.971 72.1444 0.243207
606.883 73.0978 0.24425
610.82 74.0615 0.245284
614.783 75.0354 0.246307
618.771 76.0198 0.247319
622.785 77.0146 0.248321
626.826 78.0199 0.249312
630.892 79.0357 0.250291
634.985 80.0621 0.251257
639.104 81.0991 0.252212
643.25 82.1467 0.253153
647.423 83.205 0.254081
651.623 84.2741 0.254995
655.851 85.354 0.255894
660.105 86.4446 0.256779
664.388 87.5461 0.257649
668.698 88.6584 0.258503
673.036 89.7816 0.259341
677.402 90.9158 0.260162
681.797 92.0608 0.260966
686.22 93.2168 0.261753
690.671 94.3838 0.262521
695.152 95.5618 0.26327
699.662 96.7507 0.264001
704.201 97.9506 0.264711
708.769 99.1615 0.265402
713.367 100.383 0.266071
717.995 101.616 0.266719
722.653 102.86 0.267345
727.341 104.115 0.267949
732.06 105.38 0.268529
736.809 106.657 0.269086
741.589 107.944 0.269618
746.4 109.243 0.270126
751.242 110.552 0.270608
756.115 111.872 0.271064
761.021 113.203 0.271493
765.958 114.544 0.271895
770.927 115.896 0.272269
775.928 117.259 0.272615
780.962 118.632 0.272931
786.028 120.015 0.273217
791.127 121.409 0.273473
796.26 122.813 0.273697
801.425 124.227 0.273889
806.624 125.652 0.274049
811.857 127.086 0.274176
817.124 128.53 0.274269
822.425 129.984 0.274327
827.76 131.448 0.274349
833.13 132.921 0.274336
838.535 134.404 0.274286
843.975 135.896 0.274199
849.45 137.397 0.274073
854.961 138.907 0.273908
860.507 140.425 0.273704
866.09 141.953 0.27346
871.708 143.488 0.273175
877.363 145.032 0.272848
883.055 146.584 0.272478
888.784 148.144 0.272065
894.55 149.711 0.271609
900.353 151.286 0.271108
906.194 152.868 0.270561
912.073 154.457 0.269969
917.99 156.052 0.269329
923.945 157.654 0.268642
929.939 159.262 0.267907
935.972 160.876 0.267123
942.044 162.495 0.266289
948.155 164.12 0.265405
954.306 165.75 0.26447
960.497 167.384 0.263484
966.728 169.023 0.262444
973 170.665 0.261352
979.312 172.311 0.260206
985.665 173.96 0.259006
992.059 175.613 0.25775
998.495 177.267 0.256439
1004.97 178.924 0.255071
1011.49 180.582 0.253646
1018.05 182.242 0.252164
1024.66 183.902 0.250624
1031.31 185.563 0.249024
1038 187.223 0.247366
1044.73 188.883 0.245647
1051.51 190.542 0.243868
1058.33 192.199 0.242028
1065.2 193.855 0.240127
1072.11 195.507 0.238164
1079.06 197.157 0.236138
1086.06 198.802 0.234049
1093.11 200.444 0.231897
1100.2 202.08 0.229681
1107.34 203.711 0.227402
1114.52 205.337 0.225058
1121.75 206.955 0.222649
1129.03 208.566 0.220175
1136.35 210.17 0.217636
1143.72 211.765 0.215031
1151.14 213.35 0.212361
1158.61 214.926 0.209624
1166.13 216.491 0.206822
1173.69 218.045 0.203953
1181.31 219.586 0.201018
1188.97 221.115 0.198017
1196.68 222.631 0.19495
1204.45 224.132 0.191816
1212.26 225.619 0.188617
1220.12 227.089 0.185351
1228.04 228.543 0.182019
1236.01 229.98 0.178622
1244.02 231.398 0.175159
1252.09 232.797 0.17163
1260.22 234.177 0.168037
1268.39 235.536 0.16438
1276.62 236.873 0.160658
1284.9 238.188 0.156873
1293.24 239.479 0.153025
1301.63 240.747 0.149114
1310.07 241.989 0.145141
1318.57 243.206 0.141107
1327.13 244.395 0.137013
1335.74 245.557 0.132858
1344.4 246.69 0.128645
1353.12 247.793 0.124373
1361.9 248.866 0.120045
1370.74 249.907 0.11566
1379.63 250.916 0.11122
1388.58 251.891 0.106726
1397.59 252.832 0.10218
1406.65 253.738 0.097581
1415.78 254.607 0.092932
1424.96 255.439 0.0882338
1434.21 256.233 0.0834879
1443.51 256.987 0.0786956
1452.88 257.702 0.0738584
1462.3 258.375 0.0689779
1471.79 259.006 0.0640556
1481.34 259.594 0.0590931
1490.95 260.137 0.0540922
1500.62 260.636 0.0490546
1510.35 261.089 0.0439821
1520.15 261.495 0.0388766
1530.01 261.853 0.0337399
1539.94 262.162 0.0285739
1549.93 262.422 0.0233808
1559.98 262.631 0.0181624
1570.1 262.788 0.012921
1580.29 262.893 0.00765853
1590.54 262.944 0.00237729
1600.86 262.957 0
1611.25 262.957 0
1621.7 262.957 0
1632.22 262.957 0
1642.81 262.957 0
1653.47 262.957 0
1664.19 262.957 0
1674.99 262.957 0
1685.85 262.957 0
1696.79 262.957 0
1707.8 262.957 0
1718.88 262.957 0
1730.03 262.957 0
1741.25 262.957 0
1752.55 262.957 0
1763.92 262.957 0
1775.36 262.957 0
1786.88 262.957 0
1798.47 262.957 0
1810.14 262.957 0
1821.88 262.957 0
1833.7 262.957 0
1845.6 262.957 0
1857.57 262.957 0
1869.62 262.957 0
1881.75 262.957 0
1893.96 262.957 0
1906.24 262.957 0
1918.61 262.957 0
1931.06 262.957 0
1943.58 262.957 0
1956.19 262.957 0
1968.88 262.957 0
1981.66 262.957 0
1994.51 262.957 0
2007.45 262.957 0
2020.47 262.957 0
2033.58 262.957 0
2046.77 262.957 0
2060.05 262.957 0
2073.42 262.957 0
2086.87 262.957 0
2100.41 262.957 0
2114.03 262.957 0
2127.75 262.957 0
2141.55 262.957 0
2155.44 262.957 0
2169.43 262.957 0
2183.5 262.957 0
2197.66 262.957 0
2211.92 262.957 0
2226.27 262.957 0
2240.71 262.957 0
2255.25 262.957 0
2269.88 262.957 0
2284.61 262.957 0
2299.43 262.957 0
2314.34 262.957 0
2329.36 262.957 0
2344.47 262.957 0
2359.68 262.957 0
2374.99 262.957 0
2390.39 262.957 0
2405.9 262.957 0
2421.51 262.957 0
2437.22 262.957 0
2453.03 262.957 0
2468.94 262.957 0
2484.96 262.957 0
2501.08 262.957 0
2517.31 262.957 0
2533.64 262.957 0
2550.07 262.957 0
2566.62 262.957 0
2583.27 262.957 0
2600.03 262.957 0
2616.89 262.957 0
2633.87 262.957 0
2650.96 262.957 0
2668.15 262.957 0
2685.46 262.957 0
2702.89 262.957 0
2720.42 262.957 0
2738.07 262.957 0
2755.83 262.957 0
2773.71 262.957 0
2791.7 262.957 0
2809.81 262.957 0
2828.04 262.957 0
2846.39 262.957 0
2864.85 262.957 0
2883.44 262.957 0
2902.15 262.957 0
2920.97 262.957 0
2939.92 262.957 0
2958.99 262.957 0
2978.19 262.957 0
2997.51 262.957 0
3016.96 262.957 0
3036.53 262.957 0
3056.23 262.957 0
3076.05 262.957 0
3096.01 262.957 0
3116.1 262.957 0
3136.31 262.957 0
3156.66 262.957 0
3177.14 262.957 0
3197.75 262.957 0
3218.49 262.957 0
3239.37 262.957 0
3260.39 262.957 0
3281.54 262.957 0
3302.83 262.957 0
3324.25 262.957 0
3345.82 262.957 0
3367.52 262.957 0
3389.37 262.957 0
3411.36 262.957 0
3433.49 262.957 0
3455.76 262.957 0
3478.18 262.957 0
3500.75 262.957 0
3523.46 262.957 0
3546.31 262.957 0
3569.32 262.957 0
3592.48 262.957 0
3615.78 262.957 0
3639.24 262.957 0
3662.85 262.957 0
3686.61 262.957 0
3710.53 262.957 0
3734.6 262.957 0
3758.82 262.957 0
3783.21 262.957 0
3807.75 262.957 0
3832.45 262.957 0
3857.32 262.957 0
3882.34 262.957 0
3907.53 262.957 0
3932.88 262.957 0
3958.39 262.957 0
3984.07 262.957 0
4009.92 263.05 0.00725621
4035.93 263.506 0.0277905
4062.11 264.509 0.0487926
4088.47 266.076 0.0701556
4114.99 268.223 0.0917629
4141.68 270.963 0.113491
4168.55 274.304 0.135212
4195.6 278.253 0.156796
4222.81 282.81 0.178115
4250.21 287.977 0.199047
4277.78 293.746 0.219475
4305.53 300.112 0.239293
4333.46 307.063 0.258408
4361.58 314.585 0.27674
4389.87 322.663 0.294224
4418.35 331.278 0.310808
4447.01 340.411 0.326459
4475.86 350.041 0.341155
4504.9 360.147 0.354889
4534.12 370.705 0.367665
4563.54 381.694 0.3795
4593.14 393.091 0.390417
4622.94 404.873 0.40045
4652.93 417.021 0.409636
4683.12 429.512 0.418019
4713.5 442.328 0.425643
4744.08 455.449 0.432557
4774.85 468.858 0.438809
4805.83 482.538 0.444448
4837.01 496.474 0.449521
4868.39 510.651 0.454074
4899.97 525.056 0.458151
4931.76 539.678 0.461795
4963.75 554.504 0.465045
4995.95 569.526 0.467938
5028.36 584.734 0.47051
5060.98 600.12 0.472792
5093.82 615.676 0.474813
5126.86 631.396 0.476601
5160.12 647.273 0.478181
5193.6 663.304 0.479574
5227.29 679.483 0.480801
5261.2 695.806 0.48188
5295.33 712.269 0.482829
5329.68 728.87 0.483661
5364.26 745.605 0.484391
5399.06 762.473 0.48503
5434.09 779.472 0.485589
5469.34 796.599 0.486077
5504.82 813.853 0.486503
5540.53 831.233 0.486874
5576.48 848.739 0.487197
5612.65 866.369 0.487479
5649.06 884.123 0.487723
5685.71 902.001 0.487935
5722.6 920.002 0.488119
5759.72 938.126 0.488278
5797.09 956.374 0.488416
5834.69 974.744 0.488535
5872.55 993.238 0.488638
5910.64 1011.86 0.488727
5948.99 1030.6 0.488804
5987.58 1049.46 0.488869
6026.42 1068.45 0.488926
6065.52 1087.57 0.488975
6104.87 1106.81 0.489016
6144.47 1126.18 0.489052
6184.33 1145.67 0.489083
6224.45 1165.3 0.489109
6264.83 1185.05 0.489132
6305.48 1204.93 0.489151
6346.38 1224.94 0.489167
6387.55 1245.08 0.489181
6428.99 1265.35 0.489193
6470.7 1285.75 0.489203
6512.68 1306.29 0.489211
6554.93 1326.95 0.489218
6597.45 1347.76 0.489225
6640.25 1368.7 0.48923
6683.33 1389.77 0.489234
6726.69 1410.98 0.489238
6770.32 1432.33 0.489241
6814.25 1453.82 0.489244
6858.45 1475.45 0.489246
6902.95 1497.22 0.489248
6947.73 1519.13 0.489249
6992.8 1541.18 0.489251
7038.16 1563.37 0.489252
7083.82 1585.71 0.489253
7129.78 1608.2 0.489253
7176.03 1630.83 0.489254
7222.59 1653.6 0.489254
7269.44 1676.53 0.489255
7316.6 1699.6 0.489255
7364.07 1722.82 0.489256
7411.84 1746.2 0.489256
7459.92 1769.72 0.489256
7508.32 1793.4 0.489256
7557.03 1817.23 0.489256
7606.05 1841.22 0.489256
7655.39 1865.36 0.489257
7705.06 1889.66 0.489257
7755.04 1914.11 0.489257
7805.35 1938.73 0.489257
7855.99 1963.5 0.489257
7906.95 1988.43 0.489257
7958.25 2013.53 0.489257
8009.88 2038.79 0.489257
8061.84 2064.21 0.489257
8114.14 2089.8 0.489257
8166.78 2115.56 0.489257
8219.76 2141.48 0.489257
8273.08 2167.57 0.489257
8326.76 2193.82 0.489257
8380.77 2220.25 0.489257
8435.14 2246.85 0.489257
8489.86 2273.63 0.489257
8544.94 2300.57 0.489257
8600.38 2327.7 0.489257
8656.17 2354.99 0.489257
8712.32 2382.47 0.489257
8768.84 2410.12 0.489257
8825.73 2437.95 0.489257
8882.99 2465.97 0.489257
8940.61 2494.16 0.489257
8998.61 2522.54 0.489257
9056.99 2551.1 0.489257
9115.75 2579.85 0.489257
9174.89 2608.78 0.489257
9234.41 2637.9 0.489257
9294.31 2667.21 0.489257
9354.61 2696.71 0.489257
9415.29 2726.4 0.489257
9476.38 2756.28 0.489257
9537.85 2786.36 0.489257
9599.73 2816.64 0.489257
9662 2847.1 0.489257
9724.68 2877.77 0.489257
9787.77 2908.64 0.489257
9851.27 2939.7 0.489257
9915.18 2970.97 0.489257
9979.5 3002.44 0.489257
10044.2 3034.12 0.489257
10109.4 3066 0.489257
10175 3098.08 0.489257
10241 3130.38 0.489257
10307.4 3162.88 0.489257
10374.3 3195.6 0.489257
10441.6 3228.53 0.489257
10509.3 3261.67 0.489257
10577.5 3295.03 0.489257
10646.1 3328.6 0.489257
10715.2 3362.39 0.489257
10784.7 3396.4 0.489257
10854.7 3430.63 0.489257
10925.1 3465.08 0.489257
10996 3499.76 0.489257
11067.3 3534.66 0.489257
11139.1 3569.79 0.489257
11211.4 3605.14 0.489257
11284.1 3640.73 0.489257
11357.3 3676.54 0.489257
11431 3712.59 0.489257
11505.1 3748.87 0.489257
11579.8 3785.39 0.489257
11654.9 3822.14 0.489257
11730.5 3859.14 0.489257
11806.6 3896.37 0.489257
11883.2 3933.84 0.489257
11960.3 3971.56 0.489257
12037.9 4009.52 0.489257
12116 4047.73 0.489257
12194.6 4086.19 0.489257
12273.7 4124.89 0.489257
12353.3 4163.85 0.489257
12433.5 4203.06 0.489257
12514.1 4242.52 0.489257
12595.3 4282.24 0.489257
12677 4322.22 0.489257
12759.2 4362.45 0.489257
12842 4402.95 0.489257
12925.3 4443.71 0.489257
13009.2 4484.74 0.489257
13093.6 4526.03 0.489257
13178.5 4567.59 0.489257
13264 4609.41 0.489257
13350.1 4651.51 0.489257
13436.7 4693.89 0.489257
13523.8 4736.53 0.489257
13611.6 4779.46 0.489257
13699.9 4822.66 0.489257
13788.8 4866.15 0.489257
13878.2 4909.91 0.489257
13968.2 4953.96 0.489257
14058.9 4998.29 0.489257
14150.1 5042.92 0.489257
14241.9 5087.83 0.489257
14334.2 5133.03 0.489257
14427.2 5178.53 0.489257
14520.8 5224.32 0.489257
14615 5270.41 0.489257
14709.8 5316.8 0.489257
14805.3 5363.49 0.489257
14901.3 5410.48 0.489257
14998 5457.78 0.489257
15095.3 5505.38 0.489257
15193.2 5553.29 0.489257
15291.8 5601.51 0.489257
15391 5650.05 0.489257
15490.8 5698.9 0.489257
15591.3 5748.07 0.489257
15692.5 5797.55 0.489257
15794.3 5847.36 0.489257
15896.7 5897.49 0.489257
15999.9 5947.95 0.489257
16103.7 5998.73 0.489257
16208.1 6049.85 0.489257
16313.3 6101.29 0.489257
16419.1 6153.07 0.489257
16525.6 6205.18 0.489257
16632.8 6257.63 0.489257
16740.7 6310.43 0.489257
16849.3 6363.56 0.489257
16958.7 6417.04 0.489257
17068.7 6470.87 0.489257
17179.4 6525.04 0.489257
17290.8 6579.57 0.489257
17403 6634.45 0.489257
17515.9 6689.69 0.489257
17629.6 6745.28 0.489257
17743.9 6801.24 0.489257
17859 6857.56 0.489257
17974.9 6914.24 0.489257
18091.5 6971.29 0.489257
18208.9 7028.72 0.489257
18327 7086.51 0.489257
18445.9 7144.68 0.489257
18565.5 7203.23 0.489257
18686 7262.15 0.489257
18807.2 7321.46 0.489257
18929.2 7381.16 0.489257
19052 7441.24 0.489257
19175.6 7501.71 0.489257
19300 7562.57 0.489257
19425.2 7623.83 0.489257
19551.2 7685.49 0.489257
19678.1 7747.54 0.489257
19805.7 7810 0.489257
19934.2 7872.86 0.489257
20063.5 7936.13 0.489257
20193.7 7999.81 0.489257
20324.7 8063.91 0.489257
20456.6 8128.42 0.489257
20589.3 8193.35 0.489257
20722.8 8258.7 0.489257
20857.3 8324.47 0.489257
20992.6 8390.67 0.489257
21128.8 8457.3 0.489257
21265.8 8524.36 0.489257
21403.8 8591.86 0.489257
21542.7 8659.8 0.489257
21682.4 8728.17 0.489257
21823.1 8796.99 0.489257
21964.6 8866.26 0.489257
22107.1 8935.97 0.489257
22250.6 9006.14 0.489257
22394.9 9076.76 0.489257
22540.2 9147.85 0.489257
22686.4 9219.39 0.489257
22833.6 9291.39 0.489257
22981.7 9363.87 0.489257
23130.8 9436.81 0.489257
23280.9 9510.23 0.489257
23431.9 9584.12 0.489257
23583.9 9658.49 0.489257
23736.9 9733.35 0.489257
23890.9 9808.69 0.489257
24045.9 9884.52 0.489257
24201.9 9960.84 0.489257
24358.9 10037.7 0.489257
24516.9 10115 0.489257
24676 10192.8 0.489257
24836 10271.1 0.489257
24997.2 10349.9 0.489257
25159.3 10429.3 0.489257
25322.5 10509.1 0.489257
25486.8 10589.5 0.489257
25652.2 10670.4 0.489257
25818.6 10751.8 0.489257
25986.1 10833.8 0.489257
26154.7 10916.2 0.489257
26324.3 10999.3 0.489257
26495.1 11082.8 0.489257
26667 11166.9 0.489257
26840 11251.6 0.489257
27014.1 11336.7 0.489257
27189.4 11422.5 0.489257
27365.7 11508.8 0.489257
27543.3 11595.6 0.489257
27722 11683.1 0.489257
27901.8 11771.1 0.489257
28082.8 11859.6 0.489257
28265 11948.7 0.489257
28448.4 12038.5 0.489257
28632.9 12128.8 0.489257
28818.7 12219.6 0.489257
29005.6 12311.1 0.489257
29193.8 12403.2 0.489257
29383.2 12495.8 0.489257
29573.8 12589.1 0.489257
29765.7 12683 0.489257
29958.8 12777.4 0.489257
30153.1 12872.5 0.489257
30348.7 12968.2 0.489257
30545.6 13064.6 0.489257
30743.8 13161.5 0.489257
30943.2 13259.1 0.489257
31143.9 13357.3 0.489257
31346 13456.1 0.489257
31549.3 13555.6 0.489257
31754 13655.8 0.489257
31960 13756.6 0.489257
32167.3 13858 0.489257
32376 13960.1 0.489257
32586.1 14062.9 0.489257
32797.5 14166.3 0.489257
33010.2 14270.4 0.489257
33224.4 14375.2 0.489257
33439.9 14480.6 0.489257
33656.9 14586.8 0.489257
33875.2 14693.6 0.489257
34095 14801.1 0.489257
34316.1 14909.3 0.489257
34538.8 15018.2 0.489257
34762.8 15127.9 0.489257
34988.3 15238.2 0.489257
35215.3 15349.2 0.489257
35443.8 15461 0.489257
35673.7 15573.5 0.489257
35905.1 15686.7 0.489257
36138.1 15800.7 0.489257
36372.5 15915.4 0.489257
36608.5 16030.9 0.489257
36846 16147.1 0.489257
37085 16264 0.489257
37325.6 16381.7 0.489257
37567.7 16500.2 0.489257
37811.4 16619.4 0.489257
38056.7 16739.4 0.489257
38303.6 16860.2 0.489257
38552.1 16981.8 0.489257
38802.2 17104.2 0.489257
39053.9 17227.3 0.489257
39307.3 17351.3 0.489257
39562.3 17476 0.489257
39819 17601.6 0.489257
40077.3 17728 0.489257
40337.3 17855.2 0.489257
40599 17983.2 0.489257
40862.3 18112.1 0.489257
41127.4 18241.8 0.489257
41394.2 18372.3 0.489257
41662.8 18503.7 0.489257
41933.1 18635.9 0.489257
42205.1 18769 0.489257
42478.9 18903 0.489257
42754.5 19037.8 0.489257
43031.8 19173.5 0.489257
43311 19310.1 0.489257
43592 19447.6 0.489257
43874.8 19585.9 0.489257
44159.4 19725.2 0.489257
44445.9 19865.4 0.489257
44734.2 20006.4 0.489257
45024.4 20148.4 0.489257
45316.5 20291.3 0.489257
45610.5 20435.2 0.489257
45906.4 20579.9 0.489257
46204.2 20725.6 0.489257
46503.9 20872.3 0.489257
46805.6 21019.9 0.489257
47109.3 21168.4 0.489257
47414.9 21318 0.489257
47722.5 21468.5 0.489257
48032.1 21619.9 0.489257
48343.7 21772.4 0.489257
48657.3 21925.8 0.489257
48972.9 22080.3 0.489257
49290.7 22235.7 0.489257
49610.4 22392.1 0.489257
49932.3 22549.6 0.489257
50256.2 22708.1 0.489257
50582.2 22867.6 0.489257
50910.4 23028.2 0.489257
51240.6 23189.7 0.489257
51573.1 23352.4 0.489257
51907.6 23516.1 0.489257
52244.4 23680.8 0.489257
52583.3 23846.6 0.489257
52924.4 24013.5 0.489257
53267.8 24181.5 0.489257
53613.3 24350.6 0.489257
53961.1 24520.8 0.489257
54311.2 24692 0.489257
54663.5 24864.4 0.489257
55018.2 25037.9 0.489257
55375.1 25212.5 0.489257
55734.3 25388.3 0.489257
56095.9 25565.2 0.489257
