5.78741e-09 5.95396e-15 4.29514e-06
5.8738e-08 3.33166e-13 8.58285e-06
5.86595e-07 1.45059e-11 3.56977e-05
4.6076e-06 3.38009e-10 8.97843e-05
5.86875e-06 4.61297e-10 0.000114002
2.3369e-05 3.31505e-09 0.000192532
7.39119e-05 1.62978e-08 0.000292274
0.000147358 4.17301e-08 0.000330144
0.000152693 4.34471e-08 0.000292479
0.000165528 4.67976e-08 0.000304172
0.000294481 1.01986e-07 0.000463041
0.000466785 1.89679e-07 0.00054542
0.000739961 3.52227e-07 0.00041641
0.000792747 3.70702e-07 0.000446592
0.000859333 4.13069e-07 0.00055442
0.000931697 4.48502e-07 0.00055104
0.00117285 6.10601e-07 0.000697128
0.00147667 8.31244e-07 0.000750516
0.0017323 1.02935e-06 0.000535855
0.00185963 1.08409e-06 0.000525282
0.00294795 2.00733e-06 0.000908255
0.00467391 3.71532e-06 0.00105104
0.00633042 5.56999e-06 0.00091467
0.0070765 6.16755e-06 0.00093479
0.00933155 8.92099e-06 0.00127133
0.0117504 1.21316e-05 0.00137956
0.0154948 1.7543e-05 0.00122736
0.0177925 2.00421e-05 0.00125466
0.0234638 2.89812e-05 0.00164107
0.0295474 3.94039e-05 0.00177172
0.0354913 5.03041e-05 0.00128079
0.0389653 5.38549e-05 0.00125817
0.0549487 8.51279e-05 0.00191362
0.0590129 9.27925e-05 0.00199187
0.0713035 0.000119369 0.00114686
0.0787306 0.000125461 0.00110854
0.10265 0.000178607 0.00176378
0.112568 0.000193736 0.00180901
0.132297 0.000240204 0.00240921
0.146764 0.000275794 0.00181491
0.15911 0.000293738 0.00177613
0.191354 0.000375514 0.00260957
0.227502 0.000472769 0.000973271
0.245257 0.000484229 0.000805937
0.256566 0.000495831 0.00103354
0.268397 0.000508152 0.00104919
0.280773 0.000521236 0.00106507
0.293719 0.00053513 0.0010812
0.307263 0.000549885 0.00109757
0.321432 0.000565555 0.00111419
0.336253 0.000582195 0.00113106
0.351758 0.000599866 0.00114818
0.367978 0.000618631 0.00116556
0.384946 0.000638559 0.00118321
0.402697 0.000659722 0.00120112
0.421266 0.000682195 0.00121931
0.440691 0.000706061 0.00123777
0.461012 0.000731406 0.00125651
0.48227 0.00075832 0.00127553
0.504508 0.000786902 0.00129484
0.527771 0.000817254 0.00131445
0.552107 0.000849487 0.00133435
0.577566 0.000883717 0.00135455
0.604198 0.000920067 0.00137506
0.632059 0.000958668 0.00139588
0.661204 0.000999662 0.00141701
0.691693 0.00104319 0.00143847
0.723588 0.00108942 0.00146024
0.756953 0.00113852 0.00148235
0.791857 0.00119065 0.00150479
0.828371 0.00124602 0.00152758
0.866568 0.00130481 0.00155071
0.906527 0.00136725 0.00157418
0.948328 0.00143355 0.00159802
0.992057 0.00150396 0.00162221
1.0378 0.00157874 0.00164677
1.08566 0.00165815 0.0016717
1.13572 0.00174247 0.00169701
1.18809 0.00183202 0.00172271
1.24287 0.00192712 0.00174879
1.30018 0.00202811 0.00177526
1.36014 0.00213535 0.00180214
1.42285 0.00224924 0.00182943
1.48846 0.00237018 0.00185712
1.5571 0.00249862 0.00188524
1.6289 0.00263501 0.00191378
1.70401 0.00277985 0.00194276
1.78258 0.00293367 0.00197217
1.86478 0.00309701 0.00200203
1.95077 0.00327047 0.00203234
2.04072 0.00345468 0.00206311
2.13482 0.0036503 0.00209435
2.23326 0.00385804 0.00212606
2.33624 0.00407865 0.00215824
2.44396 0.00431292 0.00219092
2.55666 0.00456171 0.00222409
2.67455 0.00482591 0.00225776
2.79788 0.00510648 0.00229195
2.92689 0.00540443 0.00232665
3.06185 0.00572083 0.00236187
3.20304 0.00605684 0.00239763
3.35074 0.00641366 0.00243393
3.50524 0.00679259 0.00247078
3.66688 0.00719499 0.00250819
3.83596 0.00762232 0.00254616
4.01284 0.00807613 0.00258471
4.19788 0.00855804 0.00262385
4.39145 0.00906982 0.00266357
4.59395 0.00961329 0.0027039
4.80578 0.0101904 0.00274483
5.02738 0.0108033 0.00278639
5.2592 0.0114542 0.00282858
5.50171 0.0121454 0.0028714
5.7554 0.0128794 0.00291488
6.02079 0.0136589 0.00295901
6.29841 0.0144866 0.00300381
6.58884 0.0153657 0.00304928
6.89266 0.0162992 0.00309545
7.21049 0.0172905 0.00314232
7.54298 0.0183433 0.00318989
7.8908 0.0194612 0.00323819
8.25465 0.0206484 0.00328721
8.63529 0.0219092 0.00333698
9.03347 0.0232481 0.0033875
9.45002 0.0246699 0.00343879
9.88577 0.0261798 0.00349085
10.3416 0.0277832 0.00354371
10.8185 0.029486 0.00359736
11.3173 0.0312942 0.00365182
11.8392 0.0332145 0.00370711
12.3851 0.0352537 0.00376324
12.9562 0.0374193 0.00382021
13.5536 0.039719 0.00387805
14.1786 0.0421611 0.00393677
14.8324 0.0447546 0.00399637
15.5164 0.0475087 0.00405687
16.2318 0.0504335 0.00411829
16.9803 0.0535394 0.00418065
17.7633 0.0568378 0.00424394
18.5824 0.0603405 0.0043082
19.4392 0.0640601 0.00437342
20.3356 0.0680102 0.00443964
21.2733 0.072205 0.00450685
22.2543 0.0766597 0.00457509
23.2804 0.0813904 0.00464435
24.3539 0.0864141 0.00471467
25.4769 0.091749 0.00478605
26.6517 0.0974144 0.00485851
27.8806 0.103431 0.00493207
29.1662 0.10982 0.00500674
30.5111 0.116605 0.00508254
31.9181 0.12381 0.00515949
33.3898 0.131462 0.00523761
34.9295 0.139587 0.00531691
36.5401 0.148216 0.0053974
38.225 0.15738 0.00547912
39.9877 0.167111 0.00556208
41.8315 0.177445 0.00564629
43.7605 0.188419 0.00573177
45.7783 0.200073 0.00581855
47.8892 0.212449 0.00590664
50.0974 0.225592 0.00599607
52.4075 0.239549 0.00608685
54.8241 0.254371 0.00617901
57.3521 0.27011 0.00627256
59.9967 0.286825 0.00636752
62.7632 0.304575 0.00646393
65.6573 0.323425 0.00656179
68.6849 0.343443 0.00666114
71.852 0.364701 0.00676199
75.1652 0.387275 0.00686552
75.1652 0.387275 0.00686451
75.6528 0.390673 0.00707105
76.1436 0.394194 0.00727886
76.6376 0.397842 0.00748794
77.1348 0.401617 0.00769831
77.6352 0.405522 0.00790997
78.1388 0.409559 0.00812293
78.6457 0.413731 0.0083372
79.1559 0.41804 0.00855278
79.6694 0.422488 0.00876968
80.1863 0.427077 0.00898791
80.7065 0.431809 0.00920748
81.23 0.436688 0.00942839
81.757 0.441715 0.00965065
82.2874 0.446893 0.00987427
82.8212 0.452224 0.0100993
83.3585 0.457711 0.0103256
83.8993 0.463356 0.0105534
84.4436 0.469163 0.0107825
84.9914 0.475133 0.011013
85.5428 0.481269 0.011245
86.0977 0.487574 0.0114783
86.6563 0.494051 0.0117131
87.2184 0.500702 0.0119493
87.7842 0.50753 0.0121869
88.3537 0.514539 0.012426
88.9269 0.52173 0.0126665
89.5038 0.529107 0.0129085
90.0845 0.536673 0.013152
90.6689 0.544431 0.0133969
91.2571 0.552383 0.0136434
91.8491 0.560534 0.0138913
92.4449 0.568885 0.0141407
93.0447 0.577441 0.0143917
93.6483 0.586204 0.0146441
94.2558 0.595178 0.0148981
94.8673 0.604366 0.0151536
95.4827 0.613771 0.0154107
96.1021 0.623397 0.0156693
96.7256 0.633247 0.0159294
97.3531 0.643325 0.0161912
97.9847 0.653634 0.0164545
98.6203 0.664178 0.0167194
99.2601 0.67496 0.0169859
99.904 0.685984 0.017254
100.552 0.697254 0.0175237
101.204 0.708773 0.017795
101.861 0.720546 0.018068
102.522 0.732576 0.0183426
103.187 0.744868 0.0186188
103.856 0.757424 0.0188967
104.53 0.77025 0.0191763
105.208 0.78335 0.0194575
105.891 0.796726 0.0197405
106.578 0.810385 0.0200251
107.269 0.824329 0.0203114
107.965 0.838564 0.0205994
108.665 0.853093 0.0208891
109.37 0.867922 0.0211806
110.08 0.883054 0.0214738
110.794 0.898494 0.0217687
111.513 0.914248 0.0220654
112.236 0.930318 0.0223639
112.964 0.946711 0.0226641
113.697 0.963431 0.0229661
114.435 0.980482 0.0232699
115.177 0.997871 0.0235755
115.924 1.0156 0.0238829
116.676 1.03368 0.0241921
117.433 1.05211 0.0245032
118.195 1.07089 0.024816
118.962 1.09004 0.0251308
119.734 1.10956 0.0254474
120.51 1.12945 0.0257658
121.292 1.14972 0.0260861
122.079 1.17037 0.0264083
122.871 1.19141 0.0267324
123.668 1.21285 0.0270584
124.47 1.23469 0.0273863
125.278 1.25694 0.0277162
126.091 1.2796 0.0280479
126.909 1.30268 0.0283816
127.732 1.32618 0.0287173
128.561 1.35012 0.0290549
129.395 1.37449 0.0293945
130.234 1.39931 0.029736
131.079 1.42458 0.0300796
131.929 1.45031 0.0304251
132.785 1.4765 0.0307726
133.646 1.50315 0.0311222
134.513 1.53029 0.0314738
135.386 1.55791 0.0318274
136.264 1.58602 0.0321831
137.148 1.61463 0.0325408
138.038 1.64374 0.0329006
138.934 1.67336 0.0332625
139.835 1.70351 0.0336264
140.742 1.73418 0.0339925
141.655 1.76538 0.0343606
142.574 1.79713 0.0347309
143.499 1.82943 0.0351032
144.43 1.86228 0.0354777
145.367 1.8957 0.0358544
146.31 1.92969 0.0362332
147.259 1.96426 0.0366142
148.215 1.99942 0.0369973
149.176 2.03518 0.0373826
150.144 2.07154 0.0377702
151.118 2.10852 0.0381599
152.098 2.14613 0.0385518
153.085 2.18436 0.0389459
154.078 2.22324 0.0393423
155.078 2.26276 0.0397409
156.084 2.30294 0.0401418
157.096 2.34379 0.0405449
158.115 2.38532 0.0409503
159.141 2.42753 0.041358
160.173 2.47044 0.041768
161.213 2.51406 0.0421802
162.258 2.55839 0.0425948
163.311 2.60345 0.0430117
164.37 2.64924 0.0434309
165.437 2.69577 0.0438524
166.51 2.74306 0.0442763
167.59 2.79112 0.0447025
168.678 2.83996 0.0451312
169.772 2.88958 0.0455621
170.873 2.94 0.0459955
171.982 2.99123 0.0464313
173.097 3.04327 0.0468694
174.22 3.09615 0.04731
175.351 3.14987 0.047753
176.488 3.20445 0.0481984
177.633 3.25989 0.0486463
178.785 3.31621 0.0490966
179.945 3.37342 0.0495494
181.113 3.43152 0.0500046
182.288 3.49055 0.0504623
183.47 3.55049 0.0509225
184.66 3.61138 0.0513852
185.858 3.67321 0.0518504
187.064 3.73601 0.0523181
188.278 3.79979 0.0527883
189.499 3.86455 0.0532611
190.728 3.93032 0.0537364
191.966 3.99711 0.0542142
193.211 4.06492 0.0546946
194.464 4.13378 0.0551776
195.726 4.2037 0.0556631
196.996 4.27469 0.0561512
198.274 4.34676 0.0566419
199.56 4.41993 0.0571352
200.855 4.49422 0.0576312
202.158 4.56964 0.0581297
203.469 4.64621 0.0586308
204.789 4.72393 0.0591346
206.118 4.80283 0.059641
207.455 4.88292 0.06015
208.801 4.96421 0.0606618
210.155 5.04673 0.0611761
211.519 5.13049 0.0616932
212.891 5.2155 0.0622129
214.272 5.30178 0.0627352
215.662 5.38935 0.0632603
217.061 5.47823 0.0637881
218.469 5.56843 0.0643186
219.886 5.65996 0.0648518
221.313 5.75285 0.0653877
222.749 5.84712 0.0659263
224.194 5.94278 0.0664677
225.648 6.03985 0.0670117
227.112 6.13834 0.0675586
228.585 6.23828 0.0681082
230.068 6.33969 0.0686605
231.561 6.44259 0.0692156
233.063 6.54698 0.0697735
234.575 6.6529 0.0703341
236.097 6.76036 0.0708975
237.628 6.86938 0.0714637
239.17 6.97999 0.0720326
240.722 7.0922 0.0726044
242.283 7.20603 0.073179
243.855 7.3215 0.0737563
245.437 7.43864 0.0743365
247.029 7.55747 0.0749194
248.632 7.678 0.0755052
250.245 7.80026 0.0760938
251.868 7.92428 0.0766852
253.502 8.05006 0.0772794
255.147 8.17764 0.0778765
256.802 8.30704 0.0784764
258.468 8.43828 0.0790791
260.145 8.57139 0.0796846
261.832 8.70638 0.080293
263.531 8.84329 0.0809042
265.24 8.98213 0.0815183
266.961 9.12293 0.0821352
268.693 9.26571 0.0827549
270.436 9.4105 0.0833775
272.191 9.55733 0.0840029
273.956 9.70622 0.0846311
275.734 9.85719 0.0852622
277.522 10.0103 0.0858961
279.323 10.1655 0.0865329
281.135 10.3229 0.0871725
282.959 10.4824 0.087815
284.794 10.6442 0.0884603
286.642 10.8083 0.0891084
288.501 10.9746 0.0897593
290.373 11.1432 0.0904131
292.257 11.3141 0.0910697
294.153 11.4874 0.0917292
296.061 11.6631 0.0923914
297.982 11.8412 0.0930565
299.915 12.0217 0.0937244
301.86 12.2047 0.0943951
303.819 12.3902 0.0950686
305.79 12.5783 0.0957449
307.773 12.7689 0.096424
309.77 12.9621 0.0971059
311.78 13.1579 0.0977905
313.802 13.3564 0.0984779
315.838 13.5576 0.0991681
317.887 13.7615 0.0998611
319.949 13.9681 0.100557
322.025 14.1776 0.101255
324.114 14.3898 0.101956
326.217 14.605 0.10266
328.333 14.823 0.103367
330.463 15.0439 0.104076
332.607 15.2678 0.104788
334.764 15.4947 0.105503
336.936 15.7246 0.10622
339.122 15.9575 0.10694
341.322 16.1936 0.107663
343.536 16.4328 0.108388
345.765 16.6752 0.109116
348.008 16.9207 0.109846
350.266 17.1696 0.110579
352.538 17.4217 0.111315
354.825 17.6771 0.112053
357.127 17.9359 0.112793
359.444 18.1981 0.113537
361.776 18.4637 0.114282
364.123 18.7328 0.11503
366.485 19.0054 0.115781
368.862 19.2815 0.116534
371.255 19.5613 0.117289
373.664 19.8447 0.118047
376.088 20.1318 0.118807
378.528 20.4226 0.119569
380.983 20.7171 0.120334
383.455 21.0155 0.121101
385.942 21.3177 0.12187
388.446 21.6238 0.122642
390.966 21.9338 0.123416
393.502 22.2478 0.124192
396.055 22.5659 0.12497
398.625 22.888 0.12575
401.211 23.2142 0.126532
403.813 23.5445 0.127316
406.433 23.8791 0.128103
409.07 24.2179 0.128891
411.724 24.561 0.129681
414.395 24.9084 0.130473
417.083 25.2602 0.131267
419.789 25.6165 0.132063
422.512 25.9772 0.132861
425.253 26.3425 0.13366
428.012 26.7123 0.134461
430.788 27.0868 0.135264
433.583 27.466 0.136068
436.396 27.8498 0.136874
439.227 28.2385 0.137682
442.076 28.6319 0.138491
444.944 29.0303 0.139301
447.831 29.4335 0.140113
450.736 29.8418 0.140927
453.66 30.2551 0.141741
456.603 30.6734 0.142557
459.565 31.0969 0.143374
462.547 31.5256 0.144192
465.547 31.9595 0.145011
468.567 32.3987 0.145831
471.607 32.8432 0.146652
474.667 33.2931 0.147474
477.746 33.7485 0.148297
480.845 34.2094 0.14912
483.965 34.6759 0.149945
487.104 35.1479 0.150769
490.264 35.6257 0.151595
493.445 36.1091 0.152421
496.646 36.5984 0.153247
499.868 37.0935 0.154074
503.111 37.5944 0.154901
506.375 38.1014 0.155728
509.66 38.6143 0.156555
512.966 39.1333 0.157383
516.294 39.6584 0.15821
519.643 40.1897 0.159037
523.014 40.7272 0.159864
526.407 41.271 0.160691
529.822 41.8212 0.161517
533.26 42.3778 0.162343
536.719 42.9408 0.163168
540.201 43.5104 0.163993
543.705 44.0866 0.164817
547.233 44.6693 0.165639
550.783 45.2588 0.166461
554.356 45.8551 0.167282
557.952 46.4582 0.168102
561.572 47.0681 0.168921
565.215 47.685 0.169738
568.882 48.3089 0.170553
572.572 48.9398 0.171367
576.287 49.5779 0.17218
580.025 50.2231 0.17299
583.788 50.8755 0.173799
587.575 51.5353 0.174605
591.387 52.2024 0.175409
595.224 52.8769 0.176211
599.085 53.5589 0.177011
602.971 54.2483 0.177807
606.883 54.9454 0.178601
610.82 55.6502 0.179393
614.783 56.3626 0.180181
618.771 57.0828 0.180966
622.785 57.8108 0.181748
626.826 58.5466 0.182526
630.892 59.2904 0.183301
634.985 60.0422 0.184072
639.104 60.8021 0.184839
643.25 61.57 0.185602
647.423 62.3461 0.186361
651.623 63.1304 0.187115
655.851 63.923 0.187865
660.105 64.7239 0.18861
664.388 65.5332 0.18935
668.698 66.3509 0.190085
673.036 67.1771 0.190815
677.402 68.0118 0.191539
681.797 68.8551 0.192258
686.22 69.707 0.192971
690.671 70.5677 0.193678
695.152 71.437 0.194379
699.662 72.3152 0.195073
704.201 73.2022 0.195761
708.769 74.0981 0.196442
713.367 75.0029 0.197116
717.995 75.9166 0.197782
722.653 76.8394 0.198441
727.341 77.7712 0.199093
732.06 78.7122 0.199736
736.809 79.6623 0.200372
741.589 80.6215 0.200999
746.4 81.59 0.201617
751.242 82.5678 0.202227
756.115 83.5548 0.202827
761.021 84.5511 0.203419
765.958 85.5569 0.204
770.927 86.572 0.204572
775.928 87.5965 0.205134
780.962 88.6305 0.205685
786.028 89.6739 0.206226
791.127 90.7269 0.206756
796.26 91.7893 0.207274
801.425 92.8613 0.207781
806.624 93.9429 0.208277
811.857 95.0341 0.20876
817.124 96.1348 0.209231
822.425 97.2451 0.20969
827.76 98.3651 0.210135
833.13 99.4947 0.210567
838.535 100.634 0.210986
843.975 101.783 0.211391
849.45 102.941 0.211782
854.961 104.109 0.212158
860.507 105.287 0.21252
866.09 106.474 0.212866
871.708 107.671 0.213197
877.363 108.878 0.213512
883.055 110.094 0.21381
888.784 111.32 0.214093
894.55 112.555 0.214358
900.353 113.799 0.214606
906.194 115.054 0.214837
912.073 116.317 0.215049
917.99 117.59 0.215244
923.945 118.873 0.215419
929.939 120.164 0.215576
935.972 121.465 0.215713
942.044 122.775 0.21583
948.155 124.095 0.215926
954.306 125.423 0.216002
960.497 126.761 0.216057
966.728 128.107 0.216091
973 129.462 0.216102
979.312 130.826 0.216092
985.665 132.199 0.216058
992.059 133.58 0.216001
998.495 134.97 0.215921
1004.97 136.369 0.215816
1011.49 137.775 0.215688
1018.05 139.19 0.215534
1024.66 140.613 0.215354
1031.31 142.044 0.215149
1038 143.482 0.214918
1044.73 144.929 0.21466
1051.51 146.383 0.214374
1058.33 147.844 0.214061
1065.2 149.312 0.21372
1072.11 150.788 0.21335
1079.06 152.271 0.212951
1086.06 153.76 0.212522
1093.11 155.256 0.212063
1100.2 156.758 0.211574
1107.34 158.266 0.211053
1114.52 159.78 0.210501
1121.75 161.3 0.209917
1129.03 162.825 0.2093
1136.35 164.356 0.20865
1143.72 165.891 0.207967
1151.14 167.432 0.207249
1158.61 168.977 0.206497
1166.13 170.526 0.20571
1173.69 172.079 0.204887
1181.31 173.636 0.204028
1188.97 175.196 0.203133
1196.68 176.759 0.2022
1204.45 178.325 0.20123
1212.26 179.894 0.200221
1220.12 181.464 0.199174
1228.04 183.036 0.198088
1236.01 184.61 0.196962
1244.02 186.185 0.195796
1252.09 187.76 0.194589
1260.22 189.335 0.193341
1268.39 190.911 0.192052
1276.62 192.486 0.19072
1284.9 194.059 0.189346
1293.24 195.632 0.187929
1301.63 197.202 0.186468
1310.07 198.771 0.184963
1318.57 200.336 0.183414
1327.13 201.898 0.18182
1335.74 203.456 0.180181
1344.4 205.01 0.178496
1353.12 206.56 0.176765
1361.9 208.104 0.174988
1370.74 209.642 0.173163
1379.63 211.173 0.171292
1388.58 212.698 0.169373
1397.59 214.214 0.167406
1406.65 215.723 0.165391
1415.78 217.223 0.163328
1424.96 218.713 0.161216
1434.21 220.194 0.159055
1443.51 221.663 0.156846
1452.88 223.122 0.154587
1462.3 224.568 0.152278
1471.79 226.001 0.14992
1481.34 227.421 0.147513
1490.95 228.827 0.145056
1500.62 230.218 0.14255
1510.35 231.593 0.139994
1520.15 232.952 0.137389
1530.01 234.294 0.134735
1539.94 235.618 0.132032
1549.93 236.923 0.12928
1559.98 238.209 0.12648
1570.1 239.474 0.123633
1580.29 240.719 0.120738
1590.54 241.942 0.117796
1600.86 243.142 0.114808
1611.25 244.318 0.111775
1621.7 245.471 0.108697
1632.22 246.598 0.105576
1642.81 247.699 0.102413
1653.47 248.773 0.0992083
1664.19 249.82 0.0959638
1674.99 250.838 0.0926808
1685.85 251.827 0.089361
1696.79 252.786 0.086006
1707.8 253.714 0.082618
1718.88 254.611 0.0791989
1730.03 255.475 0.075751
1741.25 256.305 0.0722769
1752.55 257.102 0.0687793
1763.92 257.864 0.0652611
1775.36 258.591 0.0617256
1786.88 259.281 0.0581763
1798.47 259.935 0.0546168
1810.14 260.551 0.0510514
1821.88 261.13 0.0474844
1833.7 261.67 0.0439206
1845.6 262.171 0.0403651
1857.57 262.633 0.0368236
1869.62 263.056 0.0333019
1881.75 263.439 0.0298065
1893.96 263.781 0.0263445
1906.24 264.084 0.0229232
1918.61 264.347 0.0195508
1931.06 264.569 0.0162358
1943.58 264.752 0.0129876
1956.19 264.896 0.00981621
1968.88 265.001 0.0067323
1981.66 265.068 0.00374738
1994.51 265.098 0.000873798
2007.45 265.104 0
2020.47 265.104 0
2033.58 265.104 0
2046.77 265.104 0
2060.05 265.104 0
2073.42 265.104 0
2086.87 265.104 0
2100.41 265.104 0
2114.03 265.104 0
2127.75 265.104 0
2141.55 265.104 0
2155.44 265.104 0
2169.43 265.104 0
2183.5 265.104 0
2197.66 265.104 0
2211.92 265.104 0
2226.27 265.104 0
2240.71 265.104 0
2255.25 265.104 0
2269.88 265.104 0
2284.61 265.104 0
2299.43 265.14 0.00496073
2314.34 265.258 0.0107748
2329.36 265.469 0.0173751
2344.47 265.788 0.0248061
2359.68 266.228 0.0331128
2374.99 266.806 0.0423397
2390.39 267.537 0.0525308
2405.9 268.438 0.0637291
2421.51 269.528 0.0759755
2437.22 270.826 0.0893088
2453.03 272.353 0.103764
2468.94 274.128 0.119374
2484.96 276.175 0.136164
2501.08 278.515 0.154155
2517.31 281.172 0.173362
2533.64 284.17 0.193791
2550.07 287.533 0.215439
2566.62 291.286 0.238295
2583.27 295.454 0.262336
2600.03 300.061 0.287528
2616.89 305.133 0.313827
2633.87 310.693 0.341175
2650.96 316.765 0.369501
2668.15 323.37 0.398722
2685.46 330.532 0.428743
2702.89 338.269 0.459458
2720.42 346.599 0.49075
2738.07 355.54 0.52249
2755.83 365.106 0.554545
2773.71 375.308 0.586771
2791.7 386.157 0.619023
2809.81 397.659 0.651153
2828.04 409.819 0.683011
2846.39 422.638 0.714451
2864.85 436.116 0.74533
2883.44 450.248 0.775513
2902.15 465.03 0.804872
2920.97 480.451 0.83329
2939.92 496.5 0.86066
2958.99 513.165 0.886889
2978.19 530.43 0.911899
2997.51 548.278 0.935622
3016.96 566.689 0.958008
3036.53 585.645 0.979019
3056.23 605.124 0.998631
3076.05 624.937 1
3096.01 644.893 1
3116.1 664.978 1
3136.31 685.193 1
3156.66 705.539 1
3177.14 726.017 1
3197.75 746.629 1
3218.49 767.374 1
3239.37 788.253 1
3260.39 809.268 1
3281.54 830.419 1
3302.83 851.708 1
3324.25 873.134 1
3345.82 894.7 1
3367.52 916.406 1
3389.37 938.252 1
3411.36 960.24 1
3433.49 982.371 1
3455.76 1004.64 1
3478.18 1027.06 1
3500.75 1049.63 1
3523.46 1072.34 1
3546.31 1095.2 1
3569.32 1118.2 1
3592.48 1141.36 1
3615.78 1164.66 1
3639.24 1188.12 1
3662.85 1211.73 1
3686.61 1235.49 1
3710.53 1259.41 1
3734.6 1283.48 1
3758.82 1307.71 1
3783.21 1332.09 1
3807.75 1356.63 1
3832.45 1381.34 1
3857.32 1406.2 1
3882.34 1431.22 1
3907.53 1456.41 1
3932.88 1481.76 1
3958.39 1507.27 1
3984.07 1532.95 1
4009.92 1558.8 1
4035.93 1584.81 1
4062.11 1610.99 1
4088.47 1637.35 1
4114.99 1663.87 1
4141.68 1690.57 1
4168.55 1717.43 1
4195.6 1744.48 1
4222.81 1771.7 1
4250.21 1799.09 1
4277.78 1826.66 1
4305.53 1854.41 1
4333.46 1882.35 1
4361.58 1910.46 1
4389.87 1938.75 1
4418.35 1967.22 0.99929
4447.01 1995.82 0.996145
4475.86 2024.51 0.993096
4504.9 2053.31 0.990141
4534.12 2082.2 0.987281
4563.54 2111.2 0.984516
4593.14 2140.31 0.981844
4622.94 2169.53 0.979264
4652.93 2198.86 0.976777
4683.12 2228.31 0.97438
4713.5 2257.87 0.972073
4744.08 2287.57 0.969854
4774.85 2317.38 0.967722
4805.83 2347.33 0.965675
4837.01 2377.4 0.963712
4868.39 2407.61 0.961831
4899.97 2437.96 0.96003
4931.76 2468.45 0.958308
4963.75 2499.09 0.956662
4995.95 2529.87 0.95509
5028.36 2560.8 0.953592
5060.98 2591.88 0.952164
5093.82 2623.12 0.950804
5126.86 2654.52 0.949512
5160.12 2686.08 0.948284
5193.6 2717.8 0.947118
5227.29 2749.7 0.946013
5261.2 2781.76 0.944966
5295.33 2813.99 0.943976
5329.68 2846.41 0.943039
5364.26 2879 0.942155
5399.06 2911.77 0.941322
5434.09 2944.73 0.940536
5469.34 2977.87 0.939797
5504.82 3011.2 0.939102
5540.53 3044.73 0.938449
5576.48 3078.45 0.937836
5612.65 3112.37 0.937263
5649.06 3146.48 0.936726
5685.71 3180.8 0.936224
5722.6 3215.33 0.935755
5759.72 3250.06 0.935319
5797.09 3285 0.934912
5834.69 3320.15 0.934533
5872.55 3355.52 0.934181
5910.64 3391.1 0.933855
5948.99 3426.9 0.933553
5987.58 3462.93 0.933273
6026.42 3499.17 0.933014
6065.52 3535.65 0.932775
6104.87 3572.35 0.932555
6144.47 3609.28 0.932353
6184.33 3646.44 0.932167
6224.45 3683.83 0.931996
6264.83 3721.46 0.931839
6305.48 3759.33 0.931696
6346.38 3797.44 0.931565
6387.55 3835.79 0.931445
6428.99 3874.39 0.931336
6470.7 3913.23 0.931237
6512.68 3952.32 0.931147
6554.93 3991.66 0.931065
6597.45 4031.25 0.930991
6640.25 4071.09 0.930924
6683.33 4111.19 0.930864
6726.69 4151.55 0.93081
6770.32 4192.17 0.930761
6814.25 4233.05 0.930717
6858.45 4274.19 0.930678
6902.95 4315.6 0.930642
6947.73 4357.28 0.930611
6992.8 4399.22 0.930583
7038.16 4441.44 0.930558
7083.82 4483.92 0.930535
7129.78 4526.69 0.930516
7176.03 4569.73 0.930498
7222.59 4613.04 0.930483
7269.44 4656.64 0.930469
7316.6 4700.52 0.930457
7364.07 4744.69 0.930447
7411.84 4789.14 0.930438
7459.92 4833.87 0.93043
7508.32 4878.9 0.930423
7557.03 4924.22 0.930417
7606.05 4969.84 0.930411
7655.39 5015.74 0.930407
7705.06 5061.95 0.930403
7755.04 5108.46 0.930399
7805.35 5155.27 0.930396
7855.99 5202.38 0.930394
7906.95 5249.79 0.930391
7958.25 5297.52 0.93039
8009.88 5345.55 0.930388
8061.84 5393.9 0.930387
8114.14 5442.56 0.930385
8166.78 5491.53 0.930384
8219.76 5540.83 0.930384
8273.08 5590.44 0.930383
8326.76 5640.37 0.930382
8380.77 5690.63 0.930382
8435.14 5741.21 0.930381
8489.86 5792.13 0.930381
8544.94 5843.37 0.930381
8600.38 5894.94 0.930381
8656.17 5946.85 0.93038
8712.32 5999.1 0.93038
8768.84 6051.68 0.93038
8825.73 6104.61 0.93038
8882.99 6157.88 0.93038
8940.61 6211.49 0.93038
8998.61 6265.46 0.93038
9056.99 6319.77 0.93038
9115.75 6374.44 0.93038
9174.89 6429.46 0.93038
9234.41 6484.83 0.93038
9294.31 6540.57 0.93038
9354.61 6596.67 0.93038
9415.29 6653.13 0.93038
9476.38 6709.96 0.93038
9537.85 6767.15 0.93038
9599.73 6824.72 0.93038
9662 6882.66 0.93038
9724.68 6940.98 0.93038
9787.77 6999.67 0.93038
9851.27 7058.75 0.93038
9915.18 7118.21 0.93038
9979.5 7178.05 0.93038
10044.2 7238.29 0.93038
10109.4 7298.91 0.93038
10175 7359.93 0.93038
10241 7421.34 0.93038
10307.4 7483.15 0.93038
10374.3 7545.37 0.93038
10441.6 7607.98 0.93038
10509.3 7671 0.93038
10577.5 7734.44 0.93038
10646.1 7798.28 0.93038
10715.2 7862.54 0.93038
10784.7 7927.21 0.93038
10854.7 7992.3 0.93038
10925.1 8057.82 0.93038
10996 8123.76 0.93038
11067.3 8190.13 0.93038
11139.1 8256.93 0.93038
11211.4 8324.16 0.93038
11284.1 8391.83 0.93038
11357.3 8459.93 0.93038
11431 8528.48 0.93038
11505.1 8597.48 0.93038
11579.8 8666.92 0.93038
11654.9 8736.81 0.93038
11730.5 8807.16 0.93038
11806.6 8877.96 0.93038
11883.2 8949.22 0.93038
11960.3 9020.94 0.93038
12037.9 9093.13 0.93038
12116 9165.79 0.93038
12194.6 9238.92 0.93038
12273.7 9312.52 0.93038
12353.3 9386.6 0.93038
12433.5 9461.16 0.93038
12514.1 9536.21 0.93038
12595.3 9611.74 0.93038
12677 9687.76 0.93038
12759.2 9764.27 0.93038
12842 9841.28 0.93038
12925.3 9918.8 0.93038
13009.2 9996.81 0.93038
13093.6 10075.3 0.93038
13178.5 10154.4 0.93038
13264 10233.9 0.93038
13350.1 10314 0.93038
13436.7 10394.5 0.93038
13523.8 10475.6 0.93038
13611.6 10557.3 0.93038
13699.9 10639.4 0.93038
13788.8 10722.1 0.93038
13878.2 10805.3 0.93038
13968.2 10889.1 0.93038
14058.9 10973.4 0.93038
14150.1 11058.3 0.93038
14241.9 11143.7 0.93038
14334.2 11229.6 0.93038
14427.2 11316.1 0.93038
14520.8 11403.2 0.93038
14615 11490.9 0.93038
14709.8 11579.1 0.93038
14805.3 11667.9 0.93038
14901.3 11757.2 0.93038
14998 11847.2 0.93038
15095.3 11937.7 0.93038
15193.2 12028.8 0.93038
15291.8 12120.5 0.93038
15391 12212.8 0.93038
15490.8 12305.7 0.93038
15591.3 12399.2 0.93038
15692.5 12493.3 0.93038
15794.3 12588 0.93038
15896.7 12683.3 0.93038
15999.9 12779.3 0.93038
16103.7 12875.8 0.93038
16208.1 12973 0.93038
16313.3 13070.9 0.93038
16419.1 13169.3 0.93038
16525.6 13268.4 0.93038
16632.8 13368.2 0.93038
16740.7 13468.6 0.93038
16849.3 13569.6 0.93038
16958.7 13671.3 0.93038
17068.7 13773.7 0.93038
17179.4 13876.7 0.93038
17290.8 13980.4 0.93038
17403 14084.7 0.93038
17515.9 14189.8 0.93038
17629.6 14295.5 0.93038
17743.9 14401.9 0.93038
17859 14509 0.93038
17974.9 14616.8 0.93038
18091.5 14725.3 0.93038
18208.9 14834.5 0.93038
18327 14944.4 0.93038
18445.9 15055 0.93038
18565.5 15166.3 0.93038
18686 15278.4 0.93038
18807.2 15391.2 0.93038
18929.2 15504.7 0.93038
19052 15618.9 0.93038
19175.6 15733.9 0.93038
19300 15849.7 0.93038
19425.2 15966.2 0.93038
19551.2 16083.4 0.93038
19678.1 16201.4 0.93038
19805.7 16320.2 0.93038
19934.2 16439.7 0.93038
20063.5 16560 0.93038
20193.7 16681.1 0.93038
20324.7 16803 0.93038
20456.6 16925.7 0.93038
20589.3 17049.2 0.93038
20722.8 17173.4 0.93038
20857.3 17298.5 0.93038
20992.6 17424.4 0.93038
21128.8 17551.1 0.93038
21265.8 17678.6 0.93038
21403.8 17807 0.93038
21542.7 17936.2 0.93038
21682.4 18066.2 0.93038
21823.1 18197.1 0.93038
21964.6 18328.8 0.93038
22107.1 18461.4 0.93038
22250.6 18594.8 0.93038
22394.9 18729.1 0.93038
22540.2 18864.3 0.93038
22686.4 19000.3 0.93038
22833.6 19137.2 0.93038
22981.7 19275 0.93038
23130.8 19413.8 0.93038
23280.9 19553.4 0.93038
23431.9 19693.9 0.93038
23583.9 19835.3 0.93038
23736.9 19977.7 0.93038
23890.9 20120.9 0.93038
24045.9 20265.1 0.93038
24201.9 20410.3 0.93038
24358.9 20556.3 0.93038
24516.9 20703.4 0.93038
24676 20851.3 0.93038
24836 21000.3 0.93038
24997.2 21150.2 0.93038
25159.3 21301.1 0.93038
25322.5 21452.9 0.93038
25486.8 21605.7 0.93038
25652.2 21759.6 0.93038
25818.6 21914.4 0.93038
25986.1 22070.2 0.93038
26154.7 22227.1 0.93038
26324.3 22384.9 0.93038
26495.1 22543.8 0.93038
26667 22703.7 0.93038
26840 22864.7 0.93038
27014.1 23026.7 0.93038
27189.4 23189.7 0.93038
27365.7 23353.9 0.93038
27543.3 23519 0.93038
27722 23685.3 0.93038
27901.8 23852.6 0.93038
28082.8 24021 0.93038
28265 24190.5 0.93038
28448.4 24361.1 0.93038
28632.9 24532.8 0.93038
28818.7 24705.6 0.93038
29005.6 24879.6 0.93038
29193.8 25054.6 0.93038
29383.2 25230.8 0.93038
29573.8 25408.2 0.93038
29765.7 25586.7 0.93038
29958.8 25766.3 0.93038
30153.1 25947.2 0.93038
30348.7 26129.2 0.93038
30545.6 26312.3 0.93038
30743.8 26496.7 0.93038
30943.2 26682.3 0.93038
31143.9 26869 0.93038
31346 27057 0.93038
31549.3 27246.2 0.93038
31754 27436.6 0.93038
31960 27628.3 0.93038
32167.3 27821.2 0.93038
32376 28015.3 0.93038
32586.1 28210.7 0.93038
32797.5 28407.4 0.93038
33010.2 28605.4 0.93038
33224.4 28804.6 0.93038
33439.9 29005.1 0.93038
33656.9 29207 0.93038
33875.2 29410.1 0.93038
34095 29614.6 0.93038
34316.1 29820.4 0.93038
34538.8 30027.5 0.93038
34762.8 30236 0.93038
34988.3 30445.8 0.93038
35215.3 30657 0.93038
35443.8 30869.5 0.93038
35673.7 31083.4 0.93038
35905.1 31298.7 0.93038
36138.1 31515.5 0.93038
36372.5 31733.6 0.93038
36608.5 31953.1 0.93038
36846 32174.1 0.93038
37085 32396.5 0.93038
37325.6 32620.3 0.93038
37567.7 32845.6 0.93038
37811.4 33072.3 0.93038
38056.7 33300.5 0.93038
38303.6 33530.2 0.93038
38552.1 33761.4 0.93038
38802.2 33994.1 0.93038
39053.9 34228.3 0.93038
39307.3 34464 0.93038
39562.3 34701.3 0.93038
39819 34940.1 0.93038
40077.3 35180.4 0.93038
40337.3 35422.3 0.93038
40599 35665.8 0.93038
40862.3 35910.8 0.93038
41127.4 36157.4 0.93038
41394.2 36405.7 0.93038
41662.8 36655.5 0.93038
41933.1 36907 0.93038
42205.1 37160.1 0.93038
42478.9 37414.8 0.93038
42754.5 37671.2 0.93038
43031.8 37929.3 0.93038
43311 38189 0.93038
43592 38450.4 0.93038
43874.8 38713.5 0.93038
44159.4 38978.3 0.93038
44445.9 39244.9 0.93038
44734.2 39513.1 0.93038
45024.4 39783.1 0.93038
45316.5 40054.9 0.93038
45610.5 40328.4 0.93038
45906.4 40603.7 0.93038
46204.2 40880.8 0.93038
46503.9 41159.6 0.93038
46805.6 41440.3 0.93038
47109.3 41722.8 0.93038
47414.9 42007.2 0.93038
47722.5 42293.3 0.93038
48032.1 42581.4 0.93038
48343.7 42871.3 0.93038
48657.3 43163.1 0.93038
48972.9 43456.8 0.93038
49290.7 43752.3 0.93038
49610.4 44049.8 0.93038
49932.3 44349.3 0.93038
50256.2 44650.7 0.93038
50582.2 44954 0.93038
50910.4 45259.3 0.93038
51240.6 45566.6 0.93038
51573.1 45875.8 0.93038
51907.6 46187.1 0.93038
52244.4 46500.4 0.93038
52583.3 46815.7 0.93038
52924.4 47133.1 0.93038
53267.8 47452.6 0.93038
53613.3 47774.1 0.93038
53961.1 48097.7 0.93038
54311.2 48423.4 0.93038
54663.5 48751.2 0.93038
55018.2 49081.1 0.93038
55375.1 49413.2 0.93038
55734.3 49747.4 0.93038
56095.9 50083.8 0.93038
