5.78741e-09 5.95396e-15 4.29514e-06
5.8738e-08 3.33166e-13 8.58285e-06
5.86595e-07 1.45059e-11 3.56977e-05
4.6076e-06 3.38009e-10 8.97843e-05
5.86875e-06 4.61297e-10 0.000114002
2.3369e-05 3.31505e-09 0.000192532
7.39119e-05 1.62978e-08 0.000292274
0.000147358 4.17301e-08 0.000330144
0.000152693 4.34471e-08 0.000292479
0.000165528 4.67976e-08 0.000304172
0.000294481 1.01986e-07 0.000463041
0.000466785 1.89679e-07 0.00054542
0.000739961 3.52227e-07 0.00041641
0.000792747 3.70702e-07 0.000446592
0.000859333 4.13069e-07 0.00055442
0.000931697 4.48502e-07 0.00055104
0.00117285 6.10601e-07 0.000697128
0.00147667 8.31244e-07 0.000750516
0.0017323 1.02935e-06 0.000535855
0.00185963 1.08409e-06 0.000525282
0.00294795 2.00733e-06 0.000908255
0.00467391 3.71532e-06 0.00105104
0.00633042 5.56999e-06 0.00091467
0.0070765 6.16755e-06 0.00093479
0.00933155 8.92099e-06 0.00127133
0.0117504 1.21316e-05 0.00137956
0.0154948 1.7543e-05 0.00122736
0.0177925 2.00421e-05 0.00125466
0.0234638 2.89812e-05 0.00164107
0.0295474 3.94039e-05 0.00177172
0.0354913 5.03041e-05 0.00128079
0.0389653 5.38549e-05 0.00125817
0.0549487 8.51279e-05 0.00191362
0.0590129 9.27925e-05 0.00199187
0.0713035 0.000119369 0.00114686
0.0787306 0.000125461 0.00110854
0.10265 0.000178607 0.00176378
0.112568 0.000193736 0.00180901
0.132297 0.000240204 0.00240921
0.146764 0.000275794 0.00181491
0.15911 0.000293738 0.00177613
0.191354 0.000375514 0.00260957
0.227502 0.000472769 0.000973271
0.245257 0.000484229 0.000805937
0.256566 0.000495831 0.00103354
0.268397 0.000508152 0.00104919
0.280773 0.000521236 0.00106507
0.293719 0.00053513 0.0010812
0.307263 0.000549885 0.00109757
0.321432 0.000565555 0.00111419
0.336253 0.000582195 0.00113106
0.351758 0.000599866 0.00114818
0.367978 0.000618631 0.00116556
0.384946 0.000638559 0.00118321
0.402697 0.000659722 0.00120112
0.421266 0.000682195 0.00121931
0.440691 0.000706061 0.00123777
0.461012 0.000731406 0.00125651
0.48227 0.00075832 0.00127553
0.504508 0.000786902 0.00129484
0.527771 0.000817254 0.00131445
0.552107 0.000849487 0.00133435
0.577566 0.000883717 0.00135455
0.604198 0.000920067 0.00137506
0.632059 0.000958668 0.00139588
0.661204 0.000999662 0.00141701
0.691693 0.00104319 0.00143847
0.723588 0.00108942 0.00146024
0.756953 0.00113852 0.00148235
0.791857 0.00119065 0.00150479
0.828371 0.00124602 0.00152758
0.866568 0.00130481 0.00155071
0.906527 0.00136725 0.00157418
0.948328 0.00143355 0.00159802
0.992057 0.00150396 0.00162221
1.0378 0.00157874 0.00164677
1.08566 0.00165815 0.0016717
1.13572 0.00174247 0.00169701
1.18809 0.00183202 0.00172271
1.24287 0.00192712 0.00174879
1.30018 0.00202811 0.00177526
1.36014 0.00213535 0.00180214
1.42285 0.00224924 0.00182943
1.48846 0.00237018 0.00185712
1.5571 0.00249862 0.00188524
1.6289 0.00263501 0.00191378
1.70401 0.00277985 0.00194276
1.78258 0.00293367 0.00197217
1.86478 0.00309701 0.00200203
1.95077 0.00327047 0.00203234
2.04072 0.00345468 0.00206311
2.13482 0.0036503 0.00209435
2.23326 0.00385804 0.00212606
2.33624 0.00407865 0.00215824
2.44396 0.00431292 0.00219092
2.55666 0.00456171 0.00222409
2.67455 0.00482591 0.00225776
2.79788 0.00510648 0.00229195
2.92689 0.00540443 0.00232665
3.06185 0.00572083 0.00236187
3.20304 0.00605684 0.00239763
3.35074 0.00641366 0.00243393
3.50524 0.00679259 0.00247078
3.66688 0.00719499 0.00250819
3.83596 0.00762232 0.00254616
4.01284 0.00807613 0.00258471
4.19788 0.00855804 0.00262385
4.39145 0.00906982 0.00266357
4.59395 0.00961329 0.0027039
4.80578 0.0101904 0.00274483
5.02738 0.0108033 0.00278639
5.2592 0.0114542 0.00282858
5.50171 0.0121454 0.0028714
5.7554 0.0128794 0.00291488
6.02079 0.0136589 0.00295901
6.29841 0.0144866 0.00300381
6.58884 0.0153657 0.00304928
6.89266 0.0162992 0.00309545
7.21049 0.0172905 0.00314232
7.54298 0.0183433 0.00318989
7.8908 0.0194612 0.00323819
8.25465 0.0206484 0.00328721
8.63529 0.0219092 0.00333698
9.03347 0.0232481 0.0033875
9.45002 0.0246699 0.00343879
9.88577 0.0261798 0.00349085
10.3416 0.0277832 0.00354371
10.8185 0.029486 0.00359736
11.3173 0.0312942 0.00365182
11.8392 0.0332145 0.00370711
12.3851 0.0352537 0.00376324
12.9562 0.0374193 0.00382021
13.5536 0.039719 0.00387805
14.1786 0.0421611 0.00393677
14.8324 0.0447546 0.00399637
15.5164 0.0475087 0.00405687
16.2318 0.0504335 0.00411829
16.9803 0.0535394 0.00418065
17.7633 0.0568378 0.00424394
18.5824 0.0603405 0.0043082
19.4392 0.0640601 0.00437342
20.3356 0.0680102 0.00443964
21.2733 0.072205 0.00450685
22.2543 0.0766597 0.00457509
23.2804 0.0813904 0.00464435
24.3539 0.0864141 0.00471467
25.4769 0.091749 0.00478605
26.6517 0.0974144 0.00485851
27.8806 0.103431 0.00493207
29.1662 0.10982 0.00500674
30.5111 0.116605 0.00508254
31.9181 0.12381 0.00515949
33.3898 0.131462 0.00523761
34.9295 0.139587 0.00531691
36.5401 0.148216 0.0053974
38.225 0.15738 0.00547912
39.9877 0.167111 0.00556208
41.8315 0.177445 0.00564629
43.7605 0.188419 0.00573177
45.7783 0.200073 0.00581855
47.8892 0.212449 0.00590664
50.0974 0.225592 0.00599607
52.4075 0.239549 0.00608685
54.8241 0.254371 0.00617901
57.3521 0.27011 0.00627256
59.9967 0.286825 0.00636752
62.7632 0.304575 0.00646393
65.6573 0.323425 0.00656179
68.6849 0.343443 0.00666114
71.852 0.364701 0.00676199
75.1652 0.387275 0.00686552
75.1652 0.387275 0.00686451
75.6528 0.39075 0.00738679
76.1436 0.394504 0.00791209
76.6376 0.398543 0.00844042
77.1348 0.402872 0.0089718
77.6352 0.407495 0.00950623
78.1388 0.412418 0.0100437
78.6457 0.417646 0.0105843
79.1559 0.423185 0.011128
79.6694 0.42904 0.0116748
80.1863 0.435216 0.0122248
80.7065 0.441719 0.0127778
81.23 0.448555 0.0133341
81.757 0.455729 0.0138935
82.2874 0.463247 0.014456
82.8212 0.471115 0.0150218
83.3585 0.479339 0.0155908
83.8993 0.487925 0.016163
84.4436 0.496879 0.0167385
84.9914 0.506207 0.0173172
85.5428 0.515916 0.0178992
86.0977 0.526011 0.0184844
86.6563 0.5365 0.019073
87.2184 0.547388 0.0196648
87.7842 0.558683 0.02026
88.3537 0.570392 0.0208585
88.9269 0.58252 0.0214603
89.5038 0.595075 0.0220656
90.0845 0.608064 0.0226741
90.6689 0.621494 0.0232861
91.2571 0.635371 0.0239015
91.8491 0.649705 0.0245203
92.4449 0.664501 0.0251425
93.0447 0.679767 0.0257681
93.6483 0.695511 0.0263972
94.2558 0.71174 0.0270298
94.8673 0.728462 0.0276659
95.4827 0.745686 0.0283054
96.1021 0.763418 0.0289484
96.7256 0.781668 0.029595
97.3531 0.800442 0.0302451
97.9847 0.81975 0.0308987
98.6203 0.8396 0.0315559
99.2601 0.860001 0.0322167
99.904 0.88096 0.032881
100.552 0.902487 0.0335489
101.204 0.924591 0.0342205
101.861 0.94728 0.0348956
102.522 0.970563 0.0355744
103.187 0.994451 0.0362568
103.856 1.01895 0.0369428
104.53 1.04407 0.0376326
105.208 1.06983 0.038326
105.891 1.09622 0.039023
106.578 1.12327 0.0397238
107.269 1.15098 0.0404283
107.965 1.17936 0.0411365
108.665 1.20842 0.0418484
109.37 1.23818 0.0425641
110.08 1.26863 0.0432835
110.794 1.2998 0.0440067
111.513 1.33169 0.0447336
112.236 1.36432 0.0454643
112.964 1.39769 0.0461989
113.697 1.43181 0.0469372
114.435 1.46671 0.0476793
115.177 1.50238 0.0484252
115.924 1.53884 0.049175
116.676 1.57611 0.0499286
117.433 1.61419 0.050686
118.195 1.65309 0.0514473
118.962 1.69283 0.0522124
119.734 1.73343 0.0529815
120.51 1.77488 0.0537543
121.292 1.81721 0.0545311
122.079 1.86042 0.0553118
122.871 1.90454 0.0560963
123.668 1.94957 0.0568848
124.47 1.99552 0.0576772
125.278 2.04242 0.0584735
126.091 2.09027 0.0592737
126.909 2.13908 0.0600778
127.732 2.18888 0.0608859
128.561 2.23967 0.0616979
129.395 2.29146 0.0625139
130.234 2.34428 0.0633338
131.079 2.39814 0.0641576
131.929 2.45305 0.0649854
132.785 2.50902 0.0658172
133.646 2.56608 0.0666529
134.513 2.62423 0.0674926
135.386 2.6835 0.0683363
136.264 2.74389 0.0691839
137.148 2.80542 0.0700355
138.038 2.86812 0.070891
138.934 2.93199 0.0717506
139.835 2.99704 0.0726141
140.742 3.06331 0.0734816
141.655 3.1308 0.074353
142.574 3.19953 0.0752285
143.499 3.26952 0.0761079
144.43 3.34078 0.0769912
145.367 3.41333 0.0778786
146.31 3.4872 0.0787699
147.259 3.56239 0.0796651
148.215 3.63892 0.0805643
149.176 3.71682 0.0814675
150.144 3.7961 0.0823746
151.118 3.87678 0.0832857
152.098 3.95888 0.0842007
153.085 4.04241 0.0851196
154.078 4.12741 0.0860424
155.078 4.21387 0.0869692
156.084 4.30184 0.0878999
157.096 4.39131 0.0888345
158.115 4.48233 0.0897729
159.141 4.5749 0.0907153
160.173 4.66904 0.0916615
161.213 4.76478 0.0926116
162.258 4.86213 0.0935655
163.311 4.96113 0.0945232
164.37 5.06178 0.0954848
165.437 5.16411 0.0964502
166.51 5.26815 0.0974194
167.59 5.37391 0.0983923
168.678 5.48141 0.0993691
169.772 5.59069 0.10035
170.873 5.70175 0.101334
171.982 5.81463 0.102322
173.097 5.92934 0.103313
174.22 6.04591 0.104308
175.351 6.16437 0.105307
176.488 6.28473 0.10631
177.633 6.40703 0.107316
178.785 6.53128 0.108326
179.945 6.65751 0.109339
181.113 6.78574 0.110356
182.288 6.916 0.111376
183.47 7.04832 0.1124
184.66 7.18271 0.113427
185.858 7.31921 0.114458
187.064 7.45783 0.115492
188.278 7.59862 0.116529
189.499 7.74159 0.11757
190.728 7.88676 0.118614
191.966 8.03417 0.119661
193.211 8.18385 0.120711
194.464 8.33581 0.121765
195.726 8.49009 0.122822
196.996 8.64671 0.123881
198.274 8.80571 0.124944
199.56 8.96711 0.12601
200.855 9.13094 0.127079
202.158 9.29722 0.128151
203.469 9.46599 0.129226
204.789 9.63728 0.130303
206.118 9.81111 0.131384
207.455 9.98751 0.132467
208.801 10.1665 0.133552
210.155 10.3482 0.134641
211.519 10.5325 0.135732
212.891 10.7195 0.136825
214.272 10.9092 0.137921
215.662 11.1017 0.139019
217.061 11.2969 0.14012
218.469 11.495 0.141223
219.886 11.696 0.142328
221.313 11.8998 0.143435
222.749 12.1065 0.144545
224.194 12.3162 0.145656
225.648 12.5289 0.146769
227.112 12.7445 0.147884
228.585 12.9632 0.149001
230.068 13.185 0.15012
231.561 13.4099 0.15124
233.063 13.6379 0.152362
234.575 13.8692 0.153486
236.097 14.1036 0.15461
237.628 14.3413 0.155736
239.17 14.5822 0.156864
240.722 14.8265 0.157992
242.283 15.0741 0.159121
243.855 15.3251 0.160251
245.437 15.5795 0.161383
247.029 15.8373 0.162514
248.632 16.0987 0.163647
250.245 16.3636 0.16478
251.868 16.632 0.165913
253.502 16.904 0.167047
255.147 17.1797 0.168181
256.802 17.459 0.169315
258.468 17.742 0.170449
260.145 18.0287 0.171583
261.832 18.3193 0.172716
263.531 18.6136 0.173849
265.24 18.9118 0.174982
266.961 19.2139 0.176114
268.693 19.5198 0.177245
270.436 19.8298 0.178375
272.191 20.1437 0.179504
273.956 20.4617 0.180632
275.734 20.7837 0.181759
277.522 21.1098 0.182884
279.323 21.4401 0.184007
281.135 21.7746 0.185129
282.959 22.1132 0.186248
284.794 22.4561 0.187366
286.642 22.8033 0.188481
288.501 23.1549 0.189593
290.373 23.5107 0.190703
292.257 23.871 0.191811
294.153 24.2357 0.192915
296.061 24.6049 0.194016
297.982 24.9786 0.195114
299.915 25.3569 0.196208
301.86 25.7397 0.197299
303.819 26.1271 0.198385
305.79 26.5192 0.199467
307.773 26.9159 0.200546
309.77 27.3174 0.201619
311.78 27.7237 0.202688
313.802 28.1347 0.203752
315.838 28.5506 0.20481
317.887 28.9713 0.205864
319.949 29.3969 0.206911
322.025 29.8275 0.207953
324.114 30.263 0.208988
326.217 30.7035 0.210018
328.333 31.149 0.21104
330.463 31.5996 0.212056
332.607 32.0553 0.213065
334.764 32.5162 0.214066
336.936 32.9821 0.21506
339.122 33.4533 0.216045
341.322 33.9297 0.217023
343.536 34.4113 0.217992
345.765 34.8982 0.218953
348.008 35.3904 0.219904
350.266 35.8879 0.220846
352.538 36.3908 0.221779
354.825 36.8991 0.222701
357.127 37.4128 0.223614
359.444 37.9319 0.224515
361.776 38.4564 0.225406
364.123 38.9865 0.226286
366.485 39.522 0.227154
368.862 40.0631 0.228011
371.255 40.6098 0.228855
373.664 41.1619 0.229687
376.088 41.7197 0.230506
378.528 42.2831 0.231311
380.983 42.8521 0.232103
383.455 43.4267 0.232881
385.942 44.007 0.233645
388.446 44.5929 0.234394
390.966 45.1845 0.235127
393.502 45.7818 0.235846
396.055 46.3847 0.236548
398.625 46.9934 0.237234
401.211 47.6077 0.237903
403.813 48.2278 0.238555
406.433 48.8536 0.23919
409.07 49.485 0.239806
411.724 50.1222 0.240404
414.395 50.7651 0.240983
417.083 51.4137 0.241543
419.789 52.068 0.242083
422.512 52.728 0.242603
425.253 53.3936 0.243102
428.012 54.065 0.24358
430.788 54.7419 0.244036
433.583 55.4245 0.244469
436.396 56.1128 0.244881
439.227 56.8066 0.245269
442.076 57.506 0.245633
444.944 58.2109 0.245973
447.831 58.9214 0.246288
450.736 59.6373 0.246578
453.66 60.3587 0.246843
456.603 61.0855 0.24708
459.565 61.8177 0.247291
462.547 62.5553 0.247475
465.547 63.2981 0.24763
468.567 64.0462 0.247757
471.607 64.7995 0.247855
474.667 65.5579 0.247922
477.746 66.3214 0.24796
480.845 67.0899 0.247966
483.965 67.8633 0.247941
487.104 68.6417 0.247884
490.264 69.4249 0.247794
493.445 70.2128 0.24767
496.646 71.0054 0.247513
499.868 71.8025 0.24732
503.111 72.6042 0.247093
506.375 73.4102 0.246829
509.66 74.2206 0.246528
512.966 75.0351 0.246191
516.294 75.8538 0.245815
519.643 76.6764 0.2454
523.014 77.5029 0.244946
526.407 78.3332 0.244452
529.822 79.1671 0.243917
533.26 80.0044 0.243341
536.719 80.8452 0.242723
540.201 81.6892 0.242061
543.705 82.5362 0.241356
547.233 83.3862 0.240606
550.783 84.239 0.239812
554.356 85.0944 0.238971
557.952 85.9522 0.238084
561.572 86.8123 0.23715
565.215 87.6745 0.236167
568.882 88.5385 0.235136
572.572 89.4043 0.234055
576.287 90.2716 0.232923
580.025 91.1402 0.23174
583.788 92.0099 0.230506
587.575 92.8804 0.229219
591.387 93.7516 0.227878
595.224 94.6232 0.226483
599.085 95.4949 0.225032
602.971 96.3666 0.223526
606.883 97.2379 0.221964
610.82 98.1086 0.220343
614.783 98.9784 0.218665
618.771 99.847 0.216927
622.785 100.714 0.21513
626.826 101.58 0.213272
630.892 102.443 0.211352
634.985 103.304 0.209371
639.104 104.162 0.207326
643.25 105.017 0.205217
647.423 105.869 0.203043
651.623 106.717 0.200805
655.851 107.561 0.198499
660.105 108.401 0.196127
664.388 109.236 0.193687
668.698 110.065 0.191178
673.036 110.889 0.1886
677.402 111.706 0.185952
681.797 112.518 0.183232
686.22 113.322 0.180441
690.671 114.119 0.177578
695.152 114.908 0.174641
699.662 115.689 0.17163
704.201 116.461 0.168544
708.769 117.223 0.165383
713.367 117.976 0.162146
717.995 118.719 0.158831
722.653 119.451 0.155439
727.341 120.172 0.151969
732.06 120.88 0.14842
736.809 121.577 0.144791
741.589 122.26 0.141081
746.4 122.929 0.137291
751.242 123.585 0.133419
756.115 124.225 0.129465
761.021 124.851 0.125428
765.958 125.46 0.121307
770.927 126.052 0.117102
775.928 126.627 0.112813
780.962 127.184 0.108439
786.028 127.722 0.10398
791.127 128.24 0.0994338
796.26 128.739 0.0948015
801.425 129.216 0.0900822
806.624 129.672 0.0852756
811.857 130.106 0.0803812
817.124 130.516 0.0753986
822.425 130.902 0.0703276
827.76 131.264 0.0651677
833.13 131.6 0.0599188
838.535 131.909 0.0545805
843.975 132.191 0.0491527
849.45 132.445 0.0436351
854.961 132.67 0.0380275
860.507 132.865 0.03233
866.09 133.03 0.0265422
871.708 133.162 0.0206642
877.363 133.262 0.014696
883.055 133.329 0.00863762
888.784 133.36 0.00248903
894.55 133.368 0
900.353 133.368 0
906.194 133.368 0
912.073 133.368 0
917.99 133.368 0
923.945 133.368 0
929.939 133.368 0
935.972 133.368 0
942.044 133.368 0
948.155 133.368 0
954.306 133.368 0
960.497 133.368 0
966.728 133.368 0
973 133.368 0
979.312 133.368 0
985.665 133.368 0
992.059 133.368 0
998.495 133.368 0
1004.97 133.368 0
1011.49 133.368 0
1018.05 133.368 0
1024.66 133.368 0
1031.31 133.368 0
1038 133.368 0
1044.73 133.368 0
1051.51 133.368 0
1058.33 133.368 0
1065.2 133.368 0
1072.11 133.368 0
1079.06 133.368 0
1086.06 133.368 0
1093.11 133.368 0
1100.2 133.368 0
1107.34 133.368 0
1114.52 133.368 0
1121.75 133.368 0
1129.03 133.368 0
1136.35 133.368 0
1143.72 133.368 0
1151.14 133.368 0
1158.61 133.368 0
1166.13 133.368 0
1173.69 133.368 0
1181.31 133.368 0
1188.97 133.368 0
1196.68 133.368 0
1204.45 133.368 0
1212.26 133.368 0
1220.12 133.368 0
1228.04 133.368 0
1236.01 133.368 0
1244.02 133.368 0
1252.09 133.368 0
1260.22 133.368 0
1268.39 133.368 0
1276.62 133.368 0
1284.9 133.368 0
1293.24 133.368 0
1301.63 133.368 0
1310.07 133.368 0
1318.57 133.368 0
1327.13 133.368 0
1335.74 133.368 0
1344.4 133.368 0
1353.12 133.368 0
1361.9 133.368 0
1370.74 133.368 0
1379.63 133.368 0
1388.58 133.368 0
1397.59 133.368 0
1406.65 133.368 0
1415.78 133.368 0
1424.96 133.368 0
1434.21 133.368 0
1443.51 133.368 0
1452.88 133.368 0
1462.3 133.368 0
1471.79 133.368 0
1481.34 133.368 0
1490.95 133.368 0
1500.62 133.368 0
1510.35 133.368 0
1520.15 133.368 0
1530.01 133.368 0
1539.94 133.368 0
1549.93 133.368 0
1559.98 133.368 0
1570.1 133.368 0
1580.29 133.368 0
1590.54 133.368 0
1600.86 133.368 0
1611.25 133.368 0
1621.7 133.368 0
1632.22 133.368 0
1642.81 133.368 0
1653.47 133.368 0
1664.19 133.368 0
1674.99 133.368 0
1685.85 133.368 0
1696.79 133.368 0
1707.8 133.368 0
1718.88 133.368 0
1730.03 133.368 0
1741.25 133.368 0
1752.55 133.368 0
1763.92 133.368 0
1775.36 133.368 0
1786.88 133.368 0
1798.47 133.368 0
1810.14 133.368 0
1821.88 133.368 0
1833.7 133.368 0
1845.6 133.368 0
1857.57 133.368 0
1869.62 133.368 0
1881.75 133.368 0
1893.96 133.368 0
1906.24 133.368 0
1918.61 133.368 0
1931.06 133.368 0
1943.58 133.368 0
1956.19 133.368 0
1968.88 133.368 0
1981.66 133.368 0
1994.51 133.368 0
2007.45 133.368 0
2020.47 133.368 0
2033.58 133.368 0
2046.77 133.368 0
2060.05 133.368 0
2073.42 133.368 0
2086.87 133.368 0
2100.41 133.368 0
2114.03 133.368 0
2127.75 133.368 0
2141.55 133.368 0
2155.44 133.368 0
2169.43 133.368 0
2183.5 133.368 0
2197.66 133.368 0
2211.92 133.368 0
2226.27 133.368 0
2240.71 133.368 0
2255.25 133.368 0
2269.88 133.368 0
2284.61 133.368 0
2299.43 133.368 0
2314.34 133.368 0
2329.36 133.368 0
2344.47 133.368 0
2359.68 133.368 0
2374.99 133.368 0
2390.39 133.368 0
2405.9 133.368 0
2421.51 133.368 0
2437.22 133.368 0
2453.03 133.368 0
2468.94 133.368 0
2484.96 133.368 0
2501.08 133.368 0
2517.31 133.368 0
2533.64 133.368 0
2550.07 133.368 0
2566.62 133.368 0
2583.27 133.368 0
2600.03 133.368 0
2616.89 133.368 0
2633.87 133.368 0
2650.96 133.368 0
2668.15 133.368 0
2685.46 133.368 0
2702.89 133.368 0
2720.42 133.368 0
2738.07 133.368 0
2755.83 133.368 0
2773.71 133.368 0
2791.7 133.368 0
2809.81 133.368 0
2828.04 133.368 0
2846.39 133.368 0
2864.85 133.368 0
2883.44 133.368 0
2902.15 133.368 0
2920.97 133.368 0
2939.92 133.368 0
2958.99 133.368 0
2978.19 133.368 0
2997.51 133.368 0
3016.96 133.368 0
3036.53 133.368 0
3056.23 133.368 0
3076.05 133.368 0
3096.01 133.368 0
3116.1 133.368 0
3136.31 133.368 0
3156.66 133.368 0
3177.14 133.368 0
3197.75 133.368 0
3218.49 133.368 0
3239.37 133.368 0
3260.39 133.368 0
3281.54 133.368 0
3302.83 133.368 0
3324.25 133.368 0
3345.82 133.368 0
3367.52 133.368 0
3389.37 133.368 0
3411.36 133.368 0
3433.49 133.368 0
3455.76 133.368 0
3478.18 133.368 0
3500.75 133.368 0
3523.46 133.368 0
3546.31 133.368 0
3569.32 133.368 0
3592.48 133.368 0
3615.78 133.368 0
3639.24 133.368 0
3662.85 133.368 0
3686.61 133.368 0
3710.53 133.368 0
3734.6 133.368 0
3758.82 133.368 0
3783.21 133.368 0
3807.75 133.368 0
3832.45 133.368 0
3857.32 133.368 0
3882.34 133.368 0
3907.53 133.368 0
3932.88 133.368 0
3958.39 133.368 0
3984.07 133.368 0
4009.92 133.368 0
4035.93 133.368 0
4062.11 133.368 0
4088.47 133.368 0
4114.99 133.368 0
4141.68 133.368 0
4168.55 133.368 0
4195.6 133.368 0
4222.81 133.368 0
4250.21 133.368 0
4277.78 133.368 0
4305.53 133.368 0
4333.46 133.368 0
4361.58 133.368 0
4389.87 134.029 0.0467236
4418.35 136.09 0.0980472
4447.01 139.621 0.148354
4475.86 144.608 0.19734
4504.9 151.026 0.244735
4534.12 158.844 0.290297
4563.54 168.023 0.333829
4593.14 178.518 0.37517
4622.94 190.279 0.414204
4652.93 203.251 0.450856
4683.12 217.377 0.485087
4713.5 232.597 0.516896
4744.08 248.853 0.546313
4774.85 266.083 0.573394
4805.83 284.229 0.598219
4837.01 303.233 0.620884
4868.39 323.04 0.641499
4899.97 343.595 0.660184
4931.76 364.849 0.677064
4963.75 386.755 0.692266
4995.95 409.266 0.705917
5028.36 432.344 0.718143
5060.98 455.948 0.729065
5093.82 480.045 0.738799
5126.86 504.602 0.747455
5160.12 529.59 0.755137
5193.6 554.982 0.761941
5227.29 580.755 0.767956
5261.2 606.888 0.773264
5295.33 633.36 0.777941
5329.68 660.155 0.782056
5364.26 687.258 0.78567
5399.06 714.654 0.78884
5434.09 742.332 0.791616
5469.34 770.282 0.794045
5504.82 798.493 0.796166
5540.53 826.959 0.798017
5576.48 855.671 0.799631
5612.65 884.625 0.801035
5649.06 913.813 0.802255
5685.71 943.234 0.803316
5722.6 972.881 0.804235
5759.72 1002.75 0.805032
5797.09 1032.85 0.805721
5834.69 1063.16 0.806317
5872.55 1093.69 0.806832
5910.64 1124.44 0.807276
5948.99 1155.4 0.807659
5987.58 1186.57 0.807988
6026.42 1217.96 0.808272
6065.52 1249.57 0.808515
6104.87 1281.39 0.808724
6144.47 1313.42 0.808903
6184.33 1345.67 0.809056
6224.45 1378.13 0.809187
6264.83 1410.81 0.809299
6305.48 1443.7 0.809395
6346.38 1476.81 0.809476
6387.55 1510.14 0.809546
6428.99 1543.69 0.809605
6470.7 1577.45 0.809655
6512.68 1611.44 0.809697
6554.93 1645.65 0.809733
6597.45 1680.09 0.809764
6640.25 1714.75 0.80979
6683.33 1749.63 0.809812
6726.69 1784.74 0.80983
6770.32 1820.08 0.809846
6814.25 1855.65 0.809859
6858.45 1891.45 0.80987
6902.95 1927.49 0.809879
6947.73 1963.75 0.809887
6992.8 2000.26 0.809893
7038.16 2037 0.809899
7083.82 2073.98 0.809903
7129.78 2111.2 0.809907
7176.03 2148.66 0.80991
7222.59 2186.36 0.809913
7269.44 2224.31 0.809915
7316.6 2262.51 0.809917
7364.07 2300.95 0.809918
7411.84 2339.64 0.80992
7459.92 2378.59 0.809921
7508.32 2417.78 0.809922
7557.03 2457.23 0.809922
7606.05 2496.94 0.809923
7655.39 2536.9 0.809923
7705.06 2577.13 0.809924
7755.04 2617.61 0.809924
7805.35 2658.36 0.809924
7855.99 2699.37 0.809925
7906.95 2740.65 0.809925
7958.25 2782.19 0.809925
8009.88 2824.01 0.809925
8061.84 2866.09 0.809925
8114.14 2908.45 0.809925
8166.78 2951.09 0.809925
8219.76 2994 0.809925
8273.08 3037.19 0.809925
8326.76 3080.65 0.809925
8380.77 3124.41 0.809925
8435.14 3168.44 0.809925
8489.86 3212.76 0.809925
8544.94 3257.37 0.809925
8600.38 3302.27 0.809925
8656.17 3347.46 0.809925
8712.32 3392.94 0.809925
8768.84 3438.71 0.809925
8825.73 3484.79 0.809925
8882.99 3531.16 0.809925
8940.61 3577.83 0.809925
8998.61 3624.81 0.809925
9056.99 3672.09 0.809926
9115.75 3719.68 0.809926
9174.89 3767.58 0.809926
9234.41 3815.78 0.809926
9294.31 3864.3 0.809926
9354.61 3913.14 0.809926
9415.29 3962.29 0.809926
9476.38 4011.76 0.809926
9537.85 4061.55 0.809926
9599.73 4111.67 0.809926
9662 4162.11 0.809926
9724.68 4212.87 0.809926
9787.77 4263.97 0.809926
9851.27 4315.4 0.809926
9915.18 4367.16 0.809926
9979.5 4419.26 0.809926
10044.2 4471.69 0.809926
10109.4 4524.47 0.809926
10175 4577.58 0.809926
10241 4631.05 0.809926
10307.4 4684.85 0.809926
10374.3 4739.01 0.809926
10441.6 4793.52 0.809926
10509.3 4848.38 0.809926
10577.5 4903.6 0.809926
10646.1 4959.18 0.809926
10715.2 5015.12 0.809926
10784.7 5071.42 0.809926
10854.7 5128.09 0.809926
10925.1 5185.12 0.809926
10996 5242.52 0.809926
11067.3 5300.3 0.809926
11139.1 5358.45 0.809926
11211.4 5416.98 0.809926
11284.1 5475.88 0.809926
11357.3 5535.17 0.809926
11431 5594.85 0.809926
11505.1 5654.91 0.809926
11579.8 5715.36 0.809926
11654.9 5776.2 0.809926
11730.5 5837.44 0.809926
11806.6 5899.08 0.809926
11883.2 5961.11 0.809926
11960.3 6023.55 0.809926
12037.9 6086.39 0.809926
12116 6149.64 0.809926
12194.6 6213.3 0.809926
12273.7 6277.38 0.809926
12353.3 6341.87 0.809926
12433.5 6406.77 0.809926
12514.1 6472.1 0.809926
12595.3 6537.86 0.809926
12677 6604.04 0.809926
12759.2 6670.64 0.809926
12842 6737.68 0.809926
12925.3 6805.16 0.809926
13009.2 6873.07 0.809926
13093.6 6941.43 0.809926
13178.5 7010.22 0.809926
13264 7079.47 0.809926
13350.1 7149.16 0.809926
13436.7 7219.31 0.809926
13523.8 7289.91 0.809926
13611.6 7360.96 0.809926
13699.9 7432.48 0.809926
13788.8 7504.47 0.809926
13878.2 7576.92 0.809926
13968.2 7649.83 0.809926
14058.9 7723.23 0.809926
14150.1 7797.1 0.809926
14241.9 7871.45 0.809926
14334.2 7946.28 0.809926
14427.2 8021.59 0.809926
14520.8 8097.4 0.809926
14615 8173.69 0.809926
14709.8 8250.48 0.809926
14805.3 8327.77 0.809926
14901.3 8405.56 0.809926
14998 8483.86 0.809926
15095.3 8562.66 0.809926
15193.2 8641.98 0.809926
15291.8 8721.81 0.809926
15391 8802.16 0.809926
15490.8 8883.02 0.809926
15591.3 8964.42 0.809926
15692.5 9046.34 0.809926
15794.3 9128.79 0.809926
15896.7 9211.78 0.809926
15999.9 9295.3 0.809926
16103.7 9379.37 0.809926
16208.1 9463.98 0.809926
16313.3 9549.15 0.809926
16419.1 9634.86 0.809926
16525.6 9721.13 0.809926
16632.8 9807.96 0.809926
16740.7 9895.36 0.809926
16849.3 9983.32 0.809926
16958.7 10071.8 0.809926
17068.7 10161 0.809926
17179.4 10250.6 0.809926
17290.8 10340.9 0.809926
17403 10431.8 0.809926
17515.9 10523.2 0.809926
17629.6 10615.2 0.809926
17743.9 10707.9 0.809926
17859 10801.1 0.809926
17974.9 10894.9 0.809926
18091.5 10989.4 0.809926
18208.9 11084.4 0.809926
18327 11180.1 0.809926
18445.9 11276.4 0.809926
18565.5 11373.3 0.809926
18686 11470.9 0.809926
18807.2 11569 0.809926
18929.2 11667.9 0.809926
19052 11767.3 0.809926
19175.6 11867.4 0.809926
19300 11968.2 0.809926
19425.2 12069.6 0.809926
19551.2 12171.7 0.809926
19678.1 12274.4 0.809926
19805.7 12377.8 0.809926
19934.2 12481.8 0.809926
20063.5 12586.6 0.809926
20193.7 12692 0.809926
20324.7 12798.1 0.809926
20456.6 12904.9 0.809926
20589.3 13012.4 0.809926
20722.8 13120.6 0.809926
20857.3 13229.4 0.809926
20992.6 13339 0.809926
21128.8 13449.3 0.809926
21265.8 13560.4 0.809926
21403.8 13672.1 0.809926
21542.7 13784.5 0.809926
21682.4 13897.7 0.809926
21823.1 14011.7 0.809926
21964.6 14126.3 0.809926
22107.1 14241.7 0.809926
22250.6 14357.9 0.809926
22394.9 14474.8 0.809926
22540.2 14592.5 0.809926
22686.4 14710.9 0.809926
22833.6 14830.1 0.809926
22981.7 14950.1 0.809926
23130.8 15070.8 0.809926
23280.9 15192.4 0.809926
23431.9 15314.7 0.809926
23583.9 15437.8 0.809926
23736.9 15561.7 0.809926
23890.9 15686.4 0.809926
24045.9 15812 0.809926
24201.9 15938.3 0.809926
24358.9 16065.5 0.809926
24516.9 16193.5 0.809926
24676 16322.3 0.809926
24836 16451.9 0.809926
24997.2 16582.4 0.809926
25159.3 16713.8 0.809926
25322.5 16846 0.809926
25486.8 16979 0.809926
25652.2 17112.9 0.809926
25818.6 17247.7 0.809926
25986.1 17383.4 0.809926
26154.7 17519.9 0.809926
26324.3 17657.3 0.809926
26495.1 17795.7 0.809926
26667 17934.9 0.809926
26840 18075 0.809926
27014.1 18216 0.809926
27189.4 18358 0.809926
27365.7 18500.8 0.809926
27543.3 18644.6 0.809926
27722 18789.3 0.809926
27901.8 18935 0.809926
28082.8 19081.6 0.809926
28265 19229.1 0.809926
28448.4 19377.6 0.809926
28632.9 19527.1 0.809926
28818.7 19677.6 0.809926
29005.6 19829 0.809926
29193.8 19981.4 0.809926
29383.2 20134.8 0.809926
29573.8 20289.2 0.809926
29765.7 20444.6 0.809926
29958.8 20601 0.809926
30153.1 20758.4 0.809926
30348.7 20916.8 0.809926
30545.6 21076.3 0.809926
30743.8 21236.8 0.809926
30943.2 21398.3 0.809926
31143.9 21560.9 0.809926
31346 21724.5 0.809926
31549.3 21889.2 0.809926
31754 22055 0.809926
31960 22221.8 0.809926
32167.3 22389.8 0.809926
32376 22558.8 0.809926
32586.1 22728.9 0.809926
32797.5 22900.1 0.809926
33010.2 23072.4 0.809926
33224.4 23245.9 0.809926
33439.9 23420.4 0.809926
33656.9 23596.1 0.809926
33875.2 23773 0.809926
34095 23951 0.809926
34316.1 24130.1 0.809926
34538.8 24310.4 0.809926
34762.8 24491.9 0.809926
34988.3 24674.6 0.809926
35215.3 24858.4 0.809926
35443.8 25043.4 0.809926
35673.7 25229.7 0.809926
35905.1 25417.1 0.809926
36138.1 25605.8 0.809926
36372.5 25795.6 0.809926
36608.5 25986.7 0.809926
36846 26179.1 0.809926
37085 26372.7 0.809926
37325.6 26567.6 0.809926
37567.7 26763.7 0.809926
37811.4 26961.1 0.809926
38056.7 27159.7 0.809926
38303.6 27359.7 0.809926
38552.1 27561 0.809926
38802.2 27763.5 0.809926
39053.9 27967.4 0.809926
39307.3 28172.6 0.809926
39562.3 28379.1 0.809926
39819 28587 0.809926
40077.3 28796.2 0.809926
40337.3 29006.8 0.809926
40599 29218.7 0.809926
40862.3 29432.1 0.809926
41127.4 29646.8 0.809926
41394.2 29862.8 0.809926
41662.8 30080.3 0.809926
41933.1 30299.3 0.809926
42205.1 30519.6 0.809926
42478.9 30741.3 0.809926
42754.5 30964.5 0.809926
43031.8 31189.2 0.809926
43311 31415.3 0.809926
43592 31642.8 0.809926
43874.8 31871.9 0.809926
44159.4 32102.4 0.809926
44445.9 32334.4 0.809926
44734.2 32568 0.809926
45024.4 32803 0.809926
45316.5 33039.6 0.809926
45610.5 33277.7 0.809926
45906.4 33517.3 0.809926
46204.2 33758.6 0.809926
46503.9 34001.3 0.809926
46805.6 34245.7 0.809926
47109.3 34491.6 0.809926
47414.9 34739.1 0.809926
47722.5 34988.3 0.809926
48032.1 35239 0.809926
48343.7 35491.4 0.809926
48657.3 35745.4 0.809926
48972.9 36001 0.809926
49290.7 36258.4 0.809926
49610.4 36517.3 0.809926
49932.3 36778 0.809926
50256.2 37040.4 0.809926
50582.2 37304.4 0.809926
50910.4 37570.2 0.809926
51240.6 37837.7 0.809926
51573.1 38106.9 0.809926
51907.6 38377.9 0.809926
52244.4 38650.6 0.809926
52583.3 38925.2 0.809926
52924.4 39201.4 0.809926
53267.8 39479.5 0.809926
53613.3 39759.4 0.809926
53961.1 40041.1 0.809926
54311.2 40324.6 0.809926
54663.5 40610 0.809926
55018.2 40897.2 0.809926
55375.1 41186.3 0.809926
55734.3 41477.2 0.809926
56095.9 41770.1 0.809926
