5.78741e-09 5.95396e-15 4.29514e-06
5.8738e-08 3.33166e-13 8.58285e-06
5.86595e-07 1.45059e-11 3.56977e-05
4.6076e-06 3.38009e-10 8.97843e-05
5.86875e-06 4.61297e-10 0.000114002
2.3369e-05 3.31505e-09 0.000192532
7.39119e-05 1.62978e-08 0.000292274
0.000147358 4.17301e-08 0.000330144
0.000152693 4.34471e-08 0.000292479
0.000165528 4.67976e-08 0.000304172
0.000294481 1.01986e-07 0.000463041
0.000466785 1.89679e-07 0.00054542
0.000739961 3.52227e-07 0.00041641
0.000792747 3.70702e-07 0.000446592
0.000859333 4.13069e-07 0.00055442
0.000931697 4.48502e-07 0.00055104
0.00117285 6.10601e-07 0.000697128
0.00147667 8.31244e-07 0.000750516
0.0017323 1.02935e-06 0.000535855
0.00185963 1.08409e-06 0.000525282
0.00294795 2.00733e-06 0.000908255
0.00467391 3.71532e-06 0.00105104
0.00633042 5.56999e-06 0.00091467
0.0070765 6.16755e-06 0.00093479
0.00933155 8.92099e-06 0.00127133
0.0117504 1.21316e-05 0.00137956
0.0154948 1.7543e-05 0.00122736
0.0177925 2.00421e-05 0.00125466
0.0234638 2.89812e-05 0.00164107
0.0295474 3.94039e-05 0.00177172
0.0354913 5.03041e-05 0.00128079
0.0389653 5.38549e-05 0.00125817
0.0549487 8.51279e-05 0.00191362
0.0590129 9.27925e-05 0.00199187
0.0713035 0.000119369 0.00114686
0.0787306 0.000125461 0.00110854
0.10265 0.000178607 0.00176378
0.112568 0.000193736 0.00180901
0.132297 0.000240204 0.00240921
0.146764 0.000275794 0.00181491
0.15911 0.000293738 0.00177613
0.191354 0.000375514 0.00260957
0.227502 0.000472769 0.000973271
0.245257 0.000484229 0.000805937
0.256566 0.000495831 0.00103354
0.268397 0.000508152 0.00104919
0.280773 0.000521236 0.00106507
0.293719 0.00053513 0.0010812
0.307263 0.000549885 0.00109757
0.321432 0.000565555 0.00111419
0.336253 0.000582195 0.00113106
0.351758 0.000599866 0.00114818
0.367978 0.000618631 0.00116556
0.384946 0.000638559 0.00118321
0.402697 0.000659722 0.00120112
0.421266 0.000682195 0.00121931
0.440691 0.000706061 0.00123777
0.461012 0.000731406 0.00125651
0.48227 0.00075832 0.00127553
0.504508 0.000786902 0.00129484
0.527771 0.000817254 0.00131445
0.552107 0.000849487 0.00133435
0.577566 0.000883717 0.00135455
0.604198 0.000920067 0.00137506
0.632059 0.000958668 0.00139588
0.661204 0.000999662 0.00141701
0.691693 0.00104319 0.00143847
0.723588 0.00108942 0.00146024
0.756953 0.00113852 0.00148235
0.791857 0.00119065 0.00150479
0.828371 0.00124602 0.00152758
0.866568 0.00130481 0.00155071
0.906527 0.00136725 0.00157418
0.948328 0.00143355 0.00159802
0.992057 0.00150396 0.00162221
1.0378 0.00157874 0.00164677
1.08566 0.00165815 0.0016717
1.13572 0.00174247 0.00169701
1.18809 0.00183202 0.00172271
1.24287 0.00192712 0.00174879
1.30018 0.00202811 0.00177526
1.36014 0.00213535 0.00180214
1.42285 0.00224924 0.00182943
1.48846 0.00237018 0.00185712
1.5571 0.00249862 0.00188524
1.6289 0.00263501 0.00191378
1.70401 0.00277985 0.00194276
1.78258 0.00293367 0.00197217
1.86478 0.00309701 0.00200203
1.95077 0.00327047 0.00203234
2.04072 0.00345468 0.00206311
2.13482 0.0036503 0.00209435
2.23326 0.00385804 0.00212606
2.33624 0.00407865 0.00215824
2.44396 0.00431292 0.00219092
2.55666 0.00456171 0.00222409
2.67455 0.00482591 0.00225776
2.79788 0.00510648 0.00229195
2.92689 0.00540443 0.00232665
3.06185 0.00572083 0.00236187
3.20304 0.00605684 0.00239763
3.35074 0.00641366 0.00243393
3.50524 0.00679259 0.00247078
3.66688 0.00719499 0.00250819
3.83596 0.00762232 0.00254616
4.01284 0.00807613 0.00258471
4.19788 0.00855804 0.00262385
4.39145 0.00906982 0.00266357
4.59395 0.00961329 0.0027039
4.80578 0.0101904 0.00274483
5.02738 0.0108033 0.00278639
5.2592 0.0114542 0.00282858
5.50171 0.0121454 0.0028714
5.7554 0.0128794 0.00291488
6.02079 0.0136589 0.00295901
6.29841 0.0144866 0.00300381
6.58884 0.0153657 0.00304928
6.89266 0.0162992 0.00309545
7.21049 0.0172905 0.00314232
7.54298 0.0183433 0.00318989
7.8908 0.0194612 0.00323819
8.25465 0.0206484 0.00328721
8.63529 0.0219092 0.00333698
9.03347 0.0232481 0.0033875
9.45002 0.0246699 0.00343879
9.88577 0.0261798 0.00349085
10.3416 0.0277832 0.00354371
10.8185 0.029486 0.00359736
11.3173 0.0312942 0.00365182
11.8392 0.0332145 0.00370711
12.3851 0.0352537 0.00376324
12.9562 0.0374193 0.00382021
13.5536 0.039719 0.00387805
14.1786 0.0421611 0.00393677
14.8324 0.0447546 0.00399637
15.5164 0.0475087 0.00405687
16.2318 0.0504335 0.00411829
16.9803 0.0535394 0.00418065
17.7633 0.0568378 0.00424394
18.5824 0.0603405 0.0043082
19.4392 0.0640601 0.00437342
20.3356 0.0680102 0.00443964
21.2733 0.072205 0.00450685
22.2543 0.0766597 0.00457509
23.2804 0.0813904 0.00464435
24.3539 0.0864141 0.00471467
25.4769 0.091749 0.00478605
26.6517 0.0974144 0.00485851
27.8806 0.103431 0.00493207
29.1662 0.10982 0.00500674
30.5111 0.116605 0.00508254
31.9181 0.12381 0.00515949
33.3898 0.131462 0.00523761
34.9295 0.139587 0.00531691
36.5401 0.148216 0.0053974
38.225 0.15738 0.00547912
39.9877 0.167111 0.00556208
41.8315 0.177445 0.00564629
43.7605 0.188419 0.00573177
45.7783 0.200073 0.00581855
47.8892 0.212449 0.00590664
50.0974 0.225592 0.00599607
52.4075 0.239549 0.00608685
54.8241 0.254371 0.00617901
57.3521 0.27011 0.00627256
59.9967 0.286825 0.00636752
62.7632 0.304575 0.00646393
65.6573 0.323425 0.00656179
68.6849 0.343443 0.00666114
71.852 0.364701 0.00676199
75.1652 0.387275 0.00686552
75.1652 0.387275 0.00686451
75.6528 0.390762 0.00743471
76.1436 0.394551 0.00800826
76.6376 0.39865 0.00858518
77.1348 0.403062 0.00916549
77.6352 0.407795 0.00974921
78.1388 0.412853 0.0103363
78.6457 0.418242 0.0109269
79.1559 0.423969 0.0115209
79.6694 0.430038 0.0121184
80.1863 0.436457 0.0127194
80.7065 0.443231 0.0133239
81.23 0.450366 0.0139319
81.757 0.457869 0.0145434
82.2874 0.465745 0.0151585
82.8212 0.474002 0.0157771
83.3585 0.482646 0.0163994
83.8993 0.491684 0.0170252
84.4436 0.501122 0.0176546
84.9914 0.510967 0.0182877
85.5428 0.521226 0.0189244
86.0977 0.531905 0.0195648
86.6563 0.543013 0.0202088
87.2184 0.554556 0.0208565
87.7842 0.566541 0.021508
88.3537 0.578976 0.0221631
88.9269 0.591868 0.022822
89.5038 0.605226 0.0234847
90.0845 0.619055 0.0241511
90.6689 0.633365 0.0248213
91.2571 0.648163 0.0254953
91.8491 0.663458 0.0261731
92.4449 0.679256 0.0268548
93.0447 0.695567 0.0275403
93.6483 0.712399 0.0282296
94.2558 0.72976 0.0289229
94.8673 0.747659 0.02962
95.4827 0.766104 0.030321
96.1021 0.785104 0.031026
96.7256 0.804668 0.0317349
97.3531 0.824805 0.0324477
97.9847 0.845524 0.0331645
98.6203 0.866834 0.0338853
99.2601 0.888746 0.0346101
99.904 0.911267 0.0353388
100.552 0.934408 0.0360716
101.204 0.958178 0.0368085
101.861 0.982588 0.0375493
102.522 1.00765 0.0382943
103.187 1.03337 0.0390433
103.856 1.05975 0.0397964
104.53 1.08682 0.0405536
105.208 1.11458 0.041315
105.891 1.14304 0.0420804
106.578 1.17221 0.04285
107.269 1.20211 0.0436238
107.965 1.23273 0.0444017
108.665 1.26411 0.0451838
109.37 1.29624 0.0459701
110.08 1.32913 0.0467606
110.794 1.36281 0.0475553
111.513 1.39728 0.0483542
112.236 1.43255 0.0491574
112.964 1.46864 0.0499648
113.697 1.50555 0.0507765
114.435 1.5433 0.0515924
115.177 1.58191 0.0524127
115.924 1.62138 0.0532372
116.676 1.66173 0.054066
117.433 1.70297 0.0548991
118.195 1.74511 0.0557366
118.962 1.78817 0.0565784
119.734 1.83216 0.0574245
120.51 1.87709 0.0582749
121.292 1.92299 0.0591298
122.079 1.96985 0.0599889
122.871 2.0177 0.0608525
123.668 2.06656 0.0617204
124.47 2.11642 0.0625927
125.278 2.16732 0.0634694
126.091 2.21926 0.0643505
126.909 2.27226 0.065236
127.732 2.32634 0.066126
128.561 2.3815 0.0670203
129.395 2.43777 0.067919
130.234 2.49516 0.0688222
131.079 2.55369 0.0697298
131.929 2.61338 0.0706418
132.785 2.67423 0.0715583
133.646 2.73627 0.0724792
134.513 2.79951 0.0734046
135.386 2.86397 0.0743344
136.264 2.92967 0.0752686
137.148 2.99662 0.0762073
138.038 3.06484 0.0771504
138.934 3.13436 0.078098
139.835 3.20518 0.07905
140.742 3.27732 0.0800064
141.655 3.35081 0.0809673
142.574 3.42566 0.0819327
143.499 3.50189 0.0829024
144.43 3.57952 0.0838767
145.367 3.65857 0.0848553
146.31 3.73905 0.0858384
147.259 3.821 0.0868259
148.215 3.90442 0.0878178
149.176 3.98934 0.0888141
150.144 4.07577 0.0898148
151.118 4.16374 0.0908199
152.098 4.25327 0.0918294
153.085 4.34438 0.0928433
154.078 4.43709 0.0938615
155.078 4.53142 0.0948841
156.084 4.6274 0.095911
157.096 4.72504 0.0969423
158.115 4.82436 0.0979779
159.141 4.9254 0.0990178
160.173 5.02816 0.100062
161.213 5.13268 0.10111
162.258 5.23898 0.102163
163.311 5.34707 0.10322
164.37 5.45699 0.104281
165.437 5.56876 0.105347
166.51 5.6824 0.106416
167.59 5.79793 0.10749
168.678 5.91538 0.108568
169.772 6.03477 0.10965
170.873 6.15614 0.110736
171.982 6.27949 0.111826
173.097 6.40487 0.11292
174.22 6.53229 0.114019
175.351 6.66178 0.115121
176.488 6.79336 0.116227
177.633 6.92707 0.117337
178.785 7.06293 0.118451
179.945 7.20096 0.119569
181.113 7.3412 0.120691
182.288 7.48367 0.121816
183.47 7.62839 0.122945
184.66 7.7754 0.124078
185.858 7.92472 0.125215
187.064 8.07638 0.126355
188.278 8.23041 0.127499
189.499 8.38685 0.128647
190.728 8.5457 0.129798
191.966 8.70702 0.130952
193.211 8.87082 0.13211
194.464 9.03714 0.133271
195.726 9.20601 0.134436
196.996 9.37745 0.135604
198.274 9.55149 0.136775
199.56 9.72818 0.137949
200.855 9.90753 0.139126
202.158 10.0896 0.140306
203.469 10.2744 0.141489
204.789 10.4619 0.142676
206.118 10.6523 0.143865
207.455 10.8454 0.145056
208.801 11.0414 0.146251
210.155 11.2404 0.147448
211.519 11.4422 0.148648
212.891 11.647 0.14985
214.272 11.8548 0.151054
215.662 12.0656 0.152261
217.061 12.2795 0.153471
218.469 12.4964 0.154682
219.886 12.7165 0.155895
221.313 12.9398 0.157111
222.749 13.1662 0.158328
224.194 13.3959 0.159547
225.648 13.6288 0.160768
227.112 13.8651 0.161991
228.585 14.1046 0.163215
230.068 14.3476 0.16444
231.561 14.5939 0.165667
233.063 14.8437 0.166895
234.575 15.097 0.168124
236.097 15.3538 0.169354
237.628 15.6141 0.170585
239.17 15.878 0.171817
240.722 16.1456 0.17305
242.283 16.4168 0.174282
243.855 16.6917 0.175516
245.437 16.9703 0.176749
247.029 17.2527 0.177983
248.632 17.5389 0.179217
250.245 17.829 0.18045
251.868 18.1229 0.181684
253.502 18.4208 0.182916
255.147 18.7226 0.184149
256.802 19.0285 0.18538
258.468 19.3383 0.186611
260.145 19.6523 0.18784
261.832 19.9703 0.189069
263.531 20.2925 0.190296
265.24 20.6189 0.191521
266.961 20.9495 0.192745
268.693 21.2844 0.193967
270.436 21.6235 0.195187
272.191 21.967 0.196404
273.956 22.3149 0.197619
275.734 22.6672 0.198832
277.522 23.024 0.200042
279.323 23.3852 0.201248
281.135 23.751 0.202452
282.959 24.1213 0.203652
284.794 24.4962 0.204848
286.642 24.8758 0.20604
288.501 25.2601 0.207229
290.373 25.649 0.208413
292.257 26.0427 0.209592
294.153 26.4412 0.210767
296.061 26.8445 0.211937
297.982 27.2527 0.213101
299.915 27.6658 0.21426
301.86 28.0838 0.215413
303.819 28.5067 0.21656
305.79 28.9347 0.217701
307.773 29.3677 0.218835
309.77 29.8057 0.219963
311.78 30.2489 0.221083
313.802 30.6972 0.222196
315.838 31.1507 0.223301
317.887 31.6093 0.224399
319.949 32.0732 0.225488
322.025 32.5424 0.226568
324.114 33.0168 0.22764
326.217 33.4966 0.228702
328.333 33.9817 0.229755
330.463 34.4722 0.230798
332.607 34.9681 0.231831
334.764 35.4694 0.232853
336.936 35.9762 0.233864
339.122 36.4885 0.234864
341.322 37.0063 0.235853
343.536 37.5296 0.236829
345.765 38.0585 0.237793
348.008 38.5929 0.238745
350.266 39.133 0.239683
352.538 39.6787 0.240608
354.825 40.23 0.241519
357.127 40.787 0.242416
359.444 41.3496 0.243298
361.776 41.918 0.244165
364.123 42.492 0.245017
366.485 43.0718 0.245853
368.862 43.6573 0.246672
371.255 44.2485 0.247474
373.664 44.8455 0.248259
376.088 45.4482 0.249027
378.528 46.0567 0.249776
380.983 46.671 0.250506
383.455 47.291 0.251218
385.942 47.9168 0.251909
388.446 48.5483 0.252581
390.966 49.1857 0.253232
393.502 49.8287 0.253862
396.055 50.4776 0.25447
398.625 51.1322 0.255056
401.211 51.7925 0.25562
403.813 52.4585 0.25616
406.433 53.1302 0.256677
409.07 53.8076 0.257169
411.724 54.4907 0.257636
414.395 55.1795 0.258078
417.083 55.8738 0.258494
419.789 56.5738 0.258883
422.512 57.2793 0.259245
425.253 57.9903 0.25958
428.012 58.7069 0.259886
430.788 59.4289 0.260163
433.583 60.1563 0.26041
436.396 60.8891 0.260628
439.227 61.6272 0.260814
442.076 62.3706 0.260969
444.944 63.1192 0.261092
447.831 63.873 0.261182
450.736 64.6319 0.261239
453.66 65.3958 0.261261
456.603 66.1647 0.261249
459.565 66.9384 0.261202
462.547 67.7171 0.261118
465.547 68.5004 0.260998
468.567 69.2884 0.26084
471.607 70.081 0.260643
474.667 70.8781 0.260408
477.746 71.6796 0.260134
480.845 72.4853 0.259818
483.965 73.2952 0.259462
487.104 74.1092 0.259064
490.264 74.9272 0.258624
493.445 75.749 0.25814
496.646 76.5745 0.257612
499.868 77.4035 0.257039
503.111 78.2361 0.25642
506.375 79.0719 0.255756
509.66 79.9109 0.255044
512.966 80.7529 0.254284
516.294 81.5978 0.253475
519.643 82.4453 0.252617
523.014 83.2954 0.251709
526.407 84.1478 0.25075
529.822 85.0024 0.249739
533.26 85.8589 0.248675
536.719 86.7173 0.247558
540.201 87.5772 0.246386
543.705 88.4385 0.24516
547.233 89.301 0.243877
550.783 90.1644 0.242538
554.356 91.0285 0.241142
557.952 91.8931 0.239687
561.572 92.758 0.238174
565.215 93.6228 0.2366
568.882 94.4874 0.234966
572.572 95.3514 0.23327
576.287 96.2146 0.231512
580.025 97.0767 0.22969
583.788 97.9374 0.227805
587.575 98.7965 0.225855
591.387 99.6536 0.22384
595.224 100.508 0.221759
599.085 101.361 0.21961
602.971 102.21 0.217393
606.883 103.056 0.215108
610.82 103.898 0.212754
614.783 104.736 0.21033
618.771 105.57 0.207834
622.785 106.399 0.205267
626.826 107.223 0.202628
630.892 108.042 0.199916
634.985 108.854 0.197129
639.104 109.66 0.194269
643.25 110.46 0.191333
647.423 111.252 0.188321
651.623 112.036 0.185233
655.851 112.813 0.182068
660.105 113.58 0.178825
664.388 114.339 0.175504
668.698 115.088 0.172103
673.036 115.827 0.168623
677.402 116.556 0.165063
681.797 117.273 0.161422
686.22 117.979 0.1577
690.671 118.672 0.153897
695.152 119.353 0.150011
699.662 120.021 0.146042
704.201 120.674 0.141991
708.769 121.314 0.137856
713.367 121.938 0.133637
717.995 122.546 0.129334
722.653 123.139 0.124946
727.341 123.714 0.120473
732.06 124.272 0.115916
736.809 124.811 0.111273
741.589 125.332 0.106544
746.4 125.833 0.10173
751.242 126.313 0.0968296
756.115 126.773 0.0918435
761.021 127.211 0.0867713
765.958 127.627 0.081613
770.927 128.019 0.0763687
775.928 128.388 0.0710384
780.962 128.732 0.0656222
786.028 129.05 0.0601201
791.127 129.343 0.0545325
796.26 129.608 0.0488594
801.425 129.846 0.0431013
806.624 130.054 0.0372582
811.857 130.234 0.0313307
817.124 130.383 0.0253192
822.425 130.501 0.019224
827.76 130.587 0.0130456
833.13 130.641 0.00678473
838.535 130.66 0.000441849
843.975 130.661 0
849.45 130.661 0
854.961 130.661 0
860.507 130.661 0
866.09 130.661 0
871.708 130.661 0
877.363 130.661 0
883.055 130.661 0
888.784 130.661 0
894.55 130.661 0
900.353 130.661 0
906.194 130.661 0
912.073 130.661 0
917.99 130.661 0
923.945 130.661 0
929.939 130.661 0
935.972 130.661 0
942.044 130.661 0
948.155 130.661 0
954.306 130.661 0
960.497 130.661 0
966.728 130.661 0
973 130.661 0
979.312 130.661 0
985.665 130.661 0
992.059 130.661 0
998.495 130.661 0
1004.97 130.661 0
1011.49 130.661 0
1018.05 130.661 0
1024.66 130.661 0
1031.31 130.661 0
1038 130.661 0
1044.73 130.661 0
1051.51 130.661 0
1058.33 130.661 0
1065.2 130.661 0
1072.11 130.661 0
1079.06 130.661 0
1086.06 130.661 0
1093.11 130.661 0
1100.2 130.661 0
1107.34 130.661 0
1114.52 130.661 0
1121.75 130.661 0
1129.03 130.661 0
1136.35 130.661 0
1143.72 130.661 0
1151.14 130.661 0
1158.61 130.661 0
1166.13 130.661 0
1173.69 130.661 0
1181.31 130.661 0
1188.97 130.661 0
1196.68 130.661 0
1204.45 130.661 0
1212.26 130.661 0
1220.12 130.661 0
1228.04 130.661 0
1236.01 130.661 0
1244.02 130.661 0
1252.09 130.661 0
1260.22 130.661 0
1268.39 130.661 0
1276.62 130.661 0
1284.9 130.661 0
1293.24 130.661 0
1301.63 130.661 0
1310.07 130.661 0
1318.57 130.661 0
1327.13 130.661 0
1335.74 130.661 0
1344.4 130.661 0
1353.12 130.661 0
1361.9 130.661 0
1370.74 130.661 0
1379.63 130.661 0
1388.58 130.661 0
1397.59 130.661 0
1406.65 130.661 0
1415.78 130.661 0
1424.96 130.661 0
1434.21 130.661 0
1443.51 130.661 0
1452.88 130.661 0
1462.3 130.661 0
1471.79 130.661 0
1481.34 130.661 0
1490.95 130.661 0
1500.62 130.661 0
1510.35 130.661 0
1520.15 130.661 0
1530.01 130.661 0
1539.94 130.661 0
1549.93 130.661 0
1559.98 130.661 0
1570.1 130.661 0
1580.29 130.661 0
1590.54 130.661 0
1600.86 130.661 0
1611.25 130.661 0
1621.7 130.661 0
1632.22 130.661 0
1642.81 130.661 0
1653.47 130.661 0
1664.19 130.661 0
1674.99 130.661 0
1685.85 130.661 0
1696.79 130.661 0
1707.8 130.661 0
1718.88 130.661 0
1730.03 130.661 0
1741.25 130.661 0
1752.55 130.661 0
1763.92 130.661 0
1775.36 130.661 0
1786.88 130.661 0
1798.47 130.661 0
1810.14 130.661 0
1821.88 130.661 0
1833.7 130.661 0
1845.6 130.661 0
1857.57 130.661 0
1869.62 130.661 0
1881.75 130.661 0
1893.96 130.661 0
1906.24 130.661 0
1918.61 130.661 0
1931.06 130.661 0
1943.58 130.661 0
1956.19 130.661 0
1968.88 130.661 0
1981.66 130.661 0
1994.51 130.661 0
2007.45 130.661 0
2020.47 130.661 0
2033.58 130.661 0
2046.77 130.661 0
2060.05 130.661 0
2073.42 130.661 0
2086.87 130.661 0
2100.41 130.661 0
2114.03 130.661 0
2127.75 130.661 0
2141.55 130.661 0
2155.44 130.661 0
2169.43 130.661 0
2183.5 130.661 0
2197.66 130.661 0
2211.92 130.661 0
2226.27 130.661 0
2240.71 130.661 0
2255.25 130.661 0
2269.88 130.661 0
2284.61 130.661 0
2299.43 130.661 0
2314.34 130.661 0
2329.36 130.661 0
2344.47 130.661 0
2359.68 130.661 0
2374.99 130.661 0
2390.39 130.661 0
2405.9 130.661 0
2421.51 130.661 0
2437.22 130.661 0
2453.03 130.661 0
2468.94 130.661 0
2484.96 130.661 0
2501.08 130.661 0
2517.31 130.661 0
2533.64 130.661 0
2550.07 130.661 0
2566.62 130.661 0
2583.27 130.661 0
2600.03 130.661 0
2616.89 130.661 0
2633.87 130.661 0
2650.96 130.661 0
2668.15 130.661 0
2685.46 130.661 0
2702.89 130.661 0
2720.42 130.661 0
2738.07 130.661 0
2755.83 130.661 0
2773.71 130.661 0
2791.7 130.661 0
2809.81 130.661 0
2828.04 130.661 0
2846.39 130.661 0
2864.85 130.661 0
2883.44 130.661 0
2902.15 130.661 0
2920.97 130.661 0
2939.92 130.661 0
2958.99 130.661 0
2978.19 130.661 0
2997.51 130.661 0
3016.96 130.661 0
3036.53 130.661 0
3056.23 130.661 0
3076.05 130.661 0
3096.01 130.661 0
3116.1 130.661 0
3136.31 130.661 0
3156.66 130.661 0
3177.14 130.661 0
3197.75 130.661 0
3218.49 130.661 0
3239.37 130.661 0
3260.39 130.661 0
3281.54 130.661 0
3302.83 130.661 0
3324.25 130.661 0
3345.82 130.661 0
3367.52 130.661 0
3389.37 130.661 0
3411.36 130.661 0
3433.49 130.661 0
3455.76 130.661 0
3478.18 130.661 0
3500.75 130.661 0
3523.46 130.661 0
3546.31 130.661 0
3569.32 130.661 0
3592.48 130.661 0
3615.78 130.661 0
3639.24 130.661 0
3662.85 130.661 0
3686.61 130.661 0
3710.53 130.661 0
3734.6 130.661 0
3758.82 130.661 0
3783.21 130.661 0
3807.75 130.661 0
3832.45 130.661 0
3857.32 130.661 0
3882.34 130.661 0
3907.53 130.661 0
3932.88 130.661 0
3958.39 130.661 0
3984.07 130.661 0
4009.92 130.661 0
4035.93 130.661 0
4062.11 130.902 0.018355
4088.47 132.232 0.0825853
4114.99 135.275 0.146935
4141.68 140.049 0.210696
4168.55 146.549 0.273179
4195.6 154.756 0.333738
4222.81 164.63 0.391803
4250.21 176.118 0.446894
4277.78 189.153 0.498636
4305.53 203.659 0.546767
4333.46 219.551 0.591132
4361.58 236.739 0.631675
4389.87 255.132 0.668432
4418.35 274.639 0.701509
4447.01 295.17 0.731075
4475.86 316.64 0.757335
4504.9 338.967 0.780528
4534.12 362.076 0.800905
4563.54 385.896 0.818724
4593.14 410.365 0.834238
4622.94 435.423 0.847694
4652.93 461.02 0.859322
4683.12 487.11 0.869338
4713.5 513.652 0.87794
4744.08 540.611 0.885308
4774.85 567.954 0.891603
4805.83 595.656 0.896969
4837.01 623.692 0.901533
4868.39 652.042 0.905407
4899.97 680.69 0.908689
4931.76 709.619 0.911465
4963.75 738.818 0.913808
4995.95 768.276 0.915783
5028.36 797.984 0.917446
5060.98 827.934 0.918843
5093.82 858.121 0.920015
5126.86 888.54 0.920997
5160.12 919.186 0.921819
5193.6 950.056 0.922506
5227.29 981.147 0.923079
5261.2 1012.46 0.923556
5295.33 1043.99 0.923953
5329.68 1075.73 0.924284
5364.26 1107.7 0.924558
5399.06 1139.87 0.924785
5434.09 1172.27 0.924973
5469.34 1204.88 0.925129
5504.82 1237.71 0.925257
5540.53 1270.75 0.925363
5576.48 1304.01 0.92545
5612.65 1337.49 0.925522
5649.06 1371.19 0.925581
5685.71 1405.11 0.925629
5722.6 1439.26 0.925668
5759.72 1473.62 0.925701
5797.09 1508.21 0.925727
5834.69 1543.03 0.925749
5872.55 1578.07 0.925766
5910.64 1613.34 0.925781
5948.99 1648.84 0.925792
5987.58 1684.57 0.925802
6026.42 1720.53 0.925809
6065.52 1756.72 0.925816
6104.87 1793.15 0.925821
6144.47 1829.82 0.925825
6184.33 1866.73 0.925828
6224.45 1903.87 0.92583
6264.83 1941.25 0.925833
6305.48 1978.88 0.925834
6346.38 2016.75 0.925836
6387.55 2054.87 0.925837
6428.99 2093.24 0.925838
6470.7 2131.85 0.925838
6512.68 2170.72 0.925839
6554.93 2209.83 0.925839
6597.45 2249.2 0.92584
6640.25 2288.83 0.92584
6683.33 2328.71 0.92584
6726.69 2368.85 0.92584
6770.32 2409.26 0.92584
6814.25 2449.92 0.92584
6858.45 2490.85 0.925841
6902.95 2532.04 0.925841
6947.73 2573.5 0.925841
6992.8 2615.23 0.925841
7038.16 2657.23 0.925841
7083.82 2699.51 0.925841
7129.78 2742.05 0.925841
7176.03 2784.88 0.925841
7222.59 2827.98 0.925841
7269.44 2871.36 0.925841
7316.6 2915.02 0.925841
7364.07 2958.97 0.925841
7411.84 3003.2 0.925841
7459.92 3047.71 0.925841
7508.32 3092.52 0.925841
7557.03 3137.62 0.925841
7606.05 3183.01 0.925841
7655.39 3228.69 0.925841
7705.06 3274.67 0.925841
7755.04 3320.95 0.925841
7805.35 3367.53 0.925841
7855.99 3414.41 0.925841
7906.95 3461.59 0.925841
7958.25 3509.09 0.925841
8009.88 3556.89 0.925841
8061.84 3604.99 0.925841
8114.14 3653.42 0.925841
8166.78 3702.15 0.925841
8219.76 3751.2 0.925841
8273.08 3800.57 0.925841
8326.76 3850.26 0.925841
8380.77 3900.28 0.925841
8435.14 3950.61 0.925841
8489.86 4001.28 0.925841
8544.94 4052.27 0.925841
8600.38 4103.59 0.925841
8656.17 4155.25 0.925841
8712.32 4207.24 0.925841
8768.84 4259.57 0.925841
8825.73 4312.24 0.925841
8882.99 4365.25 0.925841
8940.61 4418.6 0.925841
8998.61 4472.3 0.925841
9056.99 4526.35 0.925841
9115.75 4580.75 0.925841
9174.89 4635.5 0.925841
9234.41 4690.6 0.925841
9294.31 4746.07 0.925841
9354.61 4801.89 0.925841
9415.29 4858.08 0.925841
9476.38 4914.63 0.925841
9537.85 4971.55 0.925841
9599.73 5028.83 0.925841
9662 5086.49 0.925841
9724.68 5144.52 0.925841
9787.77 5202.93 0.925841
9851.27 5261.72 0.925841
9915.18 5320.89 0.925841
9979.5 5380.44 0.925841
10044.2 5440.38 0.925841
10109.4 5500.71 0.925841
10175 5561.43 0.925841
10241 5622.54 0.925841
10307.4 5684.05 0.925841
10374.3 5745.96 0.925841
10441.6 5808.27 0.925841
10509.3 5870.99 0.925841
10577.5 5934.11 0.925841
10646.1 5997.64 0.925841
10715.2 6061.59 0.925841
10784.7 6125.94 0.925841
10854.7 6190.72 0.925841
10925.1 6255.92 0.925841
10996 6321.53 0.925841
11067.3 6387.58 0.925841
11139.1 6454.05 0.925841
11211.4 6520.96 0.925841
11284.1 6588.3 0.925841
11357.3 6656.07 0.925841
11431 6724.29 0.925841
11505.1 6792.94 0.925841
11579.8 6862.05 0.925841
11654.9 6931.6 0.925841
11730.5 7001.6 0.925841
11806.6 7072.06 0.925841
11883.2 7142.97 0.925841
11960.3 7214.34 0.925841
12037.9 7286.18 0.925841
12116 7358.48 0.925841
12194.6 7431.25 0.925841
12273.7 7504.5 0.925841
12353.3 7578.22 0.925841
12433.5 7652.41 0.925841
12514.1 7727.09 0.925841
12595.3 7802.26 0.925841
12677 7877.91 0.925841
12759.2 7954.05 0.925841
12842 8030.68 0.925841
12925.3 8107.81 0.925841
13009.2 8185.45 0.925841
13093.6 8263.58 0.925841
13178.5 8342.23 0.925841
13264 8421.38 0.925841
13350.1 8501.05 0.925841
13436.7 8581.23 0.925841
13523.8 8661.94 0.925841
13611.6 8743.16 0.925841
13699.9 8824.92 0.925841
13788.8 8907.2 0.925841
13878.2 8990.02 0.925841
13968.2 9073.38 0.925841
14058.9 9157.28 0.925841
14150.1 9241.72 0.925841
14241.9 9326.71 0.925841
14334.2 9412.25 0.925841
14427.2 9498.34 0.925841
14520.8 9584.99 0.925841
14615 9672.21 0.925841
14709.8 9759.99 0.925841
14805.3 9848.34 0.925841
14901.3 9937.27 0.925841
14998 10026.8 0.925841
15095.3 10116.9 0.925841
15193.2 10207.5 0.925841
15291.8 10298.8 0.925841
15391 10390.6 0.925841
15490.8 10483.1 0.925841
15591.3 10576.1 0.925841
15692.5 10669.7 0.925841
15794.3 10764 0.925841
15896.7 10858.9 0.925841
15999.9 10954.3 0.925841
16103.7 11050.4 0.925841
16208.1 11147.2 0.925841
16313.3 11244.5 0.925841
16419.1 11342.5 0.925841
16525.6 11441.1 0.925841
16632.8 11540.4 0.925841
16740.7 11640.3 0.925841
16849.3 11740.8 0.925841
16958.7 11842 0.925841
17068.7 11943.9 0.925841
17179.4 12046.4 0.925841
17290.8 12149.6 0.925841
17403 12253.4 0.925841
17515.9 12358 0.925841
17629.6 12463.2 0.925841
17743.9 12569.1 0.925841
17859 12675.6 0.925841
17974.9 12782.9 0.925841
18091.5 12890.9 0.925841
18208.9 12999.5 0.925841
18327 13108.9 0.925841
18445.9 13219 0.925841
18565.5 13329.8 0.925841
18686 13441.3 0.925841
18807.2 13553.5 0.925841
18929.2 13666.5 0.925841
19052 13780.2 0.925841
19175.6 13894.6 0.925841
19300 14009.8 0.925841
19425.2 14125.7 0.925841
19551.2 14242.4 0.925841
19678.1 14359.8 0.925841
19805.7 14478 0.925841
19934.2 14596.9 0.925841
20063.5 14716.7 0.925841
20193.7 14837.2 0.925841
20324.7 14958.5 0.925841
20456.6 15080.5 0.925841
20589.3 15203.4 0.925841
20722.8 15327.1 0.925841
20857.3 15451.5 0.925841
20992.6 15576.8 0.925841
21128.8 15702.9 0.925841
21265.8 15829.8 0.925841
21403.8 15957.5 0.925841
21542.7 16086.1 0.925841
21682.4 16215.5 0.925841
21823.1 16345.7 0.925841
21964.6 16476.8 0.925841
22107.1 16608.7 0.925841
22250.6 16741.5 0.925841
22394.9 16875.1 0.925841
22540.2 17009.6 0.925841
22686.4 17145 0.925841
22833.6 17281.3 0.925841
22981.7 17418.4 0.925841
23130.8 17556.5 0.925841
23280.9 17695.4 0.925841
23431.9 17835.2 0.925841
23583.9 17976 0.925841
23736.9 18117.6 0.925841
23890.9 18260.2 0.925841
24045.9 18403.7 0.925841
24201.9 18548.1 0.925841
24358.9 18693.5 0.925841
24516.9 18839.8 0.925841
24676 18987 0.925841
24836 19135.2 0.925841
24997.2 19284.4 0.925841
25159.3 19434.5 0.925841
25322.5 19585.7 0.925841
25486.8 19737.8 0.925841
25652.2 19890.8 0.925841
25818.6 20044.9 0.925841
25986.1 20200 0.925841
26154.7 20356.1 0.925841
26324.3 20513.1 0.925841
26495.1 20671.3 0.925841
26667 20830.4 0.925841
26840 20990.6 0.925841
27014.1 21151.8 0.925841
27189.4 21314 0.925841
27365.7 21477.3 0.925841
27543.3 21641.7 0.925841
27722 21807.1 0.925841
27901.8 21973.6 0.925841
28082.8 22141.2 0.925841
28265 22309.9 0.925841
28448.4 22479.7 0.925841
28632.9 22650.5 0.925841
28818.7 22822.5 0.925841
29005.6 22995.6 0.925841
29193.8 23169.8 0.925841
29383.2 23345.2 0.925841
29573.8 23521.6 0.925841
29765.7 23699.3 0.925841
29958.8 23878 0.925841
30153.1 24058 0.925841
30348.7 24239.1 0.925841
30545.6 24421.4 0.925841
30743.8 24604.8 0.925841
30943.2 24789.5 0.925841
31143.9 24975.4 0.925841
31346 25162.4 0.925841
31549.3 25350.7 0.925841
31754 25540.2 0.925841
31960 25730.9 0.925841
32167.3 25922.9 0.925841
32376 26116.1 0.925841
32586.1 26310.5 0.925841
32797.5 26506.2 0.925841
33010.2 26703.2 0.925841
33224.4 26901.5 0.925841
33439.9 27101.1 0.925841
33656.9 27301.9 0.925841
33875.2 27504.1 0.925841
34095 27707.5 0.925841
34316.1 27912.3 0.925841
34538.8 28118.4 0.925841
34762.8 28325.9 0.925841
34988.3 28534.7 0.925841
35215.3 28744.8 0.925841
35443.8 28956.3 0.925841
35673.7 29169.2 0.925841
35905.1 29383.5 0.925841
36138.1 29599.1 0.925841
36372.5 29816.2 0.925841
36608.5 30034.6 0.925841
36846 30254.5 0.925841
37085 30475.8 0.925841
37325.6 30698.6 0.925841
37567.7 30922.8 0.925841
37811.4 31148.4 0.925841
38056.7 31375.5 0.925841
38303.6 31604.1 0.925841
38552.1 31834.1 0.925841
38802.2 32065.7 0.925841
39053.9 32298.8 0.925841
39307.3 32533.3 0.925841
39562.3 32769.4 0.925841
39819 33007 0.925841
40077.3 33246.2 0.925841
40337.3 33486.9 0.925841
40599 33729.2 0.925841
40862.3 33973 0.925841
41127.4 34218.5 0.925841
41394.2 34465.5 0.925841
41662.8 34714.1 0.925841
41933.1 34964.3 0.925841
42205.1 35216.2 0.925841
42478.9 35469.7 0.925841
42754.5 35724.8 0.925841
43031.8 35981.6 0.925841
43311 36240.1 0.925841
43592 36500.2 0.925841
43874.8 36762.1 0.925841
44159.4 37025.6 0.925841
44445.9 37290.8 0.925841
44734.2 37557.8 0.925841
45024.4 37826.5 0.925841
45316.5 38096.9 0.925841
45610.5 38369.1 0.925841
45906.4 38643 0.925841
46204.2 38918.7 0.925841
46503.9 39196.2 0.925841
46805.6 39475.6 0.925841
47109.3 39756.7 0.925841
47414.9 40039.6 0.925841
47722.5 40324.4 0.925841
48032.1 40611.1 0.925841
48343.7 40899.6 0.925841
48657.3 41189.9 0.925841
48972.9 41482.2 0.925841
49290.7 41776.3 0.925841
49610.4 42072.4 0.925841
49932.3 42370.3 0.925841
50256.2 42670.2 0.925841
50582.2 42972.1 0.925841
50910.4 43275.9 0.925841
51240.6 43581.7 0.925841
51573.1 43889.4 0.925841
51907.6 44199.2 0.925841
52244.4 44511 0.925841
52583.3 44824.8 0.925841
52924.4 45140.6 0.925841
53267.8 45458.5 0.925841
53613.3 45778.4 0.925841
53961.1 46100.4 0.925841
54311.2 46424.5 0.925841
54663.5 46750.7 0.925841
55018.2 47079.1 0.925841
55375.1 47409.5 0.925841
55734.3 47742.1 0.925841
56095.9 48076.9 0.925841
