5.78741e-09 5.95396e-15 4.29514e-06
5.8738e-08 3.33166e-13 8.58285e-06
5.86595e-07 1.45059e-11 3.56977e-05
4.6076e-06 3.38009e-10 8.97843e-05
5.86875e-06 4.61297e-10 0.000114002
2.3369e-05 3.31505e-09 0.000192532
7.39119e-05 1.62978e-08 0.000292274
0.000147358 4.17301e-08 0.000330144
0.000152693 4.34471e-08 0.000292479
0.000165528 4.67976e-08 0.000304172
0.000294481 1.01986e-07 0.000463041
0.000466785 1.89679e-07 0.00054542
0.000739961 3.52227e-07 0.00041641
0.000792747 3.70702e-07 0.000446592
0.000859333 4.13069e-07 0.00055442
0.000931697 4.48502e-07 0.00055104
0.00117285 6.10601e-07 0.000697128
0.00147667 8.31244e-07 0.000750516
0.0017323 1.02935e-06 0.000535855
0.00185963 1.08409e-06 0.000525282
0.00294795 2.00733e-06 0.000908255
0.00467391 3.71532e-06 0.00105104
0.00633042 5.56999e-06 0.00091467
0.0070765 6.16755e-06 0.00093479
0.00933155 8.92099e-06 0.00127133
0.0117504 1.21316e-05 0.00137956
0.0154948 1.7543e-05 0.00122736
0.0177925 2.00421e-05 0.00125466
0.0234638 2.89812e-05 0.00164107
0.0295474 3.94039e-05 0.00177172
0.0354913 5.03041e-05 0.00128079
0.0389653 5.38549e-05 0.00125817
0.0549487 8.51279e-05 0.00191362
0.0590129 9.27925e-05 0.00199187
0.0713035 0.000119369 0.00114686
0.0787306 0.000125461 0.00110854
0.10265 0.000178607 0.00176378
0.112568 0.000193736 0.00180901
0.132297 0.000240204 0.00240921
0.146764 0.000275794 0.00181491
0.15911 0.000293738 0.00177613
0.191354 0.000375514 0.00260957
0.227502 0.000472769 0.000973271
0.245257 0.000484229 0.000805937
0.256566 0.000495831 0.00103354
0.268397 0.000508152 0.00104919
0.280773 0.000521236 0.00106507
0.293719 0.00053513 0.0010812
0.307263 0.000549885 0.00109757
0.321432 0.000565555 0.00111419
0.336253 0.000582195 0.00113106
0.351758 0.000599866 0.00114818
0.367978 0.000618631 0.00116556
0.384946 0.000638559 0.00118321
0.402697 0.000659722 0.00120112
0.421266 0.000682195 0.00121931
0.440691 0.000706061 0.00123777
0.461012 0.000731406 0.00125651
0.48227 0.00075832 0.00127553
0.504508 0.000786902 0.00129484
0.527771 0.000817254 0.00131445
0.552107 0.000849487 0.00133435
0.577566 0.000883717 0.00135455
0.604198 0.000920067 0.00137506
0.632059 0.000958668 0.00139588
0.661204 0.000999662 0.00141701
0.691693 0.00104319 0.00143847
0.723588 0.00108942 0.00146024
0.756953 0.00113852 0.00148235
0.791857 0.00119065 0.00150479
0.828371 0.00124602 0.00152758
0.866568 0.00130481 0.00155071
0.906527 0.00136725 0.00157418
0.948328 0.00143355 0.00159802
0.992057 0.00150396 0.00162221
1.0378 0.00157874 0.00164677
1.08566 0.00165815 0.0016717
1.13572 0.00174247 0.00169701
1.18809 0.00183202 0.00172271
1.24287 0.00192712 0.00174879
1.30018 0.00202811 0.00177526
1.36014 0.00213535 0.00180214
1.42285 0.00224924 0.00182943
1.48846 0.00237018 0.00185712
1.5571 0.00249862 0.00188524
1.6289 0.00263501 0.00191378
1.70401 0.00277985 0.00194276
1.78258 0.00293367 0.00197217
1.86478 0.00309701 0.00200203
1.95077 0.00327047 0.00203234
2.04072 0.00345468 0.00206311
2.13482 0.0036503 0.00209435
2.23326 0.00385804 0.00212606
2.33624 0.00407865 0.00215824
2.44396 0.00431292 0.00219092
2.55666 0.00456171 0.00222409
2.67455 0.00482591 0.00225776
2.79788 0.00510648 0.00229195
2.92689 0.00540443 0.00232665
3.06185 0.00572083 0.00236187
3.20304 0.00605684 0.00239763
3.35074 0.00641366 0.00243393
3.50524 0.00679259 0.00247078
3.66688 0.00719499 0.00250819
3.83596 0.00762232 0.00254616
4.01284 0.00807613 0.00258471
4.19788 0.00855804 0.00262385
4.39145 0.00906982 0.00266357
4.59395 0.00961329 0.0027039
4.80578 0.0101904 0.00274483
5.02738 0.0108033 0.00278639
5.2592 0.0114542 0.00282858
5.50171 0.0121454 0.0028714
5.7554 0.0128794 0.00291488
6.02079 0.0136589 0.00295901
6.29841 0.0144866 0.00300381
6.58884 0.0153657 0.00304928
6.89266 0.0162992 0.00309545
7.21049 0.0172905 0.00314232
7.54298 0.0183433 0.00318989
7.8908 0.0194612 0.00323819
8.25465 0.0206484 0.00328721
8.63529 0.0219092 0.00333698
9.03347 0.0232481 0.0033875
9.45002 0.0246699 0.00343879
9.88577 0.0261798 0.00349085
10.3416 0.0277832 0.00354371
10.8185 0.029486 0.00359736
11.3173 0.0312942 0.00365182
11.8392 0.0332145 0.00370711
12.3851 0.0352537 0.00376324
12.9562 0.0374193 0.00382021
13.5536 0.039719 0.00387805
14.1786 0.0421611 0.00393677
14.8324 0.0447546 0.00399637
15.5164 0.0475087 0.00405687
16.2318 0.0504335 0.00411829
16.9803 0.0535394 0.00418065
17.7633 0.0568378 0.00424394
18.5824 0.0603405 0.0043082
19.4392 0.0640601 0.00437342
20.3356 0.0680102 0.00443964
21.2733 0.072205 0.00450685
22.2543 0.0766597 0.00457509
23.2804 0.0813904 0.00464435
24.3539 0.0864141 0.00471467
25.4769 0.091749 0.00478605
26.6517 0.0974144 0.00485851
27.8806 0.103431 0.00493207
29.1662 0.10982 0.00500674
30.5111 0.116605 0.00508254
31.9181 0.12381 0.00515949
33.3898 0.131462 0.00523761
34.9295 0.139587 0.00531691
36.5401 0.148216 0.0053974
38.225 0.15738 0.00547912
39.9877 0.167111 0.00556208
41.8315 0.177445 0.00564629
43.7605 0.188419 0.00573177
45.7783 0.200073 0.00581855
47.8892 0.212449 0.00590664
50.0974 0.225592 0.00599607
52.4075 0.239549 0.00608685
54.8241 0.254371 0.00617901
57.3521 0.27011 0.00627256
59.9967 0.286825 0.00636752
62.7632 0.304575 0.00646393
65.6573 0.323425 0.00656179
68.6849 0.343443 0.00666114
71.852 0.364701 0.00676199
75.1652 0.387275 0.00686552
75.1652 0.387275 0.00686451
75.6528 0.390713 0.00723623
76.1436 0.394356 0.00760953
76.6376 0.398208 0.0079844
77.1348 0.402271 0.00836085
77.6352 0.406549 0.00873886
78.1388 0.411046 0.00911845
78.6457 0.415765 0.0094996
79.1559 0.42071 0.00988231
79.6694 0.425883 0.0102666
80.1863 0.431289 0.0106524
80.7065 0.436931 0.0110398
81.23 0.442813 0.0114288
81.757 0.448938 0.0118193
82.2874 0.455311 0.0122113
82.8212 0.461935 0.0126049
83.3585 0.468813 0.013
83.8993 0.475951 0.0133966
84.4436 0.483351 0.0137948
84.9914 0.491017 0.0141945
85.5428 0.498954 0.0145957
86.0977 0.507166 0.0149984
86.6563 0.515656 0.0154027
87.2184 0.524429 0.0158084
87.7842 0.533489 0.0162156
88.3537 0.54284 0.0166243
88.9269 0.552486 0.0170345
89.5038 0.562432 0.0174462
90.0845 0.572682 0.0178593
90.6689 0.58324 0.0182739
91.2571 0.594112 0.01869
91.8491 0.6053 0.0191075
92.4449 0.61681 0.0195264
93.0447 0.628646 0.0199467
93.6483 0.640814 0.0203685
94.2558 0.653317 0.0207917
94.8673 0.66616 0.0212162
95.4827 0.679349 0.0216422
96.1021 0.692887 0.0220695
96.7256 0.70678 0.0224982
97.3531 0.721032 0.0229283
97.9847 0.735649 0.0233597
98.6203 0.750635 0.0237924
99.2601 0.765996 0.0242265
99.904 0.781737 0.0246618
100.552 0.797862 0.0250985
101.204 0.814377 0.0255364
101.861 0.831287 0.0259756
102.522 0.848597 0.026416
103.187 0.866313 0.0268577
103.856 0.88444 0.0273006
104.53 0.902984 0.0277447
105.208 0.921949 0.02819
105.891 0.941342 0.0286365
106.578 0.961167 0.0290841
107.269 0.981432 0.0295329
107.965 1.00214 0.0299828
108.665 1.0233 0.0304338
109.37 1.04491 0.0308859
110.08 1.06699 0.0313391
110.794 1.08953 0.0317933
111.513 1.11254 0.0322485
112.236 1.13604 0.0327047
112.964 1.16002 0.033162
113.697 1.18449 0.0336202
114.435 1.20946 0.0340793
115.177 1.23493 0.0345393
115.924 1.26091 0.0350003
116.676 1.2874 0.0354621
117.433 1.31442 0.0359248
118.195 1.34196 0.0363882
118.962 1.37004 0.0368525
119.734 1.39866 0.0373176
120.51 1.42783 0.0377833
121.292 1.45755 0.0382498
122.079 1.48783 0.038717
122.871 1.51868 0.0391849
123.668 1.5501 0.0396534
124.47 1.5821 0.0401224
125.278 1.61469 0.0405921
126.091 1.64787 0.0410623
126.909 1.68165 0.0415329
127.732 1.71604 0.0420041
128.561 1.75104 0.0424757
129.395 1.78667 0.0429477
130.234 1.82292 0.04342
131.079 1.8598 0.0438927
131.929 1.89733 0.0443657
132.785 1.9355 0.044839
133.646 1.97433 0.0453124
134.513 2.01382 0.0457861
135.386 2.05398 0.0462598
136.264 2.09482 0.0467337
137.148 2.13634 0.0472077
138.038 2.17855 0.0476816
138.934 2.22147 0.0481555
139.835 2.26508 0.0486294
140.742 2.30941 0.0491031
141.655 2.35446 0.0495767
142.574 2.40024 0.0500501
143.499 2.44675 0.0505232
144.43 2.494 0.050996
145.367 2.54201 0.0514684
146.31 2.59077 0.0519405
147.259 2.64029 0.0524121
148.215 2.69059 0.0528831
149.176 2.74166 0.0533537
150.144 2.79352 0.0538235
151.118 2.84618 0.0542928
152.098 2.89963 0.0547612
153.085 2.9539 0.0552289
154.078 3.00898 0.0556958
155.078 3.06488 0.0561617
156.084 3.12161 0.0566267
157.096 3.17919 0.0570906
158.115 3.23761 0.0575534
159.141 3.29688 0.0580151
160.173 3.35701 0.0584756
161.213 3.41801 0.0589347
162.258 3.47989 0.0593925
163.311 3.54265 0.0598489
164.37 3.6063 0.0603037
165.437 3.67084 0.060757
166.51 3.73629 0.0612086
167.59 3.80265 0.0616585
168.678 3.86993 0.0621067
169.772 3.93814 0.0625529
170.873 4.00728 0.0629972
171.982 4.07735 0.0634394
173.097 4.14838 0.0638795
174.22 4.22036 0.0643175
175.351 4.2933 0.0647531
176.488 4.36721 0.0651864
177.633 4.44209 0.0656172
178.785 4.51795 0.0660454
179.945 4.5948 0.0664711
181.113 4.67264 0.066894
182.288 4.75148 0.067314
183.47 4.83133 0.0677312
184.66 4.9122 0.0681453
185.858 4.99408 0.0685564
187.064 5.07698 0.0689642
188.278 5.16092 0.0693687
189.499 5.24589 0.0697698
190.728 5.33191 0.0701673
191.966 5.41897 0.0705613
193.211 5.50709 0.0709515
194.464 5.59626 0.0713378
195.726 5.6865 0.0717203
196.996 5.77781 0.0720986
198.274 5.87019 0.0724727
199.56 5.96365 0.0728426
200.855 6.05819 0.073208
202.158 6.15381 0.0735689
203.469 6.25053 0.0739251
204.789 6.34834 0.0742765
206.118 6.44725 0.074623
207.455 6.54726 0.0749644
208.801 6.64838 0.0753007
210.155 6.7506 0.0756317
211.519 6.85393 0.0759572
212.891 6.95838 0.0762772
214.272 7.06395 0.0765914
215.662 7.17063 0.0768998
217.061 7.27843 0.0772021
218.469 7.38735 0.0774984
219.886 7.49739 0.0777883
221.313 7.60856 0.0780718
222.749 7.72085 0.0783487
224.194 7.83426 0.0786189
225.648 7.94879 0.0788821
227.112 8.06445 0.0791383
228.585 8.18124 0.0793873
230.068 8.29914 0.0796289
231.561 8.41816 0.079863
233.063 8.53831 0.0800893
234.575 8.65956 0.0803078
236.097 8.78193 0.0805182
237.628 8.90541 0.0807204
239.17 9.03 0.0809143
240.722 9.15569 0.0810995
242.283 9.28247 0.081276
243.855 9.41035 0.0814435
245.437 9.53932 0.0816019
247.029 9.66937 0.081751
248.632 9.80049 0.0818906
250.245 9.93268 0.0820205
251.868 10.0659 0.0821405
253.502 10.2002 0.0822504
255.147 10.3356 0.0823501
256.802 10.472 0.0824392
258.468 10.6094 0.0825177
260.145 10.7478 0.0825852
261.832 10.8872 0.0826417
263.531 11.0276 0.0826868
265.24 11.169 0.0827204
266.961 11.3114 0.0827423
268.693 11.4547 0.0827522
270.436 11.5989 0.0827499
272.191 11.7441 0.0827351
273.956 11.8902 0.0827078
275.734 12.0371 0.0826675
277.522 12.1849 0.0826142
279.323 12.3336 0.0825475
281.135 12.4831 0.0824672
282.959 12.6335 0.0823732
284.794 12.7846 0.0822651
286.642 12.9364 0.0821427
288.501 13.0891 0.0820057
290.373 13.2424 0.081854
292.257 13.3964 0.0816872
294.153 13.5511 0.0815051
296.061 13.7065 0.0813074
297.982 13.8624 0.081094
299.915 14.019 0.0808645
301.86 14.1761 0.0806186
303.819 14.3337 0.0803562
305.79 14.4918 0.0800769
307.773 14.6504 0.0797805
309.77 14.8093 0.0794667
311.78 14.9687 0.0791352
313.802 15.1284 0.0787857
315.838 15.2884 0.078418
317.887 15.4487 0.0780319
319.949 15.6092 0.0776269
322.025 15.7699 0.0772029
324.114 15.9307 0.0767595
326.217 16.0916 0.0762965
328.333 16.2526 0.0758135
330.463 16.4135 0.0753104
332.607 16.5744 0.0747867
334.764 16.7352 0.0742423
336.936 16.8958 0.0736767
339.122 17.0562 0.0730898
341.322 17.2164 0.0724812
343.536 17.3761 0.0718506
345.765 17.5355 0.0711978
348.008 17.6945 0.0705224
350.266 17.8529 0.0698241
352.538 18.0108 0.0691026
354.825 18.168 0.0683577
357.127 18.3244 0.0675889
359.444 18.4801 0.0667962
361.776 18.6349 0.065979
364.123 18.7888 0.0651372
366.485 18.9416 0.0642703
368.862 19.0933 0.0633783
371.255 19.2439 0.0624606
373.664 19.3932 0.061517
376.088 19.5412 0.0605473
378.528 19.6877 0.0595511
380.983 19.8326 0.0585281
383.455 19.976 0.0574781
385.942 20.1176 0.0564007
388.446 20.2575 0.0552956
390.966 20.3954 0.0541626
393.502 20.5313 0.0530013
396.055 20.6651 0.0518116
398.625 20.7966 0.050593
401.211 20.9259 0.0493453
403.813 21.0526 0.0480683
406.433 21.1768 0.0467617
409.07 21.2984 0.0454251
411.724 21.4171 0.0440584
414.395 21.5329 0.0426612
417.083 21.6457 0.0412333
419.789 21.7553 0.0397745
422.512 21.8616 0.0382845
425.253 21.9644 0.036763
428.012 22.0637 0.0352099
430.788 22.1593 0.0336249
433.583 22.251 0.0320077
436.396 22.3387 0.0303582
439.227 22.4223 0.0286762
442.076 22.5015 0.0269613
444.944 22.5763 0.0252136
447.831 22.6465 0.0234327
450.736 22.712 0.0216185
453.66 22.7725 0.0197708
456.603 22.8279 0.0178894
459.565 22.8781 0.0159743
462.547 22.9228 0.0140253
465.547 22.9619 0.0120423
468.567 22.9952 0.010025
471.607 23.0226 0.00797357
474.667 23.0438 0.00588776
477.746 23.0587 0.00376755
480.845 23.067 0.00161286
483.965 23.0695 0
487.104 23.0695 0
490.264 23.0695 0
493.445 23.0695 0
496.646 23.0695 0
499.868 23.0695 0
503.111 23.0695 0
506.375 23.0695 0
509.66 23.0695 0
512.966 23.0695 0
516.294 23.0695 0
519.643 23.0695 0
523.014 23.0695 0
526.407 23.0695 0
529.822 23.0695 0
533.26 23.0695 0
536.719 23.0695 0
540.201 23.0695 0
543.705 23.0695 0
547.233 23.0695 0
550.783 23.0695 0
554.356 23.0695 0
557.952 23.0695 0
561.572 23.0695 0
565.215 23.0695 0
568.882 23.0695 0
572.572 23.0695 0
576.287 23.0695 0
580.025 23.0695 0
583.788 23.0695 0
587.575 23.0695 0
591.387 23.0695 0
595.224 23.0695 0
599.085 23.0695 0
602.971 23.0695 0
606.883 23.0695 0
610.82 23.0695 0
614.783 23.0695 0
618.771 23.0695 0
622.785 23.0695 0
626.826 23.0695 0
630.892 23.0695 0
634.985 23.0695 0
639.104 23.0695 0
643.25 23.0695 0
647.423 23.0695 0
651.623 23.0695 0
655.851 23.0695 0
660.105 23.0695 0
664.388 23.0695 0
668.698 23.0695 0
673.036 23.0695 0
677.402 23.0695 0
681.797 23.0695 0
686.22 23.0695 0
690.671 23.0695 0
695.152 23.0695 0
699.662 23.0695 0
704.201 23.0695 0
708.769 23.0695 0
713.367 23.0695 0
717.995 23.0695 0
722.653 23.0695 0
727.341 23.0695 0
732.06 23.0695 0
736.809 23.0695 0
741.589 23.0695 0
746.4 23.0695 0
751.242 23.0695 0
756.115 23.0695 0
761.021 23.0695 0
765.958 23.0695 0
770.927 23.0695 0
775.928 23.0695 0
780.962 23.0695 0
786.028 23.0695 0
791.127 23.0695 0
796.26 23.0695 0
801.425 23.0695 0
806.624 23.0695 0
811.857 23.0695 0
817.124 23.0695 0
822.425 23.0695 0
827.76 23.0695 0
833.13 23.0695 0
838.535 23.0695 0
843.975 23.0695 0
849.45 23.0695 0
854.961 23.0695 0
860.507 23.0695 0
866.09 23.0695 0
871.708 23.0695 0
877.363 23.0695 0
883.055 23.0695 0
888.784 23.0695 0
894.55 23.0695 0
900.353 23.0695 0
906.194 23.0695 0
912.073 23.0695 0
917.99 23.0695 0
923.945 23.0695 0
929.939 23.0695 0
935.972 23.0695 0
942.044 23.0695 0
948.155 23.0695 0
954.306 23.0695 0
960.497 23.0695 0
966.728 23.0695 0
973 23.0695 0
979.312 23.0695 0
985.665 23.0695 0
992.059 23.0695 0
998.495 23.0695 0
1004.97 23.0695 0
1011.49 23.0695 0
1018.05 23.0695 0
1024.66 23.0695 0
1031.31 23.0695 0
1038 23.0695 0
1044.73 23.0695 0
1051.51 23.0695 0
1058.33 23.0695 0
1065.2 23.0695 0
1072.11 23.0695 0
1079.06 23.0695 0
1086.06 23.0695 0
1093.11 23.0695 0
1100.2 23.0695 0
1107.34 23.0695 0
1114.52 23.0695 0
1121.75 23.0695 0
1129.03 23.0695 0
1136.35 23.0695 0
1143.72 23.0695 0
1151.14 23.0695 0
1158.61 23.0695 0
1166.13 23.086 0.00437625
1173.69 23.1682 0.0173624
1181.31 23.3509 0.0306445
1188.97 23.6378 0.0442129
1196.68 24.0322 0.0580569
1204.45 24.5377 0.0721653
1212.26 25.1577 0.0865259
1220.12 25.8955 0.101126
1228.04 26.7547 0.115951
1236.01 27.7383 0.130987
1244.02 28.8497 0.146219
1252.09 30.0919 0.161631
1260.22 31.4681 0.177207
1268.39 32.9811 0.19293
1276.62 34.6338 0.208782
1284.9 36.4291 0.224745
1293.24 38.3694 0.240801
1301.63 40.4573 0.256931
1310.07 42.6952 0.273116
1318.57 45.0853 0.289337
1327.13 47.6297 0.305576
1335.74 50.3305 0.321812
1344.4 53.1894 0.338027
1353.12 56.208 0.3542
1361.9 59.388 0.370315
1370.74 62.7306 0.38635
1379.63 66.2371 0.402289
1388.58 69.9085 0.418114
1397.59 73.7456 0.433806
1406.65 77.7492 0.449349
1415.78 81.9199 0.464727
1424.96 86.258 0.479924
1434.21 90.7639 0.494924
1443.51 95.4376 0.509714
1452.88 100.279 0.524281
1462.3 105.288 0.538611
1471.79 110.464 0.552693
1481.34 115.808 0.566516
1490.95 121.317 0.58007
1500.62 126.992 0.593346
1510.35 132.831 0.606336
1520.15 138.834 0.619033
1530.01 145 0.63143
1539.94 151.328 0.643523
1549.93 157.815 0.655307
1559.98 164.462 0.666778
1570.1 171.266 0.677934
1580.29 178.227 0.688773
1590.54 185.342 0.699293
1600.86 192.61 0.709496
1611.25 200.03 0.71938
1621.7 207.6 0.728948
1632.22 215.317 0.738201
1642.81 223.181 0.747142
1653.47 231.19 0.755773
1664.19 239.341 0.7641
1674.99 247.634 0.772124
1685.85 256.066 0.779852
1696.79 264.636 0.787289
1707.8 273.341 0.794438
1718.88 282.181 0.801307
1730.03 291.153 0.807902
1741.25 300.256 0.814228
1752.55 309.488 0.820292
1763.92 318.847 0.8261
1775.36 328.332 0.831661
1786.88 337.941 0.836979
1798.47 347.673 0.842063
1810.14 357.526 0.84692
1821.88 367.499 0.851556
1833.7 377.59 0.855979
1845.6 387.797 0.860196
1857.57 398.12 0.864214
1869.62 408.558 0.86804
1881.75 419.108 0.871681
1893.96 429.771 0.875143
1906.24 440.543 0.878434
1918.61 451.426 0.88156
1931.06 462.417 0.884528
1943.58 473.515 0.887344
1956.19 484.721 0.890014
1968.88 496.031 0.892545
1981.66 507.447 0.894942
1994.51 518.967 0.897211
2007.45 530.59 0.899358
2020.47 542.315 0.901389
2033.58 554.143 0.903308
2046.77 566.072 0.90512
2060.05 578.101 0.906832
2073.42 590.231 0.908446
2086.87 602.461 0.909969
2100.41 614.79 0.911404
2114.03 627.218 0.912756
2127.75 639.745 0.914029
2141.55 652.37 0.915227
2155.44 665.093 0.916354
2169.43 677.914 0.917413
2183.5 690.832 0.918408
2197.66 703.848 0.919343
2211.92 716.962 0.92022
2226.27 730.172 0.921042
2240.71 743.48 0.921813
2255.25 756.885 0.922536
2269.88 770.387 0.923212
2284.61 783.987 0.923845
2299.43 797.684 0.924437
2314.34 811.478 0.924991
2329.36 825.369 0.925508
2344.47 839.359 0.925991
2359.68 853.446 0.926442
2374.99 867.631 0.926863
2390.39 881.915 0.927255
2405.9 896.297 0.92762
2421.51 910.778 0.92796
2437.22 925.358 0.928276
2453.03 940.037 0.928571
2468.94 954.816 0.928844
2484.96 969.696 0.929098
2501.08 984.675 0.929334
2517.31 999.756 0.929553
2533.64 1014.94 0.929756
2550.07 1030.22 0.929944
2566.62 1045.61 0.930118
2583.27 1061.1 0.930279
2600.03 1076.69 0.930428
2616.89 1092.38 0.930566
2633.87 1108.18 0.930693
2650.96 1124.08 0.930811
2668.15 1140.09 0.930919
2685.46 1156.21 0.931019
2702.89 1172.43 0.931111
2720.42 1188.76 0.931196
2738.07 1205.19 0.931274
2755.83 1221.73 0.931346
2773.71 1238.38 0.931412
2791.7 1255.14 0.931473
2809.81 1272.01 0.931528
2828.04 1289 0.931579
2846.39 1306.09 0.931626
2864.85 1323.29 0.931669
2883.44 1340.61 0.931708
2902.15 1358.03 0.931744
2920.97 1375.58 0.931777
2939.92 1393.23 0.931807
2958.99 1411.01 0.931835
2978.19 1428.89 0.93186
2997.51 1446.9 0.931883
3016.96 1465.02 0.931903
3036.53 1483.26 0.931922
3056.23 1501.62 0.931939
3076.05 1520.09 0.931955
3096.01 1538.69 0.931969
3116.1 1557.41 0.931982
3136.31 1576.25 0.931994
3156.66 1595.21 0.932005
3177.14 1614.3 0.932014
3197.75 1633.51 0.932023
3218.49 1652.85 0.932031
3239.37 1672.31 0.932038
3260.39 1691.89 0.932045
3281.54 1711.61 0.932051
3302.83 1731.45 0.932056
3324.25 1751.42 0.932061
3345.82 1771.52 0.932065
3367.52 1791.75 0.932069
3389.37 1812.11 0.932072
3411.36 1832.61 0.932075
3433.49 1853.24 0.932078
3455.76 1874 0.932081
3478.18 1894.89 0.932083
3500.75 1915.92 0.932085
3523.46 1937.09 0.932087
3546.31 1958.4 0.932088
3569.32 1979.84 0.93209
3592.48 2001.43 0.932091
3615.78 2023.15 0.932092
3639.24 2045.01 0.932093
3662.85 2067.02 0.932094
3686.61 2089.17 0.932095
3710.53 2111.46 0.932096
3734.6 2133.9 0.932097
3758.82 2156.48 0.932097
3783.21 2179.21 0.932098
3807.75 2202.08 0.932098
3832.45 2225.11 0.932099
3857.32 2248.28 0.932099
3882.34 2271.61 0.932099
3907.53 2295.08 0.9321
3932.88 2318.71 0.9321
3958.39 2342.49 0.9321
3984.07 2366.43 0.9321
4009.92 2390.52 0.9321
4035.93 2414.77 0.9321
4062.11 2439.17 0.932101
4088.47 2463.74 0.932101
4114.99 2488.46 0.932101
4141.68 2513.34 0.932101
4168.55 2538.39 0.932101
4195.6 2563.59 0.932101
4222.81 2588.96 0.932101
4250.21 2614.5 0.932101
4277.78 2640.2 0.932101
4305.53 2666.06 0.932101
4333.46 2692.1 0.932101
4361.58 2718.3 0.932101
4389.87 2744.68 0.932101
4418.35 2771.22 0.932101
4447.01 2797.94 0.932101
4475.86 2824.83 0.932101
4504.9 2851.89 0.932101
4534.12 2879.14 0.932101
4563.54 2906.55 0.932101
4593.14 2934.15 0.932101
4622.94 2961.92 0.932101
4652.93 2989.88 0.932102
4683.12 3018.01 0.932102
4713.5 3046.33 0.932102
4744.08 3074.83 0.932102
4774.85 3103.52 0.932102
4805.83 3132.39 0.932102
4837.01 3161.45 0.932102
4868.39 3190.7 0.932102
4899.97 3220.14 0.932102
4931.76 3249.77 0.932102
4963.75 3279.59 0.932102
4995.95 3309.61 0.932102
5028.36 3339.82 0.932102
5060.98 3370.22 0.932102
5093.82 3400.82 0.932102
5126.86 3431.63 0.932102
5160.12 3462.63 0.932102
5193.6 3493.83 0.932102
5227.29 3525.24 0.932102
5261.2 3556.84 0.932102
5295.33 3588.66 0.932102
5329.68 3620.68 0.932102
5364.26 3652.91 0.932102
5399.06 3685.34 0.932102
5434.09 3717.99 0.932102
5469.34 3750.85 0.932102
5504.82 3783.92 0.932102
5540.53 3817.21 0.932102
5576.48 3850.71 0.932102
5612.65 3884.43 0.932102
5649.06 3918.37 0.932102
5685.71 3952.53 0.932102
5722.6 3986.91 0.932102
5759.72 4021.52 0.932102
5797.09 4056.34 0.932102
5834.69 4091.4 0.932102
5872.55 4126.68 0.932102
5910.64 4162.19 0.932102
5948.99 4197.93 0.932102
5987.58 4233.9 0.932102
6026.42 4270.11 0.932102
6065.52 4306.55 0.932102
6104.87 4343.23 0.932102
6144.47 4380.14 0.932102
6184.33 4417.3 0.932102
6224.45 4454.69 0.932102
6264.83 4492.33 0.932102
6305.48 4530.22 0.932102
6346.38 4568.34 0.932102
6387.55 4606.72 0.932102
6428.99 4645.34 0.932102
6470.7 4684.22 0.932102
6512.68 4723.35 0.932102
6554.93 4762.73 0.932102
6597.45 4802.37 0.932102
6640.25 4842.26 0.932102
6683.33 4882.41 0.932102
6726.69 4922.83 0.932102
6770.32 4963.5 0.932102
6814.25 5004.44 0.932102
6858.45 5045.64 0.932102
6902.95 5087.12 0.932102
6947.73 5128.86 0.932102
6992.8 5170.87 0.932102
7038.16 5213.15 0.932102
7083.82 5255.71 0.932102
7129.78 5298.55 0.932102
7176.03 5341.66 0.932102
7222.59 5385.05 0.932102
7269.44 5428.73 0.932102
7316.6 5472.69 0.932102
7364.07 5516.93 0.932102
7411.84 5561.46 0.932102
7459.92 5606.28 0.932102
7508.32 5651.39 0.932102
7557.03 5696.79 0.932102
7606.05 5742.48 0.932102
7655.39 5788.48 0.932102
7705.06 5834.77 0.932102
7755.04 5881.36 0.932102
7805.35 5928.25 0.932102
7855.99 5975.45 0.932102
7906.95 6022.95 0.932102
7958.25 6070.77 0.932102
8009.88 6118.89 0.932102
8061.84 6167.32 0.932102
8114.14 6216.07 0.932102
8166.78 6265.14 0.932102
8219.76 6314.52 0.932102
8273.08 6364.23 0.932102
8326.76 6414.25 0.932102
8380.77 6464.6 0.932102
8435.14 6515.28 0.932102
8489.86 6566.29 0.932102
8544.94 6617.62 0.932102
8600.38 6669.29 0.932102
8656.17 6721.3 0.932102
8712.32 6773.64 0.932102
8768.84 6826.32 0.932102
8825.73 6879.35 0.932102
8882.99 6932.72 0.932102
8940.61 6986.43 0.932102
8998.61 7040.49 0.932102
9056.99 7094.91 0.932102
9115.75 7149.67 0.932102
9174.89 7204.8 0.932102
9234.41 7260.27 0.932102
9294.31 7316.11 0.932102
9354.61 7372.32 0.932102
9415.29 7428.88 0.932102
9476.38 7485.81 0.932102
9537.85 7543.12 0.932102
9599.73 7600.79 0.932102
9662 7658.84 0.932102
9724.68 7717.26 0.932102
9787.77 7776.07 0.932102
9851.27 7835.25 0.932102
9915.18 7894.82 0.932102
9979.5 7954.78 0.932102
10044.2 8015.12 0.932102
10109.4 8075.86 0.932102
10175 8136.99 0.932102
10241 8198.52 0.932102
10307.4 8260.44 0.932102
10374.3 8322.77 0.932102
10441.6 8385.5 0.932102
10509.3 8448.64 0.932102
10577.5 8512.19 0.932102
10646.1 8576.15 0.932102
10715.2 8640.53 0.932102
10784.7 8705.32 0.932102
10854.7 8770.53 0.932102
10925.1 8836.17 0.932102
10996 8902.23 0.932102
11067.3 8968.73 0.932102
11139.1 9035.65 0.932102
11211.4 9103.01 0.932102
11284.1 9170.8 0.932102
11357.3 9239.03 0.932102
11431 9307.71 0.932102
11505.1 9376.83 0.932102
11579.8 9446.4 0.932102
11654.9 9516.42 0.932102
11730.5 9586.9 0.932102
11806.6 9657.83 0.932102
11883.2 9729.22 0.932102
11960.3 9801.08 0.932102
12037.9 9873.4 0.932102
12116 9946.19 0.932102
12194.6 10019.5 0.932102
12273.7 10093.2 0.932102
12353.3 10167.4 0.932102
12433.5 10242.1 0.932102
12514.1 10317.3 0.932102
12595.3 10393 0.932102
12677 10469.1 0.932102
12759.2 10545.8 0.932102
12842 10622.9 0.932102
12925.3 10700.6 0.932102
13009.2 10778.8 0.932102
13093.6 10857.4 0.932102
13178.5 10936.6 0.932102
13264 11016.3 0.932102
13350.1 11096.5 0.932102
13436.7 11177.2 0.932102
13523.8 11258.5 0.932102
13611.6 11340.2 0.932102
13699.9 11422.5 0.932102
13788.8 11505.4 0.932102
13878.2 11588.8 0.932102
13968.2 11672.7 0.932102
14058.9 11757.2 0.932102
14150.1 11842.2 0.932102
14241.9 11927.7 0.932102
14334.2 12013.8 0.932102
14427.2 12100.5 0.932102
14520.8 12187.8 0.932102
14615 12275.6 0.932102
14709.8 12363.9 0.932102
14805.3 12452.9 0.932102
14901.3 12542.4 0.932102
14998 12632.5 0.932102
15095.3 12723.2 0.932102
15193.2 12814.5 0.932102
15291.8 12906.4 0.932102
15391 12998.8 0.932102
15490.8 13091.9 0.932102
15591.3 13185.6 0.932102
15692.5 13279.9 0.932102
15794.3 13374.7 0.932102
15896.7 13470.2 0.932102
15999.9 13566.4 0.932102
16103.7 13663.1 0.932102
16208.1 13760.5 0.932102
16313.3 13858.5 0.932102
16419.1 13957.2 0.932102
16525.6 14056.4 0.932102
16632.8 14156.4 0.932102
16740.7 14256.9 0.932102
16849.3 14358.2 0.932102
16958.7 14460.1 0.932102
17068.7 14562.6 0.932102
17179.4 14665.8 0.932102
17290.8 14769.7 0.932102
17403 14874.3 0.932102
17515.9 14979.5 0.932102
17629.6 15085.4 0.932102
17743.9 15192 0.932102
17859 15299.3 0.932102
17974.9 15407.3 0.932102
18091.5 15516 0.932102
18208.9 15625.4 0.932102
18327 15735.5 0.932102
18445.9 15846.3 0.932102
18565.5 15957.8 0.932102
18686 16070.1 0.932102
18807.2 16183.1 0.932102
18929.2 16296.8 0.932102
19052 16411.3 0.932102
19175.6 16526.5 0.932102
19300 16642.4 0.932102
19425.2 16759.2 0.932102
19551.2 16876.6 0.932102
19678.1 16994.8 0.932102
19805.7 17113.8 0.932102
19934.2 17233.6 0.932102
20063.5 17354.1 0.932102
20193.7 17475.5 0.932102
20324.7 17597.6 0.932102
20456.6 17720.5 0.932102
20589.3 17844.2 0.932102
20722.8 17968.7 0.932102
20857.3 18094 0.932102
20992.6 18220.1 0.932102
21128.8 18347 0.932102
21265.8 18474.8 0.932102
21403.8 18603.4 0.932102
21542.7 18732.8 0.932102
21682.4 18863.1 0.932102
21823.1 18994.2 0.932102
21964.6 19126.2 0.932102
22107.1 19259 0.932102
22250.6 19392.6 0.932102
22394.9 19527.2 0.932102
22540.2 19662.6 0.932102
22686.4 19798.9 0.932102
22833.6 19936.1 0.932102
22981.7 20074.2 0.932102
23130.8 20213.1 0.932102
23280.9 20353 0.932102
23431.9 20493.8 0.932102
23583.9 20635.5 0.932102
23736.9 20778.1 0.932102
23890.9 20921.6 0.932102
24045.9 21066.1 0.932102
24201.9 21211.5 0.932102
24358.9 21357.8 0.932102
24516.9 21505.1 0.932102
24676 21653.4 0.932102
24836 21802.6 0.932102
24997.2 21952.8 0.932102
25159.3 22103.9 0.932102
25322.5 22256.1 0.932102
25486.8 22409.2 0.932102
25652.2 22563.3 0.932102
25818.6 22718.4 0.932102
25986.1 22874.5 0.932102
26154.7 23031.7 0.932102
26324.3 23189.8 0.932102
26495.1 23349 0.932102
26667 23509.2 0.932102
26840 23670.5 0.932102
27014.1 23832.8 0.932102
27189.4 23996.1 0.932102
27365.7 24160.5 0.932102
27543.3 24326 0.932102
27722 24492.5 0.932102
27901.8 24660.2 0.932102
28082.8 24828.9 0.932102
28265 24998.7 0.932102
28448.4 25169.6 0.932102
28632.9 25341.6 0.932102
28818.7 25514.8 0.932102
29005.6 25689.1 0.932102
29193.8 25864.4 0.932102
29383.2 26041 0.932102
29573.8 26218.7 0.932102
29765.7 26397.5 0.932102
29958.8 26577.5 0.932102
30153.1 26758.6 0.932102
30348.7 26941 0.932102
30545.6 27124.5 0.932102
30743.8 27309.2 0.932102
30943.2 27495.1 0.932102
31143.9 27682.2 0.932102
31346 27870.5 0.932102
31549.3 28060.1 0.932102
31754 28250.8 0.932102
31960 28442.8 0.932102
32167.3 28636.1 0.932102
32376 28830.6 0.932102
32586.1 29026.4 0.932102
32797.5 29223.4 0.932102
33010.2 29421.8 0.932102
33224.4 29621.4 0.932102
33439.9 29822.3 0.932102
33656.9 30024.5 0.932102
33875.2 30228 0.932102
34095 30432.8 0.932102
34316.1 30639 0.932102
34538.8 30846.5 0.932102
34762.8 31055.4 0.932102
34988.3 31265.6 0.932102
35215.3 31477.1 0.932102
35443.8 31690.1 0.932102
35673.7 31904.4 0.932102
35905.1 32120.1 0.932102
36138.1 32337.2 0.932102
36372.5 32555.8 0.932102
36608.5 32775.7 0.932102
36846 32997.1 0.932102
37085 33219.9 0.932102
37325.6 33444.1 0.932102
37567.7 33669.8 0.932102
37811.4 33897 0.932102
38056.7 34125.6 0.932102
38303.6 34355.7 0.932102
38552.1 34587.4 0.932102
38802.2 34820.5 0.932102
39053.9 35055.1 0.932102
39307.3 35291.3 0.932102
39562.3 35529 0.932102
39819 35768.2 0.932102
40077.3 36009 0.932102
40337.3 36251.3 0.932102
40599 36495.2 0.932102
40862.3 36740.7 0.932102
41127.4 36987.8 0.932102
41394.2 37236.5 0.932102
41662.8 37486.8 0.932102
41933.1 37738.7 0.932102
42205.1 37992.3 0.932102
42478.9 38247.5 0.932102
42754.5 38504.4 0.932102
43031.8 38762.9 0.932102
43311 39023.1 0.932102
43592 39285 0.932102
43874.8 39548.6 0.932102
44159.4 39813.9 0.932102
44445.9 40080.9 0.932102
44734.2 40349.7 0.932102
45024.4 40620.2 0.932102
45316.5 40892.5 0.932102
45610.5 41166.5 0.932102
45906.4 41442.3 0.932102
46204.2 41719.9 0.932102
46503.9 41999.3 0.932102
46805.6 42280.5 0.932102
47109.3 42563.5 0.932102
47414.9 42848.4 0.932102
47722.5 43135.1 0.932102
48032.1 43423.6 0.932102
48343.7 43714.1 0.932102
48657.3 44006.4 0.932102
48972.9 44300.6 0.932102
49290.7 44596.8 0.932102
49610.4 44894.8 0.932102
49932.3 45194.8 0.932102
50256.2 45496.7 0.932102
50582.2 45800.6 0.932102
50910.4 46106.5 0.932102
51240.6 46414.3 0.932102
51573.1 46724.2 0.932102
51907.6 47036 0.932102
52244.4 47349.9 0.932102
52583.3 47665.8 0.932102
52924.4 47983.8 0.932102
53267.8 48303.8 0.932102
53613.3 48625.9 0.932102
53961.1 48950.1 0.932102
54311.2 49276.4 0.932102
54663.5 49604.8 0.932102
55018.2 49935.4 0.932102
55375.1 50268.1 0.932102
55734.3 50602.9 0.932102
56095.9 50939.9 0.932102
