5.78741e-09 5.95396e-15 4.29514e-06
5.8738e-08 3.33166e-13 8.58285e-06
5.86595e-07 1.45059e-11 3.56977e-05
4.6076e-06 3.38009e-10 8.97843e-05
5.86875e-06 4.61297e-10 0.000114002
2.3369e-05 3.31505e-09 0.000192532
7.39119e-05 1.62978e-08 0.000292274
0.000147358 4.17301e-08 0.000330144
0.000152693 4.34471e-08 0.000292479
0.000165528 4.67976e-08 0.000304172
0.000294481 1.01986e-07 0.000463041
0.000466785 1.89679e-07 0.00054542
0.000739961 3.52227e-07 0.00041641
0.000792747 3.70702e-07 0.000446592
0.000859333 4.13069e-07 0.00055442
0.000931697 4.48502e-07 0.00055104
0.00117285 6.10601e-07 0.000697128
0.00147667 8.31244e-07 0.000750516
0.0017323 1.02935e-06 0.000535855
0.00185963 1.08409e-06 0.000525282
0.00294795 2.00733e-06 0.000908255
0.00467391 3.71532e-06 0.00105104
0.00633042 5.56999e-06 0.00091467
0.0070765 6.16755e-06 0.00093479
0.00933155 8.92099e-06 0.00127133
0.0117504 1.21316e-05 0.00137956
0.0154948 1.7543e-05 0.00122736
0.0177925 2.00421e-05 0.00125466
0.0234638 2.89812e-05 0.00164107
0.0295474 3.94039e-05 0.00177172
0.0354913 5.03041e-05 0.00128079
0.0389653 5.38549e-05 0.00125817
0.0549487 8.51279e-05 0.00191362
0.0590129 9.27925e-05 0.00199187
0.0713035 0.000119369 0.00114686
0.0787306 0.000125461 0.00110854
0.10265 0.000178607 0.00176378
0.112568 0.000193736 0.00180901
0.132297 0.000240204 0.00240921
0.146764 0.000275794 0.00181491
0.15911 0.000293738 0.00177613
0.191354 0.000375514 0.00260957
0.227502 0.000472769 0.000973271
0.245257 0.000484229 0.000805937
0.256566 0.000495831 0.00103354
0.268397 0.000508152 0.00104919
0.280773 0.000521236 0.00106507
0.293719 0.00053513 0.0010812
0.307263 0.000549885 0.00109757
0.321432 0.000565555 0.00111419
0.336253 0.000582195 0.00113106
0.351758 0.000599866 0.00114818
0.367978 0.000618631 0.00116556
0.384946 0.000638559 0.00118321
0.402697 0.000659722 0.00120112
0.421266 0.000682195 0.00121931
0.440691 0.000706061 0.00123777
0.461012 0.000731406 0.00125651
0.48227 0.00075832 0.00127553
0.504508 0.000786902 0.00129484
0.527771 0.000817254 0.00131445
0.552107 0.000849487 0.00133435
0.577566 0.000883717 0.00135455
0.604198 0.000920067 0.00137506
0.632059 0.000958668 0.00139588
0.661204 0.000999662 0.00141701
0.691693 0.00104319 0.00143847
0.723588 0.00108942 0.00146024
0.756953 0.00113852 0.00148235
0.791857 0.00119065 0.00150479
0.828371 0.00124602 0.00152758
0.866568 0.00130481 0.00155071
0.906527 0.00136725 0.00157418
0.948328 0.00143355 0.00159802
0.992057 0.00150396 0.00162221
1.0378 0.00157874 0.00164677
1.08566 0.00165815 0.0016717
1.13572 0.00174247 0.00169701
1.18809 0.00183202 0.00172271
1.24287 0.00192712 0.00174879
1.30018 0.00202811 0.00177526
1.36014 0.00213535 0.00180214
1.42285 0.00224924 0.00182943
1.48846 0.00237018 0.00185712
1.5571 0.00249862 0.00188524
1.6289 0.00263501 0.00191378
1.70401 0.00277985 0.00194276
1.78258 0.00293367 0.00197217
1.86478 0.00309701 0.00200203
1.95077 0.00327047 0.00203234
2.04072 0.00345468 0.00206311
2.13482 0.0036503 0.00209435
2.23326 0.00385804 0.00212606
2.33624 0.00407865 0.00215824
2.44396 0.00431292 0.00219092
2.55666 0.00456171 0.00222409
2.67455 0.00482591 0.00225776
2.79788 0.00510648 0.00229195
2.92689 0.00540443 0.00232665
3.06185 0.00572083 0.00236187
3.20304 0.00605684 0.00239763
3.35074 0.00641366 0.00243393
3.50524 0.00679259 0.00247078
3.66688 0.00719499 0.00250819
3.83596 0.00762232 0.00254616
4.01284 0.00807613 0.00258471
4.19788 0.00855804 0.00262385
4.39145 0.00906982 0.00266357
4.59395 0.00961329 0.0027039
4.80578 0.0101904 0.00274483
5.02738 0.0108033 0.00278639
5.2592 0.0114542 0.00282858
5.50171 0.0121454 0.0028714
5.7554 0.0128794 0.00291488
6.02079 0.0136589 0.00295901
6.29841 0.0144866 0.00300381
6.58884 0.0153657 0.00304928
6.89266 0.0162992 0.00309545
7.21049 0.0172905 0.00314232
7.54298 0.0183433 0.00318989
7.8908 0.0194612 0.00323819
8.25465 0.0206484 0.00328721
8.63529 0.0219092 0.00333698
9.03347 0.0232481 0.0033875
9.45002 0.0246699 0.00343879
9.88577 0.0261798 0.00349085
10.3416 0.0277832 0.00354371
10.8185 0.029486 0.00359736
11.3173 0.0312942 0.00365182
11.8392 0.0332145 0.00370711
12.3851 0.0352537 0.00376324
12.9562 0.0374193 0.00382021
13.5536 0.039719 0.00387805
14.1786 0.0421611 0.00393677
14.8324 0.0447546 0.00399637
15.5164 0.0475087 0.00405687
16.2318 0.0504335 0.00411829
16.9803 0.0535394 0.00418065
17.7633 0.0568378 0.00424394
18.5824 0.0603405 0.0043082
19.4392 0.0640601 0.00437342
20.3356 0.0680102 0.00443964
21.2733 0.072205 0.00450685
22.2543 0.0766597 0.00457509
23.2804 0.0813904 0.00464435
24.3539 0.0864141 0.00471467
25.4769 0.091749 0.00478605
26.6517 0.0974144 0.00485851
27.8806 0.103431 0.00493207
29.1662 0.10982 0.00500674
30.5111 0.116605 0.00508254
31.9181 0.12381 0.00515949
33.3898 0.131462 0.00523761
34.9295 0.139587 0.00531691
36.5401 0.148216 0.0053974
38.225 0.15738 0.00547912
39.9877 0.167111 0.00556208
41.8315 0.177445 0.00564629
43.7605 0.188419 0.00573177
45.7783 0.200073 0.00581855
47.8892 0.212449 0.00590664
50.0974 0.225592 0.00599607
52.4075 0.239549 0.00608685
54.8241 0.254371 0.00617901
57.3521 0.27011 0.00627256
59.9967 0.286825 0.00636752
62.7632 0.304575 0.00646393
65.6573 0.323425 0.00656179
68.6849 0.343443 0.00666114
71.852 0.364701 0.00676199
75.1652 0.387275 0.00686552
75.1652 0.387275 0.00686451
75.6528 0.390711 0.00722769
76.1436 0.394348 0.00759275
76.6376 0.398189 0.00795969
77.1348 0.402238 0.00832852
77.6352 0.406499 0.00869925
78.1388 0.410974 0.00907188
78.6457 0.415667 0.00944641
79.1559 0.420583 0.00982286
79.6694 0.425724 0.0102012
80.1863 0.431095 0.0105815
80.7065 0.436699 0.0109637
81.23 0.44254 0.0113479
81.757 0.448622 0.0117339
82.2874 0.454948 0.012122
82.8212 0.461523 0.0125119
83.3585 0.468351 0.0129038
83.8993 0.475435 0.0132977
84.4436 0.482781 0.0136935
84.9914 0.490391 0.0140913
85.5428 0.498271 0.0144911
86.0977 0.506424 0.0148928
86.6563 0.514856 0.0152965
87.2184 0.523569 0.0157022
87.7842 0.532569 0.0161099
88.3537 0.54186 0.0165196
88.9269 0.551446 0.0169312
89.5038 0.561333 0.0173449
90.0845 0.571525 0.0177605
90.6689 0.582027 0.0181782
91.2571 0.592843 0.0185978
91.8491 0.603978 0.0190195
92.4449 0.615437 0.0194432
93.0447 0.627225 0.0198689
93.6483 0.639347 0.0202966
94.2558 0.651809 0.0207263
94.8673 0.664614 0.0211581
95.4827 0.677769 0.0215918
96.1021 0.691279 0.0220277
96.7256 0.705148 0.0224655
97.3531 0.719383 0.0229053
97.9847 0.733989 0.0233472
98.6203 0.748971 0.0237912
99.2601 0.764335 0.0242371
99.904 0.780086 0.0246851
100.552 0.796231 0.0251352
101.204 0.812774 0.0255872
101.861 0.829723 0.0260414
102.522 0.847082 0.0264975
103.187 0.864858 0.0269557
103.856 0.883056 0.027416
104.53 0.901683 0.0278782
105.208 0.920746 0.0283426
105.891 0.940249 0.0288089
106.578 0.9602 0.0292773
107.269 0.980606 0.0297478
107.965 1.00147 0.0302202
108.665 1.0228 0.0306948
109.37 1.04461 0.0311713
110.08 1.0669 0.0316499
110.794 1.08967 0.0321305
111.513 1.11294 0.0326132
112.236 1.13671 0.0330979
112.964 1.16098 0.0335846
113.697 1.18577 0.0340733
114.435 1.21109 0.0345641
115.177 1.23693 0.0350568
115.924 1.26331 0.0355516
116.676 1.29023 0.0360484
117.433 1.31771 0.0365472
118.195 1.34574 0.037048
118.962 1.37434 0.0375508
119.734 1.40351 0.0380556
120.51 1.43327 0.0385624
121.292 1.46362 0.0390711
122.079 1.49456 0.0395818
122.871 1.52611 0.0400946
123.668 1.55828 0.0406092
124.47 1.59107 0.0411258
125.278 1.62448 0.0416444
126.091 1.65854 0.0421649
126.909 1.69324 0.0426874
127.732 1.7286 0.0432118
128.561 1.76463 0.0437381
129.395 1.80133 0.0442663
130.234 1.83871 0.0447964
131.079 1.87678 0.0453284
131.929 1.91555 0.0458623
132.785 1.95504 0.0463981
133.646 1.99524 0.0469357
134.513 2.03616 0.0474752
135.386 2.07783 0.0480165
136.264 2.12024 0.0485596
137.148 2.16341 0.0491046
138.038 2.20734 0.0496513
138.934 2.25205 0.0501999
139.835 2.29754 0.0507502
140.742 2.34383 0.0513023
141.655 2.39092 0.0518562
142.574 2.43883 0.0524117
143.499 2.48757 0.052969
144.43 2.53714 0.053528
145.367 2.58756 0.0540887
146.31 2.63883 0.054651
147.259 2.69097 0.055215
148.215 2.74399 0.0557807
149.176 2.7979 0.0563479
150.144 2.8527 0.0569168
151.118 2.90842 0.0574872
152.098 2.96506 0.0580592
153.085 3.02263 0.0586327
154.078 3.08114 0.0592077
155.078 3.14061 0.0597843
156.084 3.20105 0.0603623
157.096 3.26246 0.0609417
158.115 3.32487 0.0615226
159.141 3.38827 0.0621049
160.173 3.45269 0.0626886
161.213 3.51813 0.0632736
162.258 3.58462 0.0638599
163.311 3.65215 0.0644476
164.37 3.72074 0.0650365
165.437 3.7904 0.0656266
166.51 3.86115 0.066218
167.59 3.933 0.0668106
168.678 4.00596 0.0674043
169.772 4.08005 0.0679991
170.873 4.15527 0.068595
171.982 4.23164 0.069192
173.097 4.30917 0.0697901
174.22 4.38787 0.0703891
175.351 4.46777 0.070989
176.488 4.54887 0.0715899
177.633 4.63118 0.0721917
178.785 4.71471 0.0727943
179.945 4.79949 0.0733978
181.113 4.88553 0.074002
182.288 4.97283 0.0746069
183.47 5.06142 0.0752126
184.66 5.1513 0.0758189
185.858 5.24249 0.0764258
187.064 5.33501 0.0770332
188.278 5.42886 0.0776412
189.499 5.52406 0.0782497
190.728 5.62063 0.0788585
191.966 5.71858 0.0794678
193.211 5.81793 0.0800774
194.464 5.91868 0.0806873
195.726 6.02086 0.0812974
196.996 6.12447 0.0819077
198.274 6.22954 0.0825181
199.56 6.33607 0.0831286
200.855 6.44409 0.0837391
202.158 6.5536 0.0843495
203.469 6.66462 0.0849599
204.789 6.77717 0.0855702
206.118 6.89126 0.0861802
207.455 7.0069 0.0867899
208.801 7.12412 0.0873993
210.155 7.24292 0.0880083
211.519 7.36332 0.0886169
212.891 7.48534 0.0892249
214.272 7.60898 0.0898323
215.662 7.73428 0.0904391
217.061 7.86123 0.0910451
218.469 7.98986 0.0916503
219.886 8.12019 0.0922547
221.313 8.25222 0.0928581
222.749 8.38597 0.0934605
224.194 8.52146 0.0940618
225.648 8.6587 0.0946619
227.112 8.79771 0.0952607
228.585 8.9385 0.0958582
230.068 9.08109 0.0964543
231.561 9.2255 0.0970489
233.063 9.37173 0.0976419
234.575 9.51981 0.0982332
236.097 9.66975 0.0988227
237.628 9.82156 0.0994104
239.17 9.97526 0.0999962
240.722 10.1309 0.10058
242.283 10.2884 0.101161
243.855 10.4478 0.101741
245.437 10.6093 0.102318
247.029 10.7726 0.102892
248.632 10.938 0.103464
250.245 11.1053 0.104034
251.868 11.2747 0.1046
253.502 11.446 0.105164
255.147 11.6195 0.105725
256.802 11.7949 0.106283
258.468 11.9724 0.106837
260.145 12.152 0.107389
261.832 12.3337 0.107936
263.531 12.5175 0.108481
265.24 12.7035 0.109021
266.961 12.8915 0.109558
268.693 13.0817 0.110091
270.436 13.2741 0.11062
272.191 13.4686 0.111145
273.956 13.6653 0.111665
275.734 13.8643 0.112181
277.522 14.0654 0.112693
279.323 14.2687 0.113199
281.135 14.4743 0.113701
282.959 14.6821 0.114198
284.794 14.8922 0.11469
286.642 15.1046 0.115176
288.501 15.3192 0.115657
290.373 15.5361 0.116133
292.257 15.7553 0.116603
294.153 15.9768 0.117066
296.061 16.2006 0.117524
297.982 16.4268 0.117976
299.915 16.6553 0.118421
301.86 16.8861 0.11886
303.819 17.1193 0.119291
305.79 17.3548 0.119716
307.773 17.5927 0.120134
309.77 17.833 0.120545
311.78 18.0757 0.120948
313.802 18.3207 0.121344
315.838 18.5681 0.121732
317.887 18.8179 0.122112
319.949 19.0701 0.122484
322.025 19.3248 0.122847
324.114 19.5818 0.123202
326.217 19.8412 0.123548
328.333 20.103 0.123885
330.463 20.3672 0.124213
332.607 20.6339 0.124531
334.764 20.9029 0.12484
336.936 21.1743 0.125139
339.122 21.4482 0.125428
341.322 21.7244 0.125707
343.536 22.0031 0.125976
345.765 22.2841 0.126234
348.008 22.5676 0.12648
350.266 22.8534 0.126716
352.538 23.1416 0.12694
354.825 23.4321 0.127153
357.127 23.725 0.127354
359.444 24.0203 0.127543
361.776 24.3179 0.127719
364.123 24.6179 0.127883
366.485 24.9201 0.128034
368.862 25.2247 0.128172
371.255 25.5316 0.128296
373.664 25.8407 0.128407
376.088 26.1521 0.128504
378.528 26.4657 0.128587
380.983 26.7816 0.128656
383.455 27.0996 0.128709
385.942 27.4198 0.128748
388.446 27.7422 0.128771
390.966 28.0667 0.128779
393.502 28.3933 0.128771
396.055 28.722 0.128747
398.625 29.0528 0.128707
401.211 29.3856 0.12865
403.813 29.7203 0.128575
406.433 30.057 0.128484
409.07 30.3956 0.128375
411.724 30.7361 0.128247
414.395 31.0785 0.128102
417.083 31.4227 0.127938
419.789 31.7686 0.127755
422.512 32.1162 0.127553
425.253 32.4655 0.127332
428.012 32.8165 0.127091
430.788 33.169 0.126829
433.583 33.5231 0.126547
436.396 33.8786 0.126244
439.227 34.2355 0.12592
442.076 34.5938 0.125574
444.944 34.9535 0.125207
447.831 35.3143 0.124817
450.736 35.6763 0.124405
453.66 36.0395 0.12397
456.603 36.4036 0.123512
459.565 36.7688 0.12303
462.547 37.1348 0.122524
465.547 37.5017 0.121993
468.567 37.8693 0.121439
471.607 38.2376 0.120859
474.667 38.6064 0.120253
477.746 38.9757 0.119622
480.845 39.3454 0.118965
483.965 39.7155 0.118281
487.104 40.0857 0.117571
490.264 40.4561 0.116833
493.445 40.8265 0.116067
496.646 41.1967 0.115274
499.868 41.5668 0.114452
503.111 41.9366 0.113602
506.375 42.3059 0.112723
509.66 42.6747 0.111814
512.966 43.0429 0.110875
516.294 43.4102 0.109906
519.643 43.7767 0.108907
523.014 44.1421 0.107876
526.407 44.5063 0.106815
529.822 44.8692 0.105722
533.26 45.2307 0.104596
536.719 45.5905 0.103439
540.201 45.9486 0.102248
543.705 46.3048 0.101025
547.233 46.6589 0.0997684
550.783 47.0108 0.0984779
554.356 47.3603 0.0971534
557.952 47.7072 0.0957944
561.572 48.0515 0.0944006
565.215 48.3928 0.0929717
568.882 48.731 0.0915075
572.572 49.0659 0.0900075
576.287 49.3974 0.0884715
580.025 49.7252 0.0868991
583.788 50.0492 0.0852901
587.575 50.3691 0.0836443
591.387 50.6847 0.0819612
595.224 50.9959 0.0802406
599.085 51.3023 0.0784824
602.971 51.6038 0.0766862
606.883 51.9002 0.0748518
610.82 52.1912 0.072979
614.783 52.4766 0.0710676
618.771 52.7562 0.0691173
622.785 53.0296 0.067128
626.826 53.2968 0.0650996
630.892 53.5573 0.0630319
634.985 53.8109 0.0609247
639.104 54.0575 0.0587779
643.25 54.2967 0.0565914
647.423 54.5282 0.0543653
651.623 54.7518 0.0520993
655.851 54.9671 0.0497935
660.105 55.174 0.0474478
664.388 55.3721 0.0450623
668.698 55.5611 0.042637
673.036 55.7407 0.040172
677.402 55.9106 0.0376674
681.797 56.0706 0.0351232
686.22 56.2202 0.0325397
690.671 56.3592 0.029917
695.152 56.4873 0.0272554
699.662 56.6041 0.0245551
704.201 56.7094 0.0218164
708.769 56.8027 0.0190397
713.367 56.8838 0.0162252
717.995 56.9522 0.0133735
722.653 57.0078 0.010485
727.341 57.0501 0.00756025
732.06 57.0788 0.00459974
736.809 57.0935 0.00160412
741.589 57.0974 0
746.4 57.0974 0
751.242 57.0974 0
756.115 57.0974 0
761.021 57.0974 0
765.958 57.0974 0
770.927 57.0974 0
775.928 57.0974 0
780.962 57.0974 0
786.028 57.0974 0
791.127 57.0974 0
796.26 57.0974 0
801.425 57.0974 0
806.624 57.0974 0
811.857 57.0974 0
817.124 57.0974 0
822.425 57.0974 0
827.76 57.0974 0
833.13 57.0974 0
838.535 57.0974 0
843.975 57.0974 0
849.45 57.0974 0
854.961 57.0974 0
860.507 57.0974 0
866.09 57.0974 0
871.708 57.0974 0
877.363 57.0974 0
883.055 57.0974 0
888.784 57.0974 0
894.55 57.0974 0
900.353 57.0974 0
906.194 57.0974 0
912.073 57.0974 0
917.99 57.0974 0
923.945 57.0974 0
929.939 57.0974 0
935.972 57.0974 0
942.044 57.0974 0
948.155 57.0974 0
954.306 57.0974 0
960.497 57.0974 0
966.728 57.0974 0
973 57.0974 0
979.312 57.0974 0
985.665 57.0974 0
992.059 57.0974 0
998.495 57.0974 0
1004.97 57.0974 0
1011.49 57.0974 0
1018.05 57.0974 0
1024.66 57.0974 0
1031.31 57.0974 0
1038 57.0974 0
1044.73 57.0974 0
1051.51 57.0974 0
1058.33 57.0974 0
1065.2 57.0974 0
1072.11 57.0974 0
1079.06 57.0974 0
1086.06 57.0974 0
1093.11 57.0974 0
1100.2 57.0974 0
1107.34 57.0974 0
1114.52 57.0974 0
1121.75 57.0974 0
1129.03 57.0974 0
1136.35 57.0974 0
1143.72 57.0974 0
1151.14 57.0974 0
1158.61 57.0974 0
1166.13 57.0974 0
1173.69 57.0974 0
1181.31 57.0974 0
1188.97 57.0974 0
1196.68 57.0974 0
1204.45 57.0974 0
1212.26 57.0974 0
1220.12 57.0974 0
1228.04 57.0974 0
1236.01 57.0974 0
1244.02 57.0974 0
1252.09 57.0974 0
1260.22 57.0974 0
1268.39 57.0974 0
1276.62 57.0974 0
1284.9 57.0974 0
1293.24 57.0974 0
1301.63 57.0974 0
1310.07 57.1202 0.00541989
1318.57 57.2219 0.0185033
1327.13 57.4385 0.0321273
1335.74 57.776 0.0462863
1344.4 58.2407 0.060973
1353.12 58.8388 0.076178
1361.9 59.5765 0.0918897
1370.74 60.4599 0.108094
1379.63 61.4953 0.124775
1388.58 62.6888 0.141915
1397.59 64.0463 0.159493
1406.65 65.574 0.177485
1415.78 67.2775 0.195867
1424.96 69.1625 0.214611
1434.21 71.2346 0.233688
1443.51 73.499 0.253066
1452.88 75.9609 0.272711
1462.3 78.625 0.292589
1471.79 81.4958 0.312662
1481.34 84.5777 0.332892
1490.95 87.8745 0.35324
1500.62 91.3899 0.373664
1510.35 95.1272 0.394125
1520.15 99.0891 0.414578
1530.01 103.278 0.434984
1539.94 107.697 0.455299
1549.93 112.346 0.475483
1559.98 117.227 0.495493
1570.1 122.342 0.515289
1580.29 127.69 0.534832
1590.54 133.272 0.554085
1600.86 139.087 0.57301
1611.25 145.134 0.591574
1621.7 151.413 0.609743
1632.22 157.921 0.627488
1642.81 164.657 0.64478
1653.47 171.618 0.661595
1664.19 178.802 0.677908
1674.99 186.206 0.6937
1685.85 193.827 0.708953
1696.79 201.661 0.723652
1707.8 209.705 0.737785
1718.88 217.954 0.751343
1730.03 226.404 0.764318
1741.25 235.052 0.776707
1752.55 243.892 0.788507
1763.92 252.921 0.799719
1775.36 262.133 0.810347
1786.88 271.524 0.820394
1798.47 281.089 0.829868
1810.14 290.823 0.838778
1821.88 300.722 0.847135
1833.7 310.781 0.854949
1845.6 320.995 0.862235
1857.57 331.359 0.869007
1869.62 341.869 0.875281
1881.75 352.52 0.881073
1893.96 363.308 0.8864
1906.24 374.229 0.89128
1918.61 385.279 0.895732
1931.06 396.453 0.899774
1943.58 407.747 0.903425
1956.19 419.159 0.906704
1968.88 430.684 0.90963
1981.66 442.319 0.912222
1994.51 454.061 0.914498
2007.45 465.907 0.916477
2020.47 477.853 0.918177
2033.58 489.898 0.919617
2046.77 502.038 0.920812
2060.05 514.271 0.921781
2073.42 526.595 0.922539
2086.87 539.008 0.923102
2100.41 551.507 0.923486
2114.03 564.092 0.923705
2127.75 576.761 0.923773
2141.55 589.512 0.923704
2155.44 602.343 0.92351
2169.43 615.255 0.923204
2183.5 628.245 0.922797
2197.66 641.313 0.9223
2211.92 654.458 0.921724
2226.27 667.68 0.921077
2240.71 680.977 0.92037
2255.25 694.351 0.91961
2269.88 707.799 0.918806
2284.61 721.323 0.917965
2299.43 734.922 0.917095
2314.34 748.596 0.9162
2329.36 762.344 0.915288
2344.47 776.169 0.914364
2359.68 790.069 0.913433
2374.99 804.044 0.912499
2390.39 818.096 0.911566
2405.9 832.225 0.910638
2421.51 846.431 0.90972
2437.22 860.715 0.908812
2453.03 875.077 0.907919
2468.94 889.519 0.907042
2484.96 904.04 0.906184
2501.08 918.641 0.905347
2517.31 933.324 0.904532
2533.64 948.09 0.903739
2550.07 962.938 0.902972
2566.62 977.87 0.902229
2583.27 992.886 0.901512
2600.03 1007.99 0.900822
2616.89 1023.18 0.900159
2633.87 1038.45 0.899522
2650.96 1053.82 0.898912
2668.15 1069.27 0.898329
2685.46 1084.82 0.897773
2702.89 1100.45 0.897243
2720.42 1116.18 0.896739
2738.07 1132 0.89626
2755.83 1147.92 0.895806
2773.71 1163.93 0.895377
2791.7 1180.04 0.894972
2809.81 1196.24 0.894589
2828.04 1212.55 0.894229
2846.39 1228.95 0.89389
2864.85 1245.45 0.893572
2883.44 1262.06 0.893274
2902.15 1278.76 0.892995
2920.97 1295.57 0.892734
2939.92 1312.49 0.892491
2958.99 1329.51 0.892264
2978.19 1346.64 0.892053
2997.51 1363.87 0.891857
3016.96 1381.21 0.891676
3036.53 1398.66 0.891508
3056.23 1416.22 0.891353
3076.05 1433.89 0.89121
3096.01 1451.67 0.891078
3116.1 1469.57 0.890956
3136.31 1487.58 0.890845
3156.66 1505.7 0.890743
3177.14 1523.94 0.890649
3197.75 1542.3 0.890564
3218.49 1560.77 0.890486
3239.37 1579.37 0.890415
3260.39 1598.08 0.89035
3281.54 1616.91 0.890292
3302.83 1635.86 0.890239
3324.25 1654.94 0.890191
3345.82 1674.13 0.890147
3367.52 1693.45 0.890108
3389.37 1712.9 0.890073
3411.36 1732.47 0.890042
3433.49 1752.17 0.890014
3455.76 1771.99 0.889988
3478.18 1791.94 0.889966
3500.75 1812.02 0.889946
3523.46 1832.24 0.889928
3546.31 1852.58 0.889912
3569.32 1873.05 0.889898
3592.48 1893.66 0.889885
3615.78 1914.4 0.889874
3639.24 1935.27 0.889865
3662.85 1956.28 0.889856
3686.61 1977.42 0.889849
3710.53 1998.7 0.889842
3734.6 2020.12 0.889837
3758.82 2041.68 0.889832
3783.21 2063.38 0.889827
3807.75 2085.22 0.889824
3832.45 2107.2 0.88982
3857.32 2129.32 0.889818
3882.34 2151.59 0.889815
3907.53 2174 0.889813
3932.88 2196.56 0.889811
3958.39 2219.26 0.88981
3984.07 2242.11 0.889809
4009.92 2265.11 0.889807
4035.93 2288.26 0.889807
4062.11 2311.55 0.889806
4088.47 2335 0.889805
4114.99 2358.6 0.889805
4141.68 2382.36 0.889804
4168.55 2406.26 0.889804
4195.6 2430.33 0.889803
4222.81 2454.55 0.889803
4250.21 2478.92 0.889803
4277.78 2503.46 0.889803
4305.53 2528.15 0.889803
4333.46 2553 0.889802
4361.58 2578.02 0.889802
4389.87 2603.19 0.889802
4418.35 2628.53 0.889802
4447.01 2654.04 0.889802
4475.86 2679.71 0.889802
4504.9 2705.55 0.889802
4534.12 2731.55 0.889802
4563.54 2757.72 0.889802
4593.14 2784.07 0.889802
4622.94 2810.58 0.889802
4652.93 2837.27 0.889802
4683.12 2864.12 0.889802
4713.5 2891.16 0.889802
4744.08 2918.37 0.889802
4774.85 2945.75 0.889802
4805.83 2973.31 0.889802
4837.01 3001.06 0.889802
4868.39 3028.98 0.889802
4899.97 3057.08 0.889802
4931.76 3085.36 0.889802
4963.75 3113.83 0.889802
4995.95 3142.49 0.889802
5028.36 3171.32 0.889802
5060.98 3200.35 0.889802
5093.82 3229.56 0.889802
5126.86 3258.97 0.889802
5160.12 3288.56 0.889802
5193.6 3318.35 0.889802
5227.29 3348.33 0.889802
5261.2 3378.5 0.889802
5295.33 3408.87 0.889802
5329.68 3439.44 0.889802
5364.26 3470.21 0.889802
5399.06 3501.17 0.889802
5434.09 3532.34 0.889802
5469.34 3563.71 0.889802
5504.82 3595.28 0.889802
5540.53 3627.05 0.889802
5576.48 3659.04 0.889802
5612.65 3691.23 0.889802
5649.06 3723.62 0.889802
5685.71 3756.23 0.889802
5722.6 3789.05 0.889802
5759.72 3822.09 0.889802
5797.09 3855.34 0.889802
5834.69 3888.8 0.889802
5872.55 3922.48 0.889802
5910.64 3956.38 0.889802
5948.99 3990.5 0.889802
5987.58 4024.84 0.889802
6026.42 4059.4 0.889802
6065.52 4094.19 0.889802
6104.87 4129.2 0.889802
6144.47 4164.44 0.889802
6184.33 4199.91 0.889802
6224.45 4235.61 0.889802
6264.83 4271.54 0.889802
6305.48 4307.7 0.889802
6346.38 4344.1 0.889802
6387.55 4380.74 0.889802
6428.99 4417.61 0.889802
6470.7 4454.72 0.889802
6512.68 4492.07 0.889802
6554.93 4529.66 0.889802
6597.45 4567.5 0.889802
6640.25 4605.59 0.889802
6683.33 4643.92 0.889802
6726.69 4682.5 0.889802
6770.32 4721.33 0.889802
6814.25 4760.41 0.889802
6858.45 4799.74 0.889802
6902.95 4839.33 0.889802
6947.73 4879.18 0.889802
6992.8 4919.28 0.889802
7038.16 4959.65 0.889802
7083.82 5000.28 0.889802
7129.78 5041.17 0.889802
7176.03 5082.32 0.889802
7222.59 5123.75 0.889802
7269.44 5165.44 0.889802
7316.6 5207.4 0.889802
7364.07 5249.64 0.889802
7411.84 5292.15 0.889802
7459.92 5334.93 0.889802
7508.32 5377.99 0.889802
7557.03 5421.33 0.889802
7606.05 5464.96 0.889802
7655.39 5508.86 0.889802
7705.06 5553.05 0.889802
7755.04 5597.53 0.889802
7805.35 5642.3 0.889802
7855.99 5687.35 0.889802
7906.95 5732.7 0.889802
7958.25 5778.34 0.889802
8009.88 5824.28 0.889802
8061.84 5870.52 0.889802
8114.14 5917.06 0.889802
8166.78 5963.89 0.889802
8219.76 6011.04 0.889802
8273.08 6058.48 0.889802
8326.76 6106.24 0.889802
8380.77 6154.31 0.889802
8435.14 6202.68 0.889802
8489.86 6251.38 0.889802
8544.94 6300.38 0.889802
8600.38 6349.71 0.889802
8656.17 6399.35 0.889802
8712.32 6449.32 0.889802
8768.84 6499.61 0.889802
8825.73 6550.23 0.889802
8882.99 6601.18 0.889802
8940.61 6652.45 0.889802
8998.61 6704.06 0.889802
9056.99 6756.01 0.889802
9115.75 6808.29 0.889802
9174.89 6860.91 0.889802
9234.41 6913.87 0.889802
9294.31 6967.17 0.889802
9354.61 7020.83 0.889802
9415.29 7074.83 0.889802
9476.38 7129.17 0.889802
9537.85 7183.88 0.889802
9599.73 7238.93 0.889802
9662 7294.35 0.889802
9724.68 7350.12 0.889802
9787.77 7406.26 0.889802
9851.27 7462.76 0.889802
9915.18 7519.62 0.889802
9979.5 7576.86 0.889802
10044.2 7634.46 0.889802
10109.4 7692.44 0.889802
10175 7750.8 0.889802
10241 7809.53 0.889802
10307.4 7868.65 0.889802
10374.3 7928.15 0.889802
10441.6 7988.03 0.889802
10509.3 8048.31 0.889802
10577.5 8108.97 0.889802
10646.1 8170.03 0.889802
10715.2 8231.49 0.889802
10784.7 8293.34 0.889802
10854.7 8355.59 0.889802
10925.1 8418.25 0.889802
10996 8481.32 0.889802
11067.3 8544.79 0.889802
11139.1 8608.68 0.889802
11211.4 8672.98 0.889802
11284.1 8737.69 0.889802
11357.3 8802.83 0.889802
11431 8868.39 0.889802
11505.1 8934.37 0.889802
11579.8 9000.79 0.889802
11654.9 9067.63 0.889802
11730.5 9134.91 0.889802
11806.6 9202.62 0.889802
11883.2 9270.78 0.889802
11960.3 9339.37 0.889802
12037.9 9408.41 0.889802
12116 9477.9 0.889802
12194.6 9547.84 0.889802
12273.7 9618.23 0.889802
12353.3 9689.08 0.889802
12433.5 9760.39 0.889802
12514.1 9832.16 0.889802
12595.3 9904.4 0.889802
12677 9977.1 0.889802
12759.2 10050.3 0.889802
12842 10123.9 0.889802
12925.3 10198.1 0.889802
13009.2 10272.7 0.889802
13093.6 10347.8 0.889802
13178.5 10423.4 0.889802
13264 10499.4 0.889802
13350.1 10576 0.889802
13436.7 10653.1 0.889802
13523.8 10730.6 0.889802
13611.6 10808.7 0.889802
13699.9 10887.3 0.889802
13788.8 10966.3 0.889802
13878.2 11045.9 0.889802
13968.2 11126 0.889802
14058.9 11206.7 0.889802
14150.1 11287.8 0.889802
14241.9 11369.5 0.889802
14334.2 11451.7 0.889802
14427.2 11534.5 0.889802
14520.8 11617.7 0.889802
14615 11701.6 0.889802
14709.8 11785.9 0.889802
14805.3 11870.8 0.889802
14901.3 11956.3 0.889802
14998 12042.3 0.889802
15095.3 12128.9 0.889802
15193.2 12216 0.889802
15291.8 12303.7 0.889802
15391 12392 0.889802
15490.8 12480.9 0.889802
15591.3 12570.3 0.889802
15692.5 12660.3 0.889802
15794.3 12750.9 0.889802
15896.7 12842 0.889802
15999.9 12933.8 0.889802
16103.7 13026.1 0.889802
16208.1 13119.1 0.889802
16313.3 13212.7 0.889802
16419.1 13306.8 0.889802
16525.6 13401.6 0.889802
16632.8 13497 0.889802
16740.7 13593 0.889802
16849.3 13689.7 0.889802
16958.7 13786.9 0.889802
17068.7 13884.8 0.889802
17179.4 13983.3 0.889802
17290.8 14082.5 0.889802
17403 14182.3 0.889802
17515.9 14282.8 0.889802
17629.6 14383.9 0.889802
17743.9 14485.7 0.889802
17859 14588.1 0.889802
17974.9 14691.2 0.889802
18091.5 14794.9 0.889802
18208.9 14899.4 0.889802
18327 15004.5 0.889802
18445.9 15110.3 0.889802
18565.5 15216.7 0.889802
18686 15323.9 0.889802
18807.2 15431.8 0.889802
18929.2 15540.3 0.889802
19052 15649.6 0.889802
19175.6 15759.6 0.889802
19300 15870.3 0.889802
19425.2 15981.7 0.889802
19551.2 16093.8 0.889802
19678.1 16206.7 0.889802
19805.7 16320.3 0.889802
19934.2 16434.6 0.889802
20063.5 16549.7 0.889802
20193.7 16665.5 0.889802
20324.7 16782 0.889802
20456.6 16899.4 0.889802
20589.3 17017.5 0.889802
20722.8 17136.3 0.889802
20857.3 17255.9 0.889802
20992.6 17376.3 0.889802
21128.8 17497.5 0.889802
21265.8 17619.5 0.889802
21403.8 17742.2 0.889802
21542.7 17865.8 0.889802
21682.4 17990.1 0.889802
21823.1 18115.3 0.889802
21964.6 18241.3 0.889802
22107.1 18368.1 0.889802
22250.6 18495.7 0.889802
22394.9 18624.1 0.889802
22540.2 18753.4 0.889802
22686.4 18883.5 0.889802
22833.6 19014.4 0.889802
22981.7 19146.3 0.889802
23130.8 19278.9 0.889802
23280.9 19412.4 0.889802
23431.9 19546.8 0.889802
23583.9 19682.1 0.889802
23736.9 19818.2 0.889802
23890.9 19955.2 0.889802
24045.9 20093.2 0.889802
24201.9 20232 0.889802
24358.9 20371.7 0.889802
24516.9 20512.3 0.889802
24676 20653.8 0.889802
24836 20796.2 0.889802
24997.2 20939.6 0.889802
25159.3 21083.9 0.889802
25322.5 21229.1 0.889802
25486.8 21375.3 0.889802
25652.2 21522.4 0.889802
25818.6 21670.5 0.889802
25986.1 21819.5 0.889802
26154.7 21969.5 0.889802
26324.3 22120.5 0.889802
26495.1 22272.5 0.889802
26667 22425.4 0.889802
26840 22579.3 0.889802
27014.1 22734.3 0.889802
27189.4 22890.2 0.889802
27365.7 23047.2 0.889802
27543.3 23205.1 0.889802
27722 23364.1 0.889802
27901.8 23524.1 0.889802
28082.8 23685.2 0.889802
28265 23847.3 0.889802
28448.4 24010.5 0.889802
28632.9 24174.7 0.889802
28818.7 24340 0.889802
29005.6 24506.3 0.889802
29193.8 24673.8 0.889802
29383.2 24842.3 0.889802
29573.8 25011.9 0.889802
29765.7 25182.6 0.889802
29958.8 25354.4 0.889802
30153.1 25527.4 0.889802
30348.7 25701.4 0.889802
30545.6 25876.6 0.889802
30743.8 26052.9 0.889802
30943.2 26230.4 0.889802
31143.9 26409 0.889802
31346 26588.8 0.889802
31549.3 26769.7 0.889802
31754 26951.9 0.889802
31960 27135.2 0.889802
32167.3 27319.6 0.889802
32376 27505.3 0.889802
32586.1 27692.2 0.889802
32797.5 27880.3 0.889802
33010.2 28069.6 0.889802
33224.4 28260.2 0.889802
33439.9 28452 0.889802
33656.9 28645 0.889802
33875.2 28839.3 0.889802
34095 29034.8 0.889802
34316.1 29231.6 0.889802
34538.8 29429.7 0.889802
34762.8 29629.1 0.889802
34988.3 29829.8 0.889802
35215.3 30031.7 0.889802
35443.8 30235 0.889802
35673.7 30439.6 0.889802
35905.1 30645.5 0.889802
36138.1 30852.8 0.889802
36372.5 31061.4 0.889802
36608.5 31271.4 0.889802
36846 31482.7 0.889802
37085 31695.4 0.889802
37325.6 31909.5 0.889802
37567.7 32124.9 0.889802
37811.4 32341.8 0.889802
38056.7 32560 0.889802
38303.6 32779.7 0.889802
38552.1 33000.8 0.889802
38802.2 33223.4 0.889802
39053.9 33447.4 0.889802
39307.3 33672.8 0.889802
39562.3 33899.7 0.889802
39819 34128.1 0.889802
40077.3 34357.9 0.889802
40337.3 34589.3 0.889802
40599 34822.1 0.889802
40862.3 35056.5 0.889802
41127.4 35292.3 0.889802
41394.2 35529.7 0.889802
41662.8 35768.7 0.889802
41933.1 36009.2 0.889802
42205.1 36251.2 0.889802
42478.9 36494.9 0.889802
42754.5 36740.1 0.889802
43031.8 36986.9 0.889802
43311 37235.3 0.889802
43592 37485.3 0.889802
43874.8 37736.9 0.889802
44159.4 37990.2 0.889802
44445.9 38245.1 0.889802
44734.2 38501.7 0.889802
45024.4 38759.9 0.889802
45316.5 39019.8 0.889802
45610.5 39281.4 0.889802
45906.4 39544.7 0.889802
46204.2 39809.7 0.889802
46503.9 40076.4 0.889802
46805.6 40344.8 0.889802
47109.3 40615 0.889802
47414.9 40886.9 0.889802
47722.5 41160.6 0.889802
48032.1 41436.1 0.889802
48343.7 41713.4 0.889802
48657.3 41992.4 0.889802
48972.9 42273.3 0.889802
49290.7 42556 0.889802
49610.4 42840.5 0.889802
49932.3 43126.9 0.889802
50256.2 43415.1 0.889802
50582.2 43705.2 0.889802
50910.4 43997.2 0.889802
51240.6 44291.1 0.889802
51573.1 44586.9 0.889802
51907.6 44884.6 0.889802
52244.4 45184.2 0.889802
52583.3 45485.8 0.889802
52924.4 45789.3 0.889802
53267.8 46094.8 0.889802
53613.3 46402.3 0.889802
53961.1 46711.8 0.889802
54311.2 47023.3 0.889802
54663.5 47336.8 0.889802
55018.2 47652.3 0.889802
55375.1 47969.9 0.889802
55734.3 48289.6 0.889802
56095.9 48611.3 0.889802
