5.78741e-09 5.95396e-15 4.29514e-06
5.8738e-08 3.33166e-13 8.58285e-06
5.86595e-07 1.45059e-11 3.56977e-05
4.6076e-06 3.38009e-10 8.97843e-05
5.86875e-06 4.61297e-10 0.000114002
2.3369e-05 3.31505e-09 0.000192532
7.39119e-05 1.62978e-08 0.000292274
0.000147358 4.17301e-08 0.000330144
0.000152693 4.34471e-08 0.000292479
0.000165528 4.67976e-08 0.000304172
0.000294481 1.01986e-07 0.000463041
0.000466785 1.89679e-07 0.00054542
0.000739961 3.52227e-07 0.00041641
0.000792747 3.70702e-07 0.000446592
0.000859333 4.13069e-07 0.00055442
0.000931697 4.48502e-07 0.00055104
0.00117285 6.10601e-07 0.000697128
0.00147667 8.31244e-07 0.000750516
0.0017323 1.02935e-06 0.000535855
0.00185963 1.08409e-06 0.000525282
0.00294795 2.00733e-06 0.000908255
0.00467391 3.71532e-06 0.00105104
0.00633042 5.56999e-06 0.00091467
0.0070765 6.16755e-06 0.00093479
0.00933155 8.92099e-06 0.00127133
0.0117504 1.21316e-05 0.00137956
0.0154948 1.7543e-05 0.00122736
0.0177925 2.00421e-05 0.00125466
0.0234638 2.89812e-05 0.00164107
0.0295474 3.94039e-05 0.00177172
0.0354913 5.03041e-05 0.00128079
0.0389653 5.38549e-05 0.00125817
0.0549487 8.51279e-05 0.00191362
0.0590129 9.27925e-05 0.00199187
0.0713035 0.000119369 0.00114686
0.0787306 0.000125461 0.00110854
0.10265 0.000178607 0.00176378
0.112568 0.000193736 0.00180901
0.132297 0.000240204 0.00240921
0.146764 0.000275794 0.00181491
0.15911 0.000293738 0.00177613
0.191354 0.000375514 0.00260957
0.227502 0.000472769 0.000973271
0.245257 0.000484229 0.000805937
0.256566 0.000495831 0.00103354
0.268397 0.000508152 0.00104919
0.280773 0.000521236 0.00106507
0.293719 0.00053513 0.0010812
0.307263 0.000549885 0.00109757
0.321432 0.000565555 0.00111419
0.336253 0.000582195 0.00113106
0.351758 0.000599866 0.00114818
0.367978 0.000618631 0.00116556
0.384946 0.000638559 0.00118321
0.402697 0.000659722 0.00120112
0.421266 0.000682195 0.00121931
0.440691 0.000706061 0.00123777
0.461012 0.000731406 0.00125651
0.48227 0.00075832 0.00127553
0.504508 0.000786902 0.00129484
0.527771 0.000817254 0.00131445
0.552107 0.000849487 0.00133435
0.577566 0.000883717 0.00135455
0.604198 0.000920067 0.00137506
0.632059 0.000958668 0.00139588
0.661204 0.000999662 0.00141701
0.691693 0.00104319 0.00143847
0.723588 0.00108942 0.00146024
0.756953 0.00113852 0.00148235
0.791857 0.00119065 0.00150479
0.828371 0.00124602 0.00152758
0.866568 0.00130481 0.00155071
0.906527 0.00136725 0.00157418
0.948328 0.00143355 0.00159802
0.992057 0.00150396 0.00162221
1.0378 0.00157874 0.00164677
1.08566 0.00165815 0.0016717
1.13572 0.00174247 0.00169701
1.18809 0.00183202 0.00172271
1.24287 0.00192712 0.00174879
1.30018 0.00202811 0.00177526
1.36014 0.00213535 0.00180214
1.42285 0.00224924 0.00182943
1.48846 0.00237018 0.00185712
1.5571 0.00249862 0.00188524
1.6289 0.00263501 0.00191378
1.70401 0.00277985 0.00194276
1.78258 0.00293367 0.00197217
1.86478 0.00309701 0.00200203
1.95077 0.00327047 0.00203234
2.04072 0.00345468 0.00206311
2.13482 0.0036503 0.00209435
2.23326 0.00385804 0.00212606
2.33624 0.00407865 0.00215824
2.44396 0.00431292 0.00219092
2.55666 0.00456171 0.00222409
2.67455 0.00482591 0.00225776
2.79788 0.00510648 0.00229195
2.92689 0.00540443 0.00232665
3.06185 0.00572083 0.00236187
3.20304 0.00605684 0.00239763
3.35074 0.00641366 0.00243393
3.50524 0.00679259 0.00247078
3.66688 0.00719499 0.00250819
3.83596 0.00762232 0.00254616
4.01284 0.00807613 0.00258471
4.19788 0.00855804 0.00262385
4.39145 0.00906982 0.00266357
4.59395 0.00961329 0.0027039
4.80578 0.0101904 0.00274483
5.02738 0.0108033 0.00278639
5.2592 0.0114542 0.00282858
5.50171 0.0121454 0.0028714
5.7554 0.0128794 0.00291488
6.02079 0.0136589 0.00295901
6.29841 0.0144866 0.00300381
6.58884 0.0153657 0.00304928
6.89266 0.0162992 0.00309545
7.21049 0.0172905 0.00314232
7.54298 0.0183433 0.00318989
7.8908 0.0194612 0.00323819
8.25465 0.0206484 0.00328721
8.63529 0.0219092 0.00333698
9.03347 0.0232481 0.0033875
9.45002 0.0246699 0.00343879
9.88577 0.0261798 0.00349085
10.3416 0.0277832 0.00354371
10.8185 0.029486 0.00359736
11.3173 0.0312942 0.00365182
11.8392 0.0332145 0.00370711
12.3851 0.0352537 0.00376324
12.9562 0.0374193 0.00382021
13.5536 0.039719 0.00387805
14.1786 0.0421611 0.00393677
14.8324 0.0447546 0.00399637
15.5164 0.0475087 0.00405687
16.2318 0.0504335 0.00411829
16.9803 0.0535394 0.00418065
17.7633 0.0568378 0.00424394
18.5824 0.0603405 0.0043082
19.4392 0.0640601 0.00437342
20.3356 0.0680102 0.00443964
21.2733 0.072205 0.00450685
22.2543 0.0766597 0.00457509
23.2804 0.0813904 0.00464435
24.3539 0.0864141 0.00471467
25.4769 0.091749 0.00478605
26.6517 0.0974144 0.00485851
27.8806 0.103431 0.00493207
29.1662 0.10982 0.00500674
30.5111 0.116605 0.00508254
31.9181 0.12381 0.00515949
33.3898 0.131462 0.00523761
34.9295 0.139587 0.00531691
36.5401 0.148216 0.0053974
38.225 0.15738 0.00547912
39.9877 0.167111 0.00556208
41.8315 0.177445 0.00564629
43.7605 0.188419 0.00573177
45.7783 0.200073 0.00581855
47.8892 0.212449 0.00590664
50.0974 0.225592 0.00599607
52.4075 0.239549 0.00608685
54.8241 0.254371 0.00617901
57.3521 0.27011 0.00627256
59.9967 0.286825 0.00636752
62.7632 0.304575 0.00646393
65.6573 0.323425 0.00656179
68.6849 0.343443 0.00666114
71.852 0.364701 0.00676199
75.1652 0.387275 0.00686552
75.1652 0.387275 0.00686451
75.6528 0.390712 0.0072326
76.1436 0.394353 0.00760258
76.6376 0.3982 0.00797446
77.1348 0.402258 0.00834824
77.6352 0.406529 0.00872393
78.1388 0.411018 0.00910154
78.6457 0.415728 0.00948106
79.1559 0.420663 0.00986251
79.6694 0.425826 0.0102459
80.1863 0.431221 0.0106312
80.7065 0.436852 0.0110184
81.23 0.442722 0.0114076
81.757 0.448837 0.0117987
82.2874 0.455199 0.0121918
82.8212 0.461813 0.0125868
83.3585 0.468682 0.0129838
83.8993 0.475812 0.0133828
84.4436 0.483205 0.0137837
84.9914 0.490866 0.0141866
85.5428 0.4988 0.0145914
86.0977 0.50701 0.0149982
86.6563 0.515501 0.015407
87.2184 0.524278 0.0158178
87.7842 0.533345 0.0162305
88.3537 0.542706 0.0166453
88.9269 0.552366 0.017062
89.5038 0.56233 0.0174807
90.0845 0.572602 0.0179015
90.6689 0.583188 0.0183242
91.2571 0.594091 0.0187489
91.8491 0.605317 0.0191756
92.4449 0.61687 0.0196043
93.0447 0.628757 0.020035
93.6483 0.640981 0.0204677
94.2558 0.653547 0.0209024
94.8673 0.666462 0.0213391
95.4827 0.67973 0.0217778
96.1021 0.693356 0.0222186
96.7256 0.707347 0.0226613
97.3531 0.721706 0.023106
97.9847 0.73644 0.0235528
98.6203 0.751554 0.0240016
99.2601 0.767054 0.0244523
99.904 0.782946 0.0249051
100.552 0.799234 0.0253599
101.204 0.815926 0.0258166
101.861 0.833027 0.0262754
102.522 0.850542 0.0267362
103.187 0.868478 0.027199
103.856 0.886841 0.0276638
104.53 0.905637 0.0281306
105.208 0.924871 0.0285994
105.891 0.944552 0.0290701
106.578 0.964684 0.0295429
107.269 0.985274 0.0300176
107.965 1.00633 0.0304944
108.665 1.02786 0.0309731
109.37 1.04986 0.0314537
110.08 1.07235 0.0319364
110.794 1.09533 0.032421
111.513 1.11881 0.0329076
112.236 1.14279 0.0333961
112.964 1.16728 0.0338866
113.697 1.1923 0.034379
114.435 1.21784 0.0348734
115.177 1.24391 0.0353697
115.924 1.27052 0.0358679
116.676 1.29769 0.0363681
117.433 1.3254 0.0368702
118.195 1.35369 0.0373741
118.962 1.38254 0.03788
119.734 1.41197 0.0383877
120.51 1.44198 0.0388974
121.292 1.47259 0.0394089
122.079 1.5038 0.0399222
122.871 1.53562 0.0404375
123.668 1.56806 0.0409545
124.47 1.60113 0.0414734
125.278 1.63483 0.0419941
126.091 1.66917 0.0425166
126.909 1.70416 0.0430409
127.732 1.73981 0.043567
128.561 1.77613 0.0440949
129.395 1.81313 0.0446245
130.234 1.85081 0.0451558
131.079 1.88919 0.0456889
131.929 1.92827 0.0462237
132.785 1.96806 0.0467602
133.646 2.00857 0.0472984
134.513 2.04981 0.0478383
135.386 2.0918 0.0483798
136.264 2.13453 0.0489229
137.148 2.17802 0.0494677
138.038 2.22227 0.050014
138.934 2.2673 0.0505619
139.835 2.31312 0.0511114
140.742 2.35974 0.0516624
141.655 2.40716 0.052215
142.574 2.4554 0.052769
143.499 2.50447 0.0533245
144.43 2.55437 0.0538815
145.367 2.60511 0.0544399
146.31 2.65672 0.0549997
147.259 2.70919 0.0555609
148.215 2.76253 0.0561234
149.176 2.81677 0.0566873
150.144 2.8719 0.0572525
151.118 2.92794 0.057819
152.098 2.9849 0.0583867
153.085 3.0428 0.0589556
154.078 3.10163 0.0595257
155.078 3.16141 0.060097
156.084 3.22216 0.0606695
157.096 3.28388 0.061243
158.115 3.34659 0.0618176
159.141 3.4103 0.0623932
160.173 3.47501 0.0629699
161.213 3.54074 0.0635475
162.258 3.60751 0.064126
163.311 3.67531 0.0647055
164.37 3.74417 0.0652857
165.437 3.8141 0.0658669
166.51 3.8851 0.0664488
167.59 3.95719 0.0670314
168.678 4.03039 0.0676148
169.772 4.1047 0.0681988
170.873 4.18013 0.0687834
171.982 4.2567 0.0693686
173.097 4.33443 0.0699544
174.22 4.41331 0.0705406
175.351 4.49337 0.0711273
176.488 4.57461 0.0717143
177.633 4.65706 0.0723018
178.785 4.74072 0.0728895
179.945 4.8256 0.0734774
181.113 4.91171 0.0740655
182.288 4.99908 0.0746538
183.47 5.08771 0.0752422
184.66 5.17762 0.0758306
185.858 5.26881 0.076419
187.064 5.36131 0.0770073
188.278 5.45512 0.0775954
189.499 5.55025 0.0781834
190.728 5.64673 0.0787711
191.966 5.74456 0.0793585
193.211 5.84375 0.0799455
194.464 5.94433 0.080532
195.726 6.04629 0.0811181
196.996 6.14966 0.0817035
198.274 6.25445 0.0822883
199.56 6.36067 0.0828724
200.855 6.46834 0.0834557
202.158 6.57746 0.0840381
203.469 6.68806 0.0846196
204.789 6.80014 0.0852001
206.118 6.91371 0.0857795
207.455 7.0288 0.0863578
208.801 7.14541 0.0869348
210.155 7.26356 0.0875104
211.519 7.38326 0.0880847
212.891 7.50452 0.0886575
214.272 7.62736 0.0892287
215.662 7.75179 0.0897982
217.061 7.87782 0.090366
218.469 8.00547 0.0909319
219.886 8.13475 0.0914959
221.313 8.26566 0.0920579
222.749 8.39824 0.0926177
224.194 8.53248 0.0931753
225.648 8.6684 0.0937307
227.112 8.80601 0.0942835
228.585 8.94533 0.0948339
230.068 9.08636 0.0953817
231.561 9.22913 0.0959267
233.063 9.37364 0.0964689
234.575 9.51991 0.0970082
236.097 9.66794 0.0975443
237.628 9.81775 0.0980774
239.17 9.96935 0.0986071
240.722 10.1228 0.0991335
242.283 10.278 0.0996563
243.855 10.435 0.100176
245.437 10.5939 0.100691
247.029 10.7546 0.101203
248.632 10.9172 0.10171
250.245 11.0817 0.102214
251.868 11.248 0.102713
253.502 11.4163 0.103207
255.147 11.5864 0.103698
256.802 11.7584 0.104183
258.468 11.9324 0.104664
260.145 12.1083 0.10514
261.832 12.2861 0.105611
263.531 12.4659 0.106076
265.24 12.6477 0.106536
266.961 12.8314 0.106991
268.693 13.0171 0.10744
270.436 13.2047 0.107883
272.191 13.3944 0.10832
273.956 13.586 0.108751
275.734 13.7797 0.109176
277.522 13.9754 0.109594
279.323 14.173 0.110006
281.135 14.3727 0.110411
282.959 14.5745 0.110809
284.794 14.7782 0.111199
286.642 14.984 0.111583
288.501 15.1919 0.111959
290.373 15.4018 0.112327
292.257 15.6137 0.112688
294.153 15.8277 0.11304
296.061 16.0437 0.113384
297.982 16.2618 0.11372
299.915 16.482 0.114048
301.86 16.7042 0.114366
303.819 16.9285 0.114676
305.79 17.1548 0.114976
307.773 17.3831 0.115268
309.77 17.6136 0.115549
311.78 17.8461 0.115821
313.802 18.0806 0.116083
315.838 18.3172 0.116335
317.887 18.5558 0.116576
319.949 18.7964 0.116807
322.025 19.0391 0.117027
324.114 19.2838 0.117236
326.217 19.5305 0.117434
328.333 19.7792 0.11762
330.463 20.0299 0.117795
332.607 20.2826 0.117958
334.764 20.5373 0.118109
336.936 20.794 0.118247
339.122 21.0526 0.118373
341.322 21.3131 0.118486
343.536 21.5756 0.118586
345.765 21.84 0.118673
348.008 22.1063 0.118746
350.266 22.3744 0.118805
352.538 22.6444 0.118851
354.825 22.9163 0.118882
357.127 23.19 0.118899
359.444 23.4654 0.118901
361.776 23.7427 0.118889
364.123 24.0217 0.118861
366.485 24.3024 0.118817
368.862 24.5848 0.118758
371.255 24.8689 0.118683
373.664 25.1546 0.118592
376.088 25.442 0.118484
378.528 25.7309 0.118359
380.983 26.0214 0.118218
383.455 26.3134 0.118059
385.942 26.6068 0.117883
388.446 26.9017 0.117689
390.966 27.198 0.117477
393.502 27.4957 0.117247
396.055 27.7947 0.116999
398.625 28.095 0.116731
401.211 28.3965 0.116445
403.813 28.6991 0.116139
406.433 29.003 0.115814
409.07 29.3079 0.115469
411.724 29.6138 0.115104
414.395 29.9207 0.114718
417.083 30.2286 0.114312
419.789 30.5373 0.113885
422.512 30.8469 0.113437
425.253 31.1572 0.112968
428.012 31.4681 0.112477
430.788 31.7797 0.111965
433.583 32.0919 0.11143
436.396 32.4045 0.110873
439.227 32.7176 0.110293
442.076 33.031 0.109691
444.944 33.3447 0.109066
447.831 33.6586 0.108417
450.736 33.9726 0.107745
453.66 34.2866 0.107049
456.603 34.6006 0.106329
459.565 34.9145 0.105585
462.547 35.2281 0.104817
465.547 35.5415 0.104024
468.567 35.8544 0.103207
471.607 36.1668 0.102364
474.667 36.4787 0.101496
477.746 36.7898 0.100603
480.845 37.1002 0.0996848
483.965 37.4097 0.0987405
487.104 37.7182 0.0977705
490.264 38.0256 0.0967744
493.445 38.3317 0.0957522
496.646 38.6366 0.0947037
499.868 38.94 0.0936288
503.111 39.2418 0.0925273
506.375 39.542 0.0913992
509.66 39.8403 0.0902444
512.966 40.1368 0.0890627
516.294 40.4311 0.0878541
519.643 40.7233 0.0866185
523.014 41.0132 0.0853559
526.407 41.3006 0.0840662
529.822 41.5854 0.0827493
533.26 41.8676 0.0814054
536.719 42.1468 0.0800342
540.201 42.423 0.078636
543.705 42.6961 0.0772107
547.233 42.9659 0.0757583
550.783 43.2322 0.074279
554.356 43.4949 0.0727727
557.952 43.7539 0.0712396
561.572 44.0089 0.0696798
565.215 44.2599 0.0680934
568.882 44.5066 0.0664806
572.572 44.7489 0.0648415
576.287 44.9867 0.0631764
580.025 45.2197 0.0614854
583.788 45.4479 0.0597688
587.575 45.6709 0.0580269
591.387 45.8887 0.0562599
595.224 46.1011 0.0544681
599.085 46.308 0.052652
602.971 46.509 0.0508117
606.883 46.7041 0.0489478
610.82 46.8931 0.0470607
614.783 47.0758 0.0451507
618.771 47.252 0.0432184
622.785 47.4216 0.0412642
626.826 47.5843 0.0392887
630.892 47.74 0.0372925
634.985 47.8885 0.0352762
639.104 48.0297 0.0332404
643.25 48.1632 0.0311857
647.423 48.289 0.0291129
651.623 48.4069 0.0270227
655.851 48.5167 0.0249159
660.105 48.6182 0.0227934
664.388 48.7112 0.0206558
668.698 48.7956 0.0185043
673.036 48.8712 0.0163396
677.402 48.9378 0.0141629
681.797 48.9952 0.011975
686.22 49.0433 0.00977707
690.671 49.0819 0.00757024
695.152 49.1109 0.00535565
699.662 49.1301 0.0031345
704.201 49.1392 0.000908051
708.769 49.1413 0
713.367 49.1413 0
717.995 49.1413 0
722.653 49.1413 0
727.341 49.1413 0
732.06 49.1413 0
736.809 49.1413 0
741.589 49.1413 0
746.4 49.1413 0
751.242 49.1413 0
756.115 49.1413 0
761.021 49.1413 0
765.958 49.1413 0
770.927 49.1413 0
775.928 49.1413 0
780.962 49.1413 0
786.028 49.1413 0
791.127 49.1413 0
796.26 49.1413 0
801.425 49.1413 0
806.624 49.1413 0
811.857 49.1413 0
817.124 49.1413 0
822.425 49.1413 0
827.76 49.1413 0
833.13 49.1413 0
838.535 49.1413 0
843.975 49.1413 0
849.45 49.1413 0
854.961 49.1413 0
860.507 49.1413 0
866.09 49.1413 0
871.708 49.1413 0
877.363 49.1413 0
883.055 49.1413 0
888.784 49.1413 0
894.55 49.1413 0
900.353 49.1413 0
906.194 49.1413 0
912.073 49.1413 0
917.99 49.1413 0
923.945 49.1413 0
929.939 49.1413 0
935.972 49.1413 0
942.044 49.1413 0
948.155 49.1413 0
954.306 49.1413 0
960.497 49.1413 0
966.728 49.1413 0
973 49.1413 0
979.312 49.1413 0
985.665 49.1413 0
992.059 49.1413 0
998.495 49.1413 0
1004.97 49.1413 0
1011.49 49.1413 0
1018.05 49.1413 0
1024.66 49.1413 0
1031.31 49.1413 0
1038 49.1413 0
1044.73 49.1413 0
1051.51 49.1413 0
1058.33 49.1413 0
1065.2 49.1413 0
1072.11 49.1413 0
1079.06 49.1413 0
1086.06 49.1413 0
1093.11 49.1413 0
1100.2 49.1413 0
1107.34 49.1413 0
1114.52 49.1413 0
1121.75 49.1413 0
1129.03 49.1413 0
1136.35 49.1413 0
1143.72 49.1413 0
1151.14 49.1413 0
1158.61 49.1413 0
1166.13 49.1541 0.00341934
1173.69 49.201 0.00897749
1181.31 49.2914 0.0147485
1188.97 49.4273 0.0207327
1196.68 49.6111 0.0269298
1204.45 49.8451 0.0333394
1212.26 50.1315 0.0399608
1220.12 50.4726 0.0467931
1228.04 50.8708 0.0538347
1236.01 51.3286 0.0610841
1244.02 51.8483 0.0685392
1252.09 52.4323 0.0761976
1260.22 53.0832 0.0840566
1268.39 53.8033 0.0921131
1276.62 54.5952 0.100364
1284.9 55.4614 0.108804
1293.24 56.4043 0.117431
1301.63 57.4264 0.12624
1310.07 58.5304 0.135224
1318.57 59.7185 0.144381
1327.13 60.9934 0.153702
1335.74 62.3576 0.163184
1344.4 63.8134 0.172819
1353.12 65.3633 0.1826
1361.9 67.0097 0.192522
1370.74 68.7551 0.202575
1379.63 70.6017 0.212754
1388.58 72.552 0.223049
1397.59 74.6081 0.233453
1406.65 76.7724 0.243957
1415.78 79.0469 0.254553
1424.96 81.4339 0.265231
1434.21 83.9355 0.275983
1443.51 86.5536 0.286799
1452.88 89.2903 0.29767
1462.3 92.1473 0.308586
1471.79 95.1267 0.319538
1481.34 98.23 0.330516
1490.95 101.459 0.34151
1500.62 104.816 0.352511
1510.35 108.301 0.363508
1520.15 111.916 0.374492
1530.01 115.663 0.385454
1539.94 119.544 0.396383
1549.93 123.558 0.40727
1559.98 127.707 0.418106
1570.1 131.993 0.428881
1580.29 136.416 0.439587
1590.54 140.977 0.450215
1600.86 145.677 0.460756
1611.25 150.517 0.471202
1621.7 155.496 0.481546
1632.22 160.616 0.491778
1642.81 165.877 0.501893
1653.47 171.279 0.511882
1664.19 176.823 0.52174
1674.99 182.508 0.531459
1685.85 188.335 0.541034
1696.79 194.304 0.55046
1707.8 200.414 0.55973
1718.88 206.666 0.568841
1730.03 213.059 0.577787
1741.25 219.593 0.586565
1752.55 226.267 0.595171
1763.92 233.082 0.603602
1775.36 240.036 0.611855
1786.88 247.13 0.619927
1798.47 254.362 0.627817
1810.14 261.731 0.635522
1821.88 269.239 0.643042
1833.7 276.882 0.650375
1845.6 284.661 0.657521
1857.57 292.576 0.664479
1869.62 300.624 0.67125
1881.75 308.805 0.677834
1893.96 317.119 0.684231
1906.24 325.564 0.690442
1918.61 334.14 0.696469
1931.06 342.845 0.702313
1943.58 351.679 0.707976
1956.19 360.64 0.713459
1968.88 369.728 0.718765
1981.66 378.941 0.723897
1994.51 388.279 0.728856
2007.45 397.741 0.733645
2020.47 407.325 0.738267
2033.58 417.031 0.742726
2046.77 426.858 0.747024
2060.05 436.805 0.751164
2073.42 446.87 0.75515
2086.87 457.053 0.758985
2100.41 467.354 0.762673
2114.03 477.77 0.766217
2127.75 488.302 0.769621
2141.55 498.948 0.772888
2155.44 509.707 0.776022
2169.43 520.579 0.779027
2183.5 531.563 0.781906
2197.66 542.659 0.784663
2211.92 553.865 0.787302
2226.27 565.18 0.789826
2240.71 576.605 0.792239
2255.25 588.138 0.794545
2269.88 599.778 0.796746
2284.61 611.526 0.798848
2299.43 623.381 0.800852
2314.34 635.342 0.802763
2329.36 647.408 0.804585
2344.47 659.58 0.806319
2359.68 671.856 0.80797
2374.99 684.236 0.80954
2390.39 696.721 0.811033
2405.9 709.309 0.812453
2421.51 722 0.813801
2437.22 734.794 0.81508
2453.03 747.691 0.816295
2468.94 760.69 0.817446
2484.96 773.792 0.818538
2501.08 786.996 0.819572
2517.31 800.302 0.820551
2533.64 813.709 0.821478
2550.07 827.219 0.822355
2566.62 840.83 0.823183
2583.27 854.543 0.823967
2600.03 868.358 0.824707
2616.89 882.274 0.825405
2633.87 896.293 0.826064
2650.96 910.413 0.826686
2668.15 924.635 0.827271
2685.46 938.959 0.827823
2702.89 953.386 0.828343
2720.42 967.914 0.828833
2738.07 982.546 0.829293
2755.83 997.28 0.829726
2773.71 1012.12 0.830132
2791.7 1027.06 0.830514
2809.81 1042.1 0.830873
2828.04 1057.25 0.83121
2846.39 1072.5 0.831525
2864.85 1087.86 0.831821
2883.44 1103.32 0.832099
2902.15 1118.89 0.832358
2920.97 1134.56 0.832601
2939.92 1150.34 0.832829
2958.99 1166.23 0.833042
2978.19 1182.22 0.83324
2997.51 1198.32 0.833426
3016.96 1214.53 0.833599
3036.53 1230.85 0.833761
3056.23 1247.27 0.833912
3076.05 1263.81 0.834053
3096.01 1280.46 0.834184
3116.1 1297.21 0.834306
3136.31 1314.08 0.83442
3156.66 1331.06 0.834525
3177.14 1348.15 0.834624
3197.75 1365.35 0.834715
3218.49 1382.67 0.8348
3239.37 1400.1 0.834879
3260.39 1417.64 0.834952
3281.54 1435.31 0.83502
3302.83 1453.08 0.835082
3324.25 1470.98 0.835141
3345.82 1488.99 0.835195
3367.52 1507.12 0.835244
3389.37 1525.36 0.83529
3411.36 1543.73 0.835333
3433.49 1562.22 0.835372
3455.76 1580.82 0.835409
3478.18 1599.55 0.835442
3500.75 1618.41 0.835473
3523.46 1637.38 0.835502
3546.31 1656.48 0.835528
3569.32 1675.7 0.835552
3592.48 1695.05 0.835575
3615.78 1714.52 0.835595
3639.24 1734.12 0.835614
3662.85 1753.85 0.835631
3686.61 1773.71 0.835647
3710.53 1793.69 0.835662
3734.6 1813.81 0.835675
3758.82 1834.06 0.835687
3783.21 1854.43 0.835698
3807.75 1874.94 0.835709
3832.45 1895.59 0.835718
3857.32 1916.37 0.835726
3882.34 1937.28 0.835734
3907.53 1958.33 0.835741
3932.88 1979.51 0.835748
3958.39 2000.84 0.835754
3984.07 2022.3 0.835759
4009.92 2043.9 0.835764
4035.93 2065.64 0.835769
4062.11 2087.53 0.835773
4088.47 2109.55 0.835776
4114.99 2131.72 0.83578
4141.68 2154.03 0.835783
4168.55 2176.49 0.835786
4195.6 2199.09 0.835788
4222.81 2221.84 0.83579
4250.21 2244.73 0.835792
4277.78 2267.78 0.835794
4305.53 2290.97 0.835796
4333.46 2314.32 0.835798
4361.58 2337.81 0.835799
4389.87 2361.46 0.8358
4418.35 2385.27 0.835801
4447.01 2409.22 0.835802
4475.86 2433.33 0.835803
4504.9 2457.6 0.835804
4534.12 2482.03 0.835805
4563.54 2506.61 0.835805
4593.14 2531.36 0.835806
4622.94 2556.26 0.835806
4652.93 2581.33 0.835807
4683.12 2606.56 0.835807
4713.5 2631.95 0.835808
4744.08 2657.51 0.835808
4774.85 2683.23 0.835808
4805.83 2709.12 0.835809
4837.01 2735.18 0.835809
4868.39 2761.41 0.835809
4899.97 2787.8 0.835809
4931.76 2814.37 0.835809
4963.75 2841.11 0.83581
4995.95 2868.03 0.83581
5028.36 2895.12 0.83581
5060.98 2922.38 0.83581
5093.82 2949.82 0.83581
5126.86 2977.44 0.83581
5160.12 3005.24 0.83581
5193.6 3033.22 0.83581
5227.29 3061.38 0.83581
5261.2 3089.73 0.83581
5295.33 3118.25 0.83581
5329.68 3146.97 0.835811
5364.26 3175.86 0.835811
5399.06 3204.95 0.835811
5434.09 3234.23 0.835811
5469.34 3263.69 0.835811
5504.82 3293.35 0.835811
5540.53 3323.19 0.835811
5576.48 3353.24 0.835811
5612.65 3383.47 0.835811
5649.06 3413.91 0.835811
5685.71 3444.54 0.835811
5722.6 3475.36 0.835811
5759.72 3506.39 0.835811
5797.09 3537.62 0.835811
5834.69 3569.06 0.835811
5872.55 3600.69 0.835811
5910.64 3632.54 0.835811
5948.99 3664.59 0.835811
5987.58 3696.84 0.835811
6026.42 3729.31 0.835811
6065.52 3761.98 0.835811
6104.87 3794.87 0.835811
6144.47 3827.97 0.835811
6184.33 3861.29 0.835811
6224.45 3894.82 0.835811
6264.83 3928.57 0.835811
6305.48 3962.54 0.835811
6346.38 3996.73 0.835811
6387.55 4031.14 0.835811
6428.99 4065.78 0.835811
6470.7 4100.64 0.835811
6512.68 4135.72 0.835811
6554.93 4171.04 0.835811
6597.45 4206.58 0.835811
6640.25 4242.35 0.835811
6683.33 4278.36 0.835811
6726.69 4314.59 0.835811
6770.32 4351.07 0.835811
6814.25 4387.78 0.835811
6858.45 4424.73 0.835811
6902.95 4461.91 0.835811
6947.73 4499.34 0.835811
6992.8 4537.01 0.835811
7038.16 4574.93 0.835811
7083.82 4613.09 0.835811
7129.78 4651.5 0.835811
7176.03 4690.16 0.835811
7222.59 4729.07 0.835811
7269.44 4768.23 0.835811
7316.6 4807.65 0.835811
7364.07 4847.32 0.835811
7411.84 4887.25 0.835811
7459.92 4927.44 0.835811
7508.32 4967.89 0.835811
7557.03 5008.6 0.835811
7606.05 5049.58 0.835811
7655.39 5090.82 0.835811
7705.06 5132.33 0.835811
7755.04 5174.11 0.835811
7805.35 5216.16 0.835811
7855.99 5258.48 0.835811
7906.95 5301.08 0.835811
7958.25 5343.95 0.835811
8009.88 5387.1 0.835811
8061.84 5430.53 0.835811
8114.14 5474.24 0.835811
8166.78 5518.24 0.835811
8219.76 5562.52 0.835811
8273.08 5607.09 0.835811
8326.76 5651.95 0.835811
8380.77 5697.1 0.835811
8435.14 5742.54 0.835811
8489.86 5788.28 0.835811
8544.94 5834.31 0.835811
8600.38 5880.64 0.835811
8656.17 5927.28 0.835811
8712.32 5974.21 0.835811
8768.84 6021.45 0.835811
8825.73 6069 0.835811
8882.99 6116.85 0.835811
8940.61 6165.02 0.835811
8998.61 6213.5 0.835811
9056.99 6262.29 0.835811
9115.75 6311.4 0.835811
9174.89 6360.83 0.835811
9234.41 6410.57 0.835811
9294.31 6460.64 0.835811
9354.61 6511.04 0.835811
9415.29 6561.76 0.835811
9476.38 6612.81 0.835811
9537.85 6664.2 0.835811
9599.73 6715.91 0.835811
9662 6767.96 0.835811
9724.68 6820.35 0.835811
9787.77 6873.08 0.835811
9851.27 6926.15 0.835811
9915.18 6979.57 0.835811
9979.5 7033.33 0.835811
10044.2 7087.44 0.835811
10109.4 7141.91 0.835811
10175 7196.72 0.835811
10241 7251.89 0.835811
10307.4 7307.42 0.835811
10374.3 7363.31 0.835811
10441.6 7419.56 0.835811
10509.3 7476.18 0.835811
10577.5 7533.16 0.835811
10646.1 7590.51 0.835811
10715.2 7648.24 0.835811
10784.7 7706.34 0.835811
10854.7 7764.82 0.835811
10925.1 7823.67 0.835811
10996 7882.91 0.835811
11067.3 7942.53 0.835811
11139.1 8002.54 0.835811
11211.4 8062.94 0.835811
11284.1 8123.73 0.835811
11357.3 8184.92 0.835811
11431 8246.5 0.835811
11505.1 8308.48 0.835811
11579.8 8370.86 0.835811
11654.9 8433.65 0.835811
11730.5 8496.84 0.835811
11806.6 8560.45 0.835811
11883.2 8624.47 0.835811
11960.3 8688.9 0.835811
12037.9 8753.75 0.835811
12116 8819.02 0.835811
12194.6 8884.72 0.835811
12273.7 8950.84 0.835811
12353.3 9017.39 0.835811
12433.5 9084.37 0.835811
12514.1 9151.79 0.835811
12595.3 9219.64 0.835811
12677 9287.94 0.835811
12759.2 9356.68 0.835811
12842 9425.86 0.835811
12925.3 9495.49 0.835811
13009.2 9565.57 0.835811
13093.6 9636.11 0.835811
13178.5 9707.11 0.835811
13264 9778.57 0.835811
13350.1 9850.49 0.835811
13436.7 9922.87 0.835811
13523.8 9995.73 0.835811
13611.6 10069.1 0.835811
13699.9 10142.9 0.835811
13788.8 10217.1 0.835811
13878.2 10291.9 0.835811
13968.2 10367.2 0.835811
14058.9 10442.9 0.835811
14150.1 10519.1 0.835811
14241.9 10595.9 0.835811
14334.2 10673.1 0.835811
14427.2 10750.8 0.835811
14520.8 10829 0.835811
14615 10907.8 0.835811
14709.8 10987 0.835811
14805.3 11066.8 0.835811
14901.3 11147 0.835811
14998 11227.8 0.835811
15095.3 11309.2 0.835811
15193.2 11391 0.835811
15291.8 11473.4 0.835811
15391 11556.3 0.835811
15490.8 11639.8 0.835811
15591.3 11723.8 0.835811
15692.5 11808.3 0.835811
15794.3 11893.4 0.835811
15896.7 11979 0.835811
15999.9 12065.2 0.835811
16103.7 12152 0.835811
16208.1 12239.3 0.835811
16313.3 12327.2 0.835811
16419.1 12415.6 0.835811
16525.6 12504.7 0.835811
16632.8 12594.3 0.835811
16740.7 12684.4 0.835811
16849.3 12775.2 0.835811
16958.7 12866.6 0.835811
17068.7 12958.5 0.835811
17179.4 13051.1 0.835811
17290.8 13144.2 0.835811
17403 13238 0.835811
17515.9 13332.4 0.835811
17629.6 13427.3 0.835811
17743.9 13522.9 0.835811
17859 13619.1 0.835811
17974.9 13716 0.835811
18091.5 13813.4 0.835811
18208.9 13911.5 0.835811
18327 14010.3 0.835811
18445.9 14109.6 0.835811
18565.5 14209.6 0.835811
18686 14310.3 0.835811
18807.2 14411.6 0.835811
18929.2 14513.6 0.835811
19052 14616.2 0.835811
19175.6 14719.5 0.835811
19300 14823.5 0.835811
19425.2 14928.2 0.835811
19551.2 15033.5 0.835811
19678.1 15139.5 0.835811
19805.7 15246.2 0.835811
19934.2 15353.6 0.835811
20063.5 15461.7 0.835811
20193.7 15570.5 0.835811
20324.7 15680 0.835811
20456.6 15790.2 0.835811
20589.3 15901.1 0.835811
20722.8 16012.7 0.835811
20857.3 16125.1 0.835811
20992.6 16238.2 0.835811
21128.8 16352 0.835811
21265.8 16466.6 0.835811
21403.8 16581.9 0.835811
21542.7 16697.9 0.835811
21682.4 16814.8 0.835811
21823.1 16932.3 0.835811
21964.6 17050.6 0.835811
22107.1 17169.7 0.835811
22250.6 17289.6 0.835811
22394.9 17410.3 0.835811
22540.2 17531.7 0.835811
22686.4 17653.9 0.835811
22833.6 17776.9 0.835811
22981.7 17900.7 0.835811
23130.8 18025.3 0.835811
23280.9 18150.8 0.835811
23431.9 18277 0.835811
23583.9 18404 0.835811
23736.9 18531.9 0.835811
23890.9 18660.6 0.835811
24045.9 18790.2 0.835811
24201.9 18920.5 0.835811
24358.9 19051.8 0.835811
24516.9 19183.9 0.835811
24676 19316.8 0.835811
24836 19450.6 0.835811
24997.2 19585.3 0.835811
25159.3 19720.8 0.835811
25322.5 19857.2 0.835811
25486.8 19994.5 0.835811
25652.2 20132.7 0.835811
25818.6 20271.8 0.835811
25986.1 20411.8 0.835811
26154.7 20552.7 0.835811
26324.3 20694.5 0.835811
26495.1 20837.2 0.835811
26667 20980.9 0.835811
26840 21125.5 0.835811
27014.1 21271 0.835811
27189.4 21417.5 0.835811
27365.7 21564.9 0.835811
27543.3 21713.3 0.835811
27722 21862.7 0.835811
27901.8 22013 0.835811
28082.8 22164.3 0.835811
28265 22316.5 0.835811
28448.4 22469.8 0.835811
28632.9 22624.1 0.835811
28818.7 22779.3 0.835811
29005.6 22935.6 0.835811
29193.8 23092.8 0.835811
29383.2 23251.1 0.835811
29573.8 23410.5 0.835811
29765.7 23570.8 0.835811
29958.8 23732.2 0.835811
30153.1 23894.6 0.835811
30348.7 24058.1 0.835811
30545.6 24222.7 0.835811
30743.8 24388.3 0.835811
30943.2 24555 0.835811
31143.9 24722.8 0.835811
31346 24891.7 0.835811
31549.3 25061.6 0.835811
31754 25232.7 0.835811
31960 25404.9 0.835811
32167.3 25578.2 0.835811
32376 25752.6 0.835811
32586.1 25928.1 0.835811
32797.5 26104.8 0.835811
33010.2 26282.7 0.835811
33224.4 26461.7 0.835811
33439.9 26641.8 0.835811
33656.9 26823.1 0.835811
33875.2 27005.6 0.835811
34095 27189.3 0.835811
34316.1 27374.2 0.835811
34538.8 27560.2 0.835811
34762.8 27747.5 0.835811
34988.3 27936 0.835811
35215.3 28125.7 0.835811
35443.8 28316.7 0.835811
35673.7 28508.8 0.835811
35905.1 28702.3 0.835811
36138.1 28897 0.835811
36372.5 29092.9 0.835811
36608.5 29290.1 0.835811
36846 29488.6 0.835811
37085 29688.4 0.835811
37325.6 29889.5 0.835811
37567.7 30091.9 0.835811
37811.4 30295.6 0.835811
38056.7 30500.6 0.835811
38303.6 30706.9 0.835811
38552.1 30914.6 0.835811
38802.2 31123.7 0.835811
39053.9 31334.1 0.835811
39307.3 31545.8 0.835811
39562.3 31759 0.835811
39819 31973.5 0.835811
40077.3 32189.4 0.835811
40337.3 32406.7 0.835811
40599 32625.4 0.835811
40862.3 32845.5 0.835811
41127.4 33067.1 0.835811
41394.2 33290.1 0.835811
41662.8 33514.6 0.835811
41933.1 33740.5 0.835811
42205.1 33967.8 0.835811
42478.9 34196.7 0.835811
42754.5 34427 0.835811
43031.8 34658.8 0.835811
43311 34892.1 0.835811
43592 35127 0.835811
43874.8 35363.4 0.835811
44159.4 35601.3 0.835811
44445.9 35840.7 0.835811
44734.2 36081.7 0.835811
45024.4 36324.2 0.835811
45316.5 36568.4 0.835811
45610.5 36814.1 0.835811
45906.4 37061.4 0.835811
46204.2 37310.3 0.835811
46503.9 37560.8 0.835811
46805.6 37813 0.835811
47109.3 38066.8 0.835811
47414.9 38322.2 0.835811
47722.5 38579.3 0.835811
48032.1 38838.1 0.835811
48343.7 39098.5 0.835811
48657.3 39360.6 0.835811
48972.9 39624.5 0.835811
49290.7 39890 0.835811
49610.4 40157.3 0.835811
49932.3 40426.3 0.835811
50256.2 40697 0.835811
50582.2 40969.5 0.835811
50910.4 41243.8 0.835811
51240.6 41519.8 0.835811
51573.1 41797.7 0.835811
51907.6 42077.3 0.835811
52244.4 42358.8 0.835811
52583.3 42642 0.835811
52924.4 42927.2 0.835811
53267.8 43214.1 0.835811
53613.3 43503 0.835811
53961.1 43793.7 0.835811
54311.2 44086.2 0.835811
54663.5 44380.7 0.835811
55018.2 44677.1 0.835811
55375.1 44975.4 0.835811
55734.3 45275.7 0.835811
56095.9 45577.9 0.835811
