5.78741e-09 5.95396e-15 4.29514e-06
5.8738e-08 3.33166e-13 8.58285e-06
5.86595e-07 1.45059e-11 3.56977e-05
4.6076e-06 3.38009e-10 8.97843e-05
5.86875e-06 4.61297e-10 0.000114002
2.3369e-05 3.31505e-09 0.000192532
7.39119e-05 1.62978e-08 0.000292274
0.000147358 4.17301e-08 0.000330144
0.000152693 4.34471e-08 0.000292479
0.000165528 4.67976e-08 0.000304172
0.000294481 1.01986e-07 0.000463041
0.000466785 1.89679e-07 0.00054542
0.000739961 3.52227e-07 0.00041641
0.000792747 3.70702e-07 0.000446592
0.000859333 4.13069e-07 0.00055442
0.000931697 4.48502e-07 0.00055104
0.00117285 6.10601e-07 0.000697128
0.00147667 8.31244e-07 0.000750516
0.0017323 1.02935e-06 0.000535855
0.00185963 1.08409e-06 0.000525282
0.00294795 2.00733e-06 0.000908255
0.00467391 3.71532e-06 0.00105104
0.00633042 5.56999e-06 0.00091467
0.0070765 6.16755e-06 0.00093479
0.00933155 8.92099e-06 0.00127133
0.0117504 1.21316e-05 0.00137956
0.0154948 1.7543e-05 0.00122736
0.0177925 2.00421e-05 0.00125466
0.0234638 2.89812e-05 0.00164107
0.0295474 3.94039e-05 0.00177172
0.0354913 5.03041e-05 0.00128079
0.0389653 5.38549e-05 0.00125817
0.0549487 8.51279e-05 0.00191362
0.0590129 9.27925e-05 0.00199187
0.0713035 0.000119369 0.00114686
0.0787306 0.000125461 0.00110854
0.10265 0.000178607 0.00176378
0.112568 0.000193736 0.00180901
0.132297 0.000240204 0.00240921
0.146764 0.000275794 0.00181491
0.15911 0.000293738 0.00177613
0.191354 0.000375514 0.00260957
0.227502 0.000472769 0.000973271
0.245257 0.000484229 0.000805937
0.256566 0.000495831 0.00103354
0.268397 0.000508152 0.00104919
0.280773 0.000521236 0.00106507
0.293719 0.00053513 0.0010812
0.307263 0.000549885 0.00109757
0.321432 0.000565555 0.00111419
0.336253 0.000582195 0.00113106
0.351758 0.000599866 0.00114818
0.367978 0.000618631 0.00116556
0.384946 0.000638559 0.00118321
0.402697 0.000659722 0.00120112
0.421266 0.000682195 0.00121931
0.440691 0.000706061 0.00123777
0.461012 0.000731406 0.00125651
0.48227 0.00075832 0.00127553
0.504508 0.000786902 0.00129484
0.527771 0.000817254 0.00131445
0.552107 0.000849487 0.00133435
0.577566 0.000883717 0.00135455
0.604198 0.000920067 0.00137506
0.632059 0.000958668 0.00139588
0.661204 0.000999662 0.00141701
0.691693 0.00104319 0.00143847
0.723588 0.00108942 0.00146024
0.756953 0.00113852 0.00148235
0.791857 0.00119065 0.00150479
0.828371 0.00124602 0.00152758
0.866568 0.00130481 0.00155071
0.906527 0.00136725 0.00157418
0.948328 0.00143355 0.00159802
0.992057 0.00150396 0.00162221
1.0378 0.00157874 0.00164677
1.08566 0.00165815 0.0016717
1.13572 0.00174247 0.00169701
1.18809 0.00183202 0.00172271
1.24287 0.00192712 0.00174879
1.30018 0.00202811 0.00177526
1.36014 0.00213535 0.00180214
1.42285 0.00224924 0.00182943
1.48846 0.00237018 0.00185712
1.5571 0.00249862 0.00188524
1.6289 0.00263501 0.00191378
1.70401 0.00277985 0.00194276
1.78258 0.00293367 0.00197217
1.86478 0.00309701 0.00200203
1.95077 0.00327047 0.00203234
2.04072 0.00345468 0.00206311
2.13482 0.0036503 0.00209435
2.23326 0.00385804 0.00212606
2.33624 0.00407865 0.00215824
2.44396 0.00431292 0.00219092
2.55666 0.00456171 0.00222409
2.67455 0.00482591 0.00225776
2.79788 0.00510648 0.00229195
2.92689 0.00540443 0.00232665
3.06185 0.00572083 0.00236187
3.20304 0.00605684 0.00239763
3.35074 0.00641366 0.00243393
3.50524 0.00679259 0.00247078
3.66688 0.00719499 0.00250819
3.83596 0.00762232 0.00254616
4.01284 0.00807613 0.00258471
4.19788 0.00855804 0.00262385
4.39145 0.00906982 0.00266357
4.59395 0.00961329 0.0027039
4.80578 0.0101904 0.00274483
5.02738 0.0108033 0.00278639
5.2592 0.0114542 0.00282858
5.50171 0.0121454 0.0028714
5.7554 0.0128794 0.00291488
6.02079 0.0136589 0.00295901
6.29841 0.0144866 0.00300381
6.58884 0.0153657 0.00304928
6.89266 0.0162992 0.00309545
7.21049 0.0172905 0.00314232
7.54298 0.0183433 0.00318989
7.8908 0.0194612 0.00323819
8.25465 0.0206484 0.00328721
8.63529 0.0219092 0.00333698
9.03347 0.0232481 0.0033875
9.45002 0.0246699 0.00343879
9.88577 0.0261798 0.00349085
10.3416 0.0277832 0.00354371
10.8185 0.029486 0.00359736
11.3173 0.0312942 0.00365182
11.8392 0.0332145 0.00370711
12.3851 0.0352537 0.00376324
12.9562 0.0374193 0.00382021
13.5536 0.039719 0.00387805
14.1786 0.0421611 0.00393677
14.8324 0.0447546 0.00399637
15.5164 0.0475087 0.00405687
16.2318 0.0504335 0.00411829
16.9803 0.0535394 0.00418065
17.7633 0.0568378 0.00424394
18.5824 0.0603405 0.0043082
19.4392 0.0640601 0.00437342
20.3356 0.0680102 0.00443964
21.2733 0.072205 0.00450685
22.2543 0.0766597 0.00457509
23.2804 0.0813904 0.00464435
24.3539 0.0864141 0.00471467
25.4769 0.091749 0.00478605
26.6517 0.0974144 0.00485851
27.8806 0.103431 0.00493207
29.1662 0.10982 0.00500674
30.5111 0.116605 0.00508254
31.9181 0.12381 0.00515949
33.3898 0.131462 0.00523761
34.9295 0.139587 0.00531691
36.5401 0.148216 0.0053974
38.225 0.15738 0.00547912
39.9877 0.167111 0.00556208
41.8315 0.177445 0.00564629
43.7605 0.188419 0.00573177
45.7783 0.200073 0.00581855
47.8892 0.212449 0.00590664
50.0974 0.225592 0.00599607
52.4075 0.239549 0.00608685
54.8241 0.254371 0.00617901
57.3521 0.27011 0.00627256
59.9967 0.286825 0.00636752
62.7632 0.304575 0.00646393
65.6573 0.323425 0.00656179
68.6849 0.343443 0.00666114
71.852 0.364701 0.00676199
75.1652 0.387275 0.00686552
75.1652 0.387275 0.00686451
75.6528 0.3907 0.00718106
76.1436 0.394302 0.00749919
76.6376 0.398086 0.0078189
77.1348 0.402053 0.0081402
77.6352 0.406207 0.00846308
78.1388 0.410551 0.00878755
78.6457 0.415088 0.00911362
79.1559 0.419822 0.00944129
79.6694 0.424754 0.00977055
80.1863 0.42989 0.0101014
80.7065 0.435231 0.0104339
81.23 0.440781 0.010768
81.757 0.446544 0.0111037
82.2874 0.452523 0.011441
82.8212 0.458721 0.0117799
83.3585 0.465142 0.0121204
83.8993 0.471788 0.0124626
84.4436 0.478665 0.0128064
84.9914 0.485775 0.0131518
85.5428 0.493122 0.0134988
86.0977 0.50071 0.0138474
86.6563 0.508543 0.0141977
87.2184 0.516623 0.0145496
87.7842 0.524955 0.0149032
88.3537 0.533544 0.0152584
88.9269 0.542392 0.0156152
89.5038 0.551504 0.0159736
90.0845 0.560883 0.0163337
90.6689 0.570534 0.0166954
91.2571 0.580462 0.0170588
91.8491 0.590669 0.0174238
92.4449 0.60116 0.0177904
93.0447 0.61194 0.0181587
93.6483 0.623012 0.0185286
94.2558 0.634382 0.0189001
94.8673 0.646053 0.0192733
95.4827 0.65803 0.0196481
96.1021 0.670317 0.0200245
96.7256 0.682919 0.0204026
97.3531 0.69584 0.0207823
97.9847 0.709086 0.0211637
98.6203 0.722661 0.0215467
99.2601 0.736569 0.0219313
99.904 0.750816 0.0223175
100.552 0.765406 0.0227054
101.204 0.780344 0.0230948
101.861 0.795635 0.0234859
102.522 0.811285 0.0238787
103.187 0.827297 0.024273
103.856 0.843679 0.0246689
104.53 0.860433 0.0250665
105.208 0.877567 0.0254656
105.891 0.895084 0.0258664
106.578 0.912991 0.0262688
107.269 0.931294 0.0266727
107.965 0.949996 0.0270783
108.665 0.969104 0.0274854
109.37 0.988624 0.0278941
110.08 1.00856 0.0283044
110.794 1.02892 0.0287162
111.513 1.04971 0.0291296
112.236 1.07093 0.0295446
112.964 1.0926 0.0299611
113.697 1.11471 0.0303791
114.435 1.13727 0.0307987
115.177 1.16029 0.0312199
115.924 1.18377 0.0316425
116.676 1.20773 0.0320667
117.433 1.23216 0.0324924
118.195 1.25708 0.0329195
118.962 1.28249 0.0333482
119.734 1.30839 0.0337783
120.51 1.33479 0.0342099
121.292 1.36171 0.034643
122.079 1.38914 0.0350776
122.871 1.41709 0.0355135
123.668 1.44557 0.0359509
124.47 1.47459 0.0363898
125.278 1.50415 0.03683
126.091 1.53427 0.0372716
126.909 1.56494 0.0377146
127.732 1.59617 0.038159
128.561 1.62797 0.0386048
129.395 1.66036 0.0390519
130.234 1.69333 0.0395003
131.079 1.72689 0.03995
131.929 1.76105 0.0404011
132.785 1.79582 0.0408534
133.646 1.83121 0.041307
134.513 1.86722 0.0417619
135.386 1.90387 0.042218
136.264 1.94115 0.0426754
137.148 1.97907 0.0431339
138.038 2.01766 0.0435936
138.934 2.0569 0.0440545
139.835 2.09682 0.0445166
140.742 2.13741 0.0449798
141.655 2.17869 0.0454441
142.574 2.22066 0.0459095
143.499 2.26334 0.046376
144.43 2.30673 0.0468435
145.367 2.35084 0.047312
146.31 2.39568 0.0477816
147.259 2.44126 0.0482522
148.215 2.48758 0.0487237
149.176 2.53466 0.0491961
150.144 2.5825 0.0496695
151.118 2.63111 0.0501437
152.098 2.6805 0.0506188
153.085 2.73068 0.0510948
154.078 2.78166 0.0515715
155.078 2.83345 0.052049
156.084 2.88605 0.0525273
157.096 2.93948 0.0530063
158.115 2.99375 0.053486
159.141 3.04886 0.0539664
160.173 3.10482 0.0544474
161.213 3.16165 0.054929
162.258 3.21934 0.0554112
163.311 3.27793 0.0558938
164.37 3.3374 0.056377
165.437 3.39777 0.0568607
166.51 3.45906 0.0573448
167.59 3.52127 0.0578293
168.678 3.5844 0.0583141
169.772 3.64848 0.0587993
170.873 3.71351 0.0592848
171.982 3.77949 0.0597705
173.097 3.84645 0.0602564
174.22 3.91439 0.0607424
175.351 3.98332 0.0612286
176.488 4.05324 0.0617148
177.633 4.12418 0.0622011
178.785 4.19614 0.0626874
179.945 4.26913 0.0631736
181.113 4.34316 0.0636597
182.288 4.41824 0.0641457
183.47 4.49439 0.0646315
184.66 4.5716 0.065117
185.858 4.6499 0.0656022
187.064 4.72929 0.0660871
188.278 4.80978 0.0665716
189.499 4.89139 0.0670557
190.728 4.97412 0.0675392
191.966 5.05799 0.0680222
193.211 5.143 0.0685045
194.464 5.22917 0.0689862
195.726 5.3165 0.0694671
196.996 5.40501 0.0699473
198.274 5.49471 0.0704266
199.56 5.58561 0.070905
200.855 5.67771 0.0713824
202.158 5.77103 0.0718588
203.469 5.86559 0.0723341
204.789 5.96138 0.0728083
206.118 6.05842 0.0732811
207.455 6.15672 0.0737527
208.801 6.2563 0.0742229
210.155 6.35716 0.0746917
211.519 6.45931 0.075159
212.891 6.56276 0.0756247
214.272 6.66752 0.0760887
215.662 6.77361 0.0765509
217.061 6.88104 0.0770114
218.469 6.9898 0.07747
219.886 7.09992 0.0779266
221.313 7.21141 0.0783811
222.749 7.32427 0.0788336
224.194 7.43851 0.0792838
225.648 7.55415 0.0797317
227.112 7.67119 0.0801772
228.585 7.78965 0.0806202
230.068 7.90953 0.0810607
231.561 8.03084 0.0814986
233.063 8.15359 0.0819336
234.575 8.2778 0.0823659
236.097 8.40347 0.0827952
237.628 8.53061 0.0832215
239.17 8.65923 0.0836447
240.722 8.78934 0.0840646
242.283 8.92094 0.0844812
243.855 9.05405 0.0848944
245.437 9.18868 0.0853041
247.029 9.32482 0.0857101
248.632 9.4625 0.0861124
250.245 9.60172 0.0865108
251.868 9.74248 0.0869053
253.502 9.8848 0.0872957
255.147 10.0287 0.0876819
256.802 10.1741 0.0880638
258.468 10.3212 0.0884413
260.145 10.4698 0.0888143
261.832 10.62 0.0891826
263.531 10.7718 0.0895462
265.24 10.9252 0.0899048
266.961 11.0802 0.0902585
268.693 11.2368 0.090607
270.436 11.395 0.0909502
272.191 11.5549 0.091288
273.956 11.7164 0.0916203
275.734 11.8795 0.091947
277.522 12.0442 0.0922678
279.323 12.2106 0.0925828
281.135 12.3787 0.0928916
282.959 12.5484 0.0931943
284.794 12.7197 0.0934905
286.642 12.8927 0.0937804
288.501 13.0674 0.0940635
290.373 13.2437 0.0943399
292.257 13.4217 0.0946094
294.153 13.6013 0.0948718
296.061 13.7826 0.095127
297.982 13.9655 0.0953748
299.915 14.1501 0.0956151
301.86 14.3364 0.0958476
303.819 14.5243 0.0960724
305.79 14.7139 0.0962891
307.773 14.9051 0.0964977
309.77 15.098 0.096698
311.78 15.2925 0.0968898
313.802 15.4886 0.0970729
315.838 15.6864 0.0972473
317.887 15.8858 0.0974126
319.949 16.0869 0.0975689
322.025 16.2896 0.0977158
324.114 16.4938 0.0978532
326.217 16.6997 0.0979809
328.333 16.9072 0.0980988
330.463 17.1163 0.0982067
332.607 17.3269 0.0983045
334.764 17.5391 0.0983918
336.936 17.7529 0.0984686
339.122 17.9682 0.0985347
341.322 18.185 0.0985899
343.536 18.4034 0.098634
345.765 18.6232 0.0986669
348.008 18.8446 0.0986883
350.266 19.0674 0.0986981
352.538 19.2917 0.098696
354.825 19.5174 0.098682
357.127 19.7445 0.0986558
359.444 19.973 0.0986171
361.776 20.2029 0.098566
364.123 20.4342 0.0985021
366.485 20.6668 0.0984252
368.862 20.9007 0.0983352
371.255 21.1359 0.0982319
373.664 21.3723 0.0981151
376.088 21.61 0.0979846
378.528 21.8489 0.0978403
380.983 22.0889 0.0976818
383.455 22.3302 0.0975091
385.942 22.5725 0.097322
388.446 22.8159 0.0971203
390.966 23.0604 0.0969037
393.502 23.3059 0.0966722
396.055 23.5523 0.0964255
398.625 23.7997 0.0961634
401.211 24.0481 0.0958858
403.813 24.2973 0.0955924
406.433 24.5473 0.0952832
409.07 24.7981 0.0949579
411.724 25.0496 0.0946164
414.395 25.3019 0.0942584
417.083 25.5548 0.0938839
419.789 25.8083 0.0934926
422.512 26.0623 0.0930844
425.253 26.3169 0.0926592
428.012 26.5719 0.0922167
430.788 26.8273 0.0917568
433.583 27.0831 0.0912795
436.396 27.3391 0.0907844
439.227 27.5954 0.0902715
442.076 27.8519 0.0897407
444.944 28.1085 0.0891918
447.831 28.3651 0.0886247
450.736 28.6217 0.0880393
453.66 28.8783 0.0874354
456.603 29.1347 0.0868129
459.565 29.3909 0.0861719
462.547 29.6468 0.085512
465.547 29.9024 0.0848334
468.567 30.1575 0.0841358
471.607 30.4122 0.0834192
474.667 30.6663 0.0826835
477.746 30.9197 0.0819288
480.845 31.1725 0.0811548
483.965 31.4244 0.0803617
487.104 31.6754 0.0795493
490.264 31.9255 0.0787177
493.445 32.1745 0.0778668
496.646 32.4224 0.0769967
499.868 32.669 0.0761074
503.111 32.9143 0.0751988
506.375 33.1583 0.074271
509.66 33.4007 0.0733242
512.966 33.6415 0.0723583
516.294 33.8807 0.0713734
519.643 34.1181 0.0703697
523.014 34.3536 0.0693472
526.407 34.5871 0.0683061
529.822 34.8185 0.0672465
533.26 35.0478 0.0661686
536.719 35.2748 0.0650726
540.201 35.4995 0.0639586
543.705 35.7216 0.0628269
547.233 35.9412 0.0616778
550.783 36.1581 0.0605114
554.356 36.3722 0.0593282
557.952 36.5834 0.0581283
561.572 36.7916 0.0569121
565.215 36.9967 0.05568
568.882 37.1986 0.0544323
572.572 37.3971 0.0531695
576.287 37.5923 0.051892
580.025 37.7838 0.0506002
583.788 37.9718 0.0492947
587.575 38.156 0.0479759
591.387 38.3363 0.0466445
595.224 38.5127 0.0453009
599.085 38.685 0.0439458
602.971 38.8531 0.0425798
606.883 39.017 0.0412037
610.82 39.1765 0.0398181
614.783 39.3315 0.0384238
618.771 39.482 0.0370216
622.785 39.6278 0.0356123
626.826 39.7688 0.0341969
630.892 39.905 0.0327761
634.985 40.0362 0.0313509
639.104 40.1624 0.0299224
643.25 40.2835 0.0284917
647.423 40.3994 0.0270597
651.623 40.51 0.0256276
655.851 40.6153 0.0241966
660.105 40.7153 0.0227679
664.388 40.8097 0.0213429
668.698 40.8986 0.0199227
673.036 40.982 0.018509
677.402 41.0597 0.017103
681.797 41.1318 0.0157063
686.22 41.1982 0.0143203
690.671 41.2589 0.0129469
695.152 41.3139 0.0115875
699.662 41.3631 0.010244
704.201 41.4066 0.00891804
708.769 41.4444 0.00761159
713.367 41.4764 0.00632652
717.995 41.5028 0.00506481
722.653 41.5235 0.00382851
727.341 41.5386 0.00261972
732.06 41.5482 0.00144061
736.809 41.5523 0.000293442
741.589 41.553 0
746.4 41.553 0
751.242 41.553 0
756.115 41.553 0
761.021 41.553 0
765.958 41.553 0
770.927 41.553 0
775.928 41.553 0
780.962 41.553 0
786.028 41.553 0
791.127 41.553 0
796.26 41.553 0
801.425 41.553 0
806.624 41.553 0
811.857 41.553 0
817.124 41.553 0
822.425 41.553 0
827.76 41.553 0
833.13 41.553 0
838.535 41.553 0
843.975 41.553 0
849.45 41.553 0
854.961 41.553 0
860.507 41.553 0
866.09 41.553 0
871.708 41.553 0
877.363 41.553 0
883.055 41.553 0
888.784 41.553 0
894.55 41.553 0
900.353 41.553 0
906.194 41.553 0
912.073 41.553 0
917.99 41.5551 0.000725013
923.945 41.5651 0.0026102
929.939 41.5868 0.00464693
935.972 41.6215 0.00683883
942.044 41.6701 0.0091895
948.155 41.734 0.0117024
954.306 41.8142 0.014381
960.497 41.912 0.0172285
966.728 42.0288 0.0202482
973 42.1658 0.023443
979.312 42.3244 0.0268159
985.665 42.5061 0.0303696
992.059 42.7122 0.0341066
998.495 42.9443 0.0380293
1004.97 43.204 0.0421399
1011.49 43.4927 0.0464402
1018.05 43.8122 0.0509321
1024.66 44.1641 0.0556168
1031.31 44.55 0.0604955
1038 44.9717 0.0655692
1044.73 45.431 0.0708383
1051.51 45.9296 0.0763032
1058.33 46.4694 0.0819637
1065.2 47.0523 0.0878193
1072.11 47.68 0.0938694
1079.06 48.3546 0.100113
1086.06 49.0779 0.106547
1093.11 49.852 0.113172
1100.2 50.6787 0.119984
1107.34 51.56 0.12698
1114.52 52.498 0.134157
1121.75 53.4945 0.141512
1129.03 54.5517 0.14904
1136.35 55.6716 0.156737
1143.72 56.856 0.164599
1151.14 58.107 0.172618
1158.61 59.4266 0.18079
1166.13 60.8168 0.189109
1173.69 62.2794 0.197567
1181.31 63.8164 0.206158
1188.97 65.4297 0.214873
1196.68 67.1211 0.223706
1204.45 68.8925 0.232647
1212.26 70.7457 0.241689
1220.12 72.6823 0.250822
1228.04 74.7042 0.260037
1236.01 76.8128 0.269325
1244.02 79.0098 0.278675
1252.09 81.2968 0.288078
1260.22 83.6752 0.297524
1268.39 86.1463 0.307003
1276.62 88.7116 0.316503
1284.9 91.3722 0.326016
1293.24 94.1294 0.335529
1301.63 96.9843 0.345033
1310.07 99.9378 0.354517
1318.57 102.991 0.363971
1327.13 106.145 0.373385
1335.74 109.4 0.382748
1344.4 112.757 0.392051
1353.12 116.216 0.401284
1361.9 119.779 0.410437
1370.74 123.445 0.419501
1379.63 127.216 0.428469
1388.58 131.09 0.43733
1397.59 135.069 0.446077
1406.65 139.152 0.454702
1415.78 143.341 0.463199
1424.96 147.633 0.471559
1434.21 152.031 0.479778
1443.51 156.532 0.487848
1452.88 161.138 0.495765
1462.3 165.847 0.503524
1471.79 170.66 0.51112
1481.34 175.575 0.518549
1490.95 180.593 0.525808
1500.62 185.713 0.532893
1510.35 190.935 0.539803
1520.15 196.257 0.546536
1530.01 201.679 0.553089
1539.94 207.2 0.559462
1549.93 212.82 0.565654
1559.98 218.538 0.571665
1570.1 224.353 0.577495
1580.29 230.264 0.583145
1590.54 236.271 0.588615
1600.86 242.371 0.593908
1611.25 248.566 0.599024
1621.7 254.853 0.603966
1632.22 261.232 0.608735
1642.81 267.702 0.613335
1653.47 274.263 0.617767
1664.19 280.912 0.622036
1674.99 287.65 0.626143
1685.85 294.475 0.630093
1696.79 301.387 0.633889
1707.8 308.385 0.637534
1718.88 315.467 0.641032
1730.03 322.634 0.644388
1741.25 329.885 0.647604
1752.55 337.217 0.650685
1763.92 344.632 0.653634
1775.36 352.128 0.656456
1786.88 359.704 0.659155
1798.47 367.36 0.661735
1810.14 375.095 0.664199
1821.88 382.909 0.666552
1833.7 390.8 0.668797
1845.6 398.769 0.670939
1857.57 406.814 0.672982
1869.62 414.936 0.674928
1881.75 423.133 0.676782
1893.96 431.406 0.678548
1906.24 439.753 0.680228
1918.61 448.175 0.681827
1931.06 456.671 0.683348
1943.58 465.241 0.684794
1956.19 473.884 0.686168
1968.88 482.6 0.687473
1981.66 491.389 0.688713
1994.51 500.25 0.689889
2007.45 509.184 0.691006
2020.47 518.19 0.692065
2033.58 527.268 0.69307
2046.77 536.417 0.694023
2060.05 545.639 0.694925
2073.42 554.931 0.695781
2086.87 564.296 0.696591
2100.41 573.732 0.697358
2114.03 583.239 0.698084
2127.75 592.817 0.69877
2141.55 602.467 0.69942
2155.44 612.189 0.700034
2169.43 621.981 0.700615
2183.5 631.846 0.701164
2197.66 641.781 0.701682
2211.92 651.789 0.702171
2226.27 661.868 0.702633
2240.71 672.019 0.703069
2255.25 682.242 0.703479
2269.88 692.537 0.703867
2284.61 702.904 0.704232
2299.43 713.344 0.704576
2314.34 723.857 0.7049
2329.36 734.443 0.705204
2344.47 745.102 0.705491
2359.68 755.834 0.705761
2374.99 766.64 0.706014
2390.39 777.519 0.706252
2405.9 788.473 0.706475
2421.51 799.501 0.706685
2437.22 810.604 0.706882
2453.03 821.782 0.707066
2468.94 833.036 0.707239
2484.96 844.365 0.707401
2501.08 855.77 0.707552
2517.31 867.251 0.707694
2533.64 878.81 0.707826
2550.07 890.445 0.70795
2566.62 902.158 0.708065
2583.27 913.948 0.708173
2600.03 925.817 0.708273
2616.89 937.764 0.708367
2633.87 949.791 0.708454
2650.96 961.897 0.708535
2668.15 974.083 0.708611
2685.46 986.349 0.708681
2702.89 998.696 0.708746
2720.42 1011.12 0.708806
2738.07 1023.63 0.708862
2755.83 1036.23 0.708914
2773.71 1048.9 0.708962
2791.7 1061.66 0.709007
2809.81 1074.5 0.709048
2828.04 1087.42 0.709086
2846.39 1100.43 0.709121
2864.85 1113.53 0.709154
2883.44 1126.71 0.709183
2902.15 1139.97 0.709211
2920.97 1153.33 0.709236
2939.92 1166.77 0.70926
2958.99 1180.29 0.709281
2978.19 1193.91 0.709301
2997.51 1207.61 0.709319
3016.96 1221.41 0.709335
3036.53 1235.29 0.70935
3056.23 1249.26 0.709364
3076.05 1263.33 0.709377
3096.01 1277.48 0.709389
3116.1 1291.73 0.709399
3136.31 1306.07 0.709409
3156.66 1320.51 0.709418
3177.14 1335.04 0.709426
3197.75 1349.66 0.709433
3218.49 1364.37 0.70944
3239.37 1379.19 0.709446
3260.39 1394.1 0.709452
3281.54 1409.1 0.709457
3302.83 1424.21 0.709461
3324.25 1439.41 0.709465
3345.82 1454.71 0.709469
3367.52 1470.11 0.709472
3389.37 1485.61 0.709475
3411.36 1501.21 0.709478
3433.49 1516.91 0.709481
3455.76 1532.71 0.709483
3478.18 1548.62 0.709485
3500.75 1564.63 0.709487
3523.46 1580.74 0.709488
3546.31 1596.96 0.70949
3569.32 1613.28 0.709491
3592.48 1629.71 0.709493
3615.78 1646.24 0.709494
3639.24 1662.88 0.709495
3662.85 1679.64 0.709495
3686.61 1696.49 0.709496
3710.53 1713.46 0.709497
3734.6 1730.54 0.709498
3758.82 1747.73 0.709498
3783.21 1765.03 0.709499
3807.75 1782.45 0.709499
3832.45 1799.97 0.709499
3857.32 1817.61 0.7095
3882.34 1835.37 0.7095
3907.53 1853.24 0.7095
3932.88 1871.22 0.709501
3958.39 1889.32 0.709501
3984.07 1907.54 0.709501
4009.92 1925.88 0.709501
4035.93 1944.34 0.709501
4062.11 1962.91 0.709501
4088.47 1981.61 0.709502
4114.99 2000.43 0.709502
4141.68 2019.37 0.709502
4168.55 2038.43 0.709502
4195.6 2057.62 0.709502
4222.81 2076.93 0.709502
4250.21 2096.37 0.709502
4277.78 2115.93 0.709502
4305.53 2135.62 0.709502
4333.46 2155.44 0.709502
4361.58 2175.38 0.709502
4389.87 2195.46 0.709502
4418.35 2215.67 0.709502
4447.01 2236 0.709502
4475.86 2256.47 0.709502
4504.9 2277.07 0.709502
4534.12 2297.81 0.709502
4563.54 2318.68 0.709502
4593.14 2339.68 0.709502
4622.94 2360.82 0.709502
4652.93 2382.1 0.709502
4683.12 2403.52 0.709502
4713.5 2425.07 0.709502
4744.08 2446.77 0.709502
4774.85 2468.6 0.709502
4805.83 2490.58 0.709502
4837.01 2512.7 0.709502
4868.39 2534.97 0.709502
4899.97 2557.37 0.709502
4931.76 2579.93 0.709502
4963.75 2602.63 0.709502
4995.95 2625.48 0.709502
5028.36 2648.47 0.709502
5060.98 2671.61 0.709502
5093.82 2694.91 0.709502
5126.86 2718.36 0.709502
5160.12 2741.95 0.709502
5193.6 2765.7 0.709502
5227.29 2789.61 0.709502
5261.2 2813.67 0.709502
5295.33 2837.89 0.709502
5329.68 2862.26 0.709502
5364.26 2886.79 0.709502
5399.06 2911.48 0.709502
5434.09 2936.33 0.709502
5469.34 2961.34 0.709502
5504.82 2986.52 0.709502
5540.53 3011.86 0.709502
5576.48 3037.36 0.709502
5612.65 3063.02 0.709502
5649.06 3088.86 0.709502
5685.71 3114.86 0.709502
5722.6 3141.03 0.709502
5759.72 3167.37 0.709502
5797.09 3193.88 0.709502
5834.69 3220.56 0.709502
5872.55 3247.42 0.709502
5910.64 3274.45 0.709502
5948.99 3301.66 0.709502
5987.58 3329.04 0.709502
6026.42 3356.6 0.709502
6065.52 3384.34 0.709502
6104.87 3412.25 0.709502
6144.47 3440.35 0.709502
6184.33 3468.63 0.709502
6224.45 3497.1 0.709502
6264.83 3525.75 0.709502
6305.48 3554.59 0.709502
6346.38 3583.61 0.709502
6387.55 3612.82 0.709502
6428.99 3642.22 0.709502
6470.7 3671.81 0.709502
6512.68 3701.59 0.709502
6554.93 3731.57 0.709502
6597.45 3761.74 0.709502
6640.25 3792.11 0.709502
6683.33 3822.67 0.709502
6726.69 3853.43 0.709502
6770.32 3884.4 0.709502
6814.25 3915.56 0.709502
6858.45 3946.92 0.709502
6902.95 3978.49 0.709502
6947.73 4010.26 0.709502
6992.8 4042.24 0.709502
7038.16 4074.43 0.709502
7083.82 4106.82 0.709502
7129.78 4139.43 0.709502
7176.03 4172.25 0.709502
7222.59 4205.28 0.709502
7269.44 4238.52 0.709502
7316.6 4271.98 0.709502
7364.07 4305.66 0.709502
7411.84 4339.55 0.709502
7459.92 4373.67 0.709502
7508.32 4408 0.709502
7557.03 4442.56 0.709502
7606.05 4477.35 0.709502
7655.39 4512.36 0.709502
7705.06 4547.59 0.709502
7755.04 4583.06 0.709502
7805.35 4618.75 0.709502
7855.99 4654.68 0.709502
7906.95 4690.84 0.709502
7958.25 4727.23 0.709502
8009.88 4763.86 0.709502
8061.84 4800.73 0.709502
8114.14 4837.84 0.709502
8166.78 4875.18 0.709502
8219.76 4912.77 0.709502
8273.08 4950.61 0.709502
8326.76 4988.69 0.709502
8380.77 5027.01 0.709502
8435.14 5065.59 0.709502
8489.86 5104.41 0.709502
8544.94 5143.49 0.709502
8600.38 5182.82 0.709502
8656.17 5222.41 0.709502
8712.32 5262.25 0.709502
8768.84 5302.35 0.709502
8825.73 5342.71 0.709502
8882.99 5383.34 0.709502
8940.61 5424.22 0.709502
8998.61 5465.37 0.709502
9056.99 5506.79 0.709502
9115.75 5548.48 0.709502
9174.89 5590.44 0.709502
9234.41 5632.67 0.709502
9294.31 5675.17 0.709502
9354.61 5717.95 0.709502
9415.29 5761.01 0.709502
9476.38 5804.35 0.709502
9537.85 5847.96 0.709502
9599.73 5891.86 0.709502
9662 5936.05 0.709502
9724.68 5980.52 0.709502
9787.77 6025.28 0.709502
9851.27 6070.33 0.709502
9915.18 6115.68 0.709502
9979.5 6161.32 0.709502
10044.2 6207.25 0.709502
10109.4 6253.48 0.709502
10175 6300.01 0.709502
10241 6346.85 0.709502
10307.4 6393.98 0.709502
10374.3 6441.43 0.709502
10441.6 6489.18 0.709502
10509.3 6537.24 0.709502
10577.5 6585.61 0.709502
10646.1 6634.29 0.709502
10715.2 6683.3 0.709502
10784.7 6732.62 0.709502
10854.7 6782.26 0.709502
10925.1 6832.22 0.709502
10996 6882.5 0.709502
11067.3 6933.12 0.709502
11139.1 6984.06 0.709502
11211.4 7035.33 0.709502
11284.1 7086.93 0.709502
11357.3 7138.87 0.709502
11431 7191.15 0.709502
11505.1 7243.76 0.709502
11579.8 7296.72 0.709502
11654.9 7350.02 0.709502
11730.5 7403.66 0.709502
11806.6 7457.65 0.709502
11883.2 7512 0.709502
11960.3 7566.69 0.709502
12037.9 7621.74 0.709502
12116 7677.15 0.709502
12194.6 7732.92 0.709502
12273.7 7789.05 0.709502
12353.3 7845.54 0.709502
12433.5 7902.4 0.709502
12514.1 7959.63 0.709502
12595.3 8017.23 0.709502
12677 8075.2 0.709502
12759.2 8133.55 0.709502
12842 8192.28 0.709502
12925.3 8251.39 0.709502
13009.2 8310.88 0.709502
13093.6 8370.76 0.709502
13178.5 8431.03 0.709502
13264 8491.69 0.709502
13350.1 8552.74 0.709502
13436.7 8614.19 0.709502
13523.8 8676.03 0.709502
13611.6 8738.28 0.709502
13699.9 8800.93 0.709502
13788.8 8863.99 0.709502
13878.2 8927.45 0.709502
13968.2 8991.33 0.709502
14058.9 9055.63 0.709502
14150.1 9120.34 0.709502
14241.9 9185.47 0.709502
14334.2 9251.02 0.709502
14427.2 9317 0.709502
14520.8 9383.4 0.709502
14615 9450.24 0.709502
14709.8 9517.51 0.709502
14805.3 9585.21 0.709502
14901.3 9653.36 0.709502
14998 9721.95 0.709502
15095.3 9790.98 0.709502
15193.2 9860.46 0.709502
15291.8 9930.39 0.709502
15391 10000.8 0.709502
15490.8 10071.6 0.709502
15591.3 10142.9 0.709502
15692.5 10214.7 0.709502
15794.3 10286.9 0.709502
15896.7 10359.6 0.709502
15999.9 10432.8 0.709502
16103.7 10506.4 0.709502
16208.1 10580.5 0.709502
16313.3 10655.1 0.709502
16419.1 10730.2 0.709502
16525.6 10805.8 0.709502
16632.8 10881.9 0.709502
16740.7 10958.4 0.709502
16849.3 11035.5 0.709502
16958.7 11113 0.709502
17068.7 11191.1 0.709502
17179.4 11269.7 0.709502
17290.8 11348.7 0.709502
17403 11428.3 0.709502
17515.9 11508.4 0.709502
17629.6 11589 0.709502
17743.9 11670.2 0.709502
17859 11751.9 0.709502
17974.9 11834.1 0.709502
18091.5 11916.8 0.709502
18208.9 12000.1 0.709502
18327 12083.9 0.709502
18445.9 12168.2 0.709502
18565.5 12253.1 0.709502
18686 12338.6 0.709502
18807.2 12424.6 0.709502
18929.2 12511.2 0.709502
19052 12598.3 0.709502
19175.6 12686 0.709502
19300 12774.2 0.709502
19425.2 12863.1 0.709502
19551.2 12952.5 0.709502
19678.1 13042.5 0.709502
19805.7 13133.1 0.709502
19934.2 13224.2 0.709502
20063.5 13316 0.709502
20193.7 13408.3 0.709502
20324.7 13501.3 0.709502
20456.6 13594.8 0.709502
20589.3 13689 0.709502
20722.8 13783.7 0.709502
20857.3 13879.1 0.709502
20992.6 13975.1 0.709502
21128.8 14071.8 0.709502
21265.8 14169 0.709502
21403.8 14266.9 0.709502
21542.7 14365.4 0.709502
21682.4 14464.6 0.709502
21823.1 14564.4 0.709502
21964.6 14664.8 0.709502
22107.1 14765.9 0.709502
22250.6 14867.7 0.709502
22394.9 14970.1 0.709502
22540.2 15073.2 0.709502
22686.4 15176.9 0.709502
22833.6 15281.3 0.709502
22981.7 15386.4 0.709502
23130.8 15492.2 0.709502
23280.9 15598.7 0.709502
23431.9 15705.8 0.709502
23583.9 15813.7 0.709502
23736.9 15922.2 0.709502
23890.9 16031.5 0.709502
24045.9 16141.4 0.709502
24201.9 16252.1 0.709502
24358.9 16363.5 0.709502
24516.9 16475.6 0.709502
24676 16588.5 0.709502
24836 16702.1 0.709502
24997.2 16816.4 0.709502
25159.3 16931.4 0.709502
25322.5 17047.2 0.709502
25486.8 17163.8 0.709502
25652.2 17281.1 0.709502
25818.6 17399.2 0.709502
25986.1 17518 0.709502
26154.7 17637.6 0.709502
26324.3 17758 0.709502
26495.1 17879.2 0.709502
26667 18001.1 0.709502
26840 18123.9 0.709502
27014.1 18247.4 0.709502
27189.4 18371.7 0.709502
27365.7 18496.9 0.709502
27543.3 18622.9 0.709502
27722 18749.6 0.709502
27901.8 18877.2 0.709502
28082.8 19005.7 0.709502
28265 19134.9 0.709502
28448.4 19265 0.709502
28632.9 19396 0.709502
28818.7 19527.7 0.709502
29005.6 19660.4 0.709502
29193.8 19793.9 0.709502
29383.2 19928.3 0.709502
29573.8 20063.5 0.709502
29765.7 20199.6 0.709502
29958.8 20336.6 0.709502
30153.1 20474.5 0.709502
30348.7 20613.3 0.709502
30545.6 20753 0.709502
30743.8 20893.6 0.709502
30943.2 21035.1 0.709502
31143.9 21177.5 0.709502
31346 21320.9 0.709502
31549.3 21465.2 0.709502
31754 21610.4 0.709502
31960 21756.5 0.709502
32167.3 21903.6 0.709502
32376 22051.7 0.709502
32586.1 22200.7 0.709502
32797.5 22350.7 0.709502
33010.2 22501.7 0.709502
33224.4 22653.6 0.709502
33439.9 22806.5 0.709502
33656.9 22960.5 0.709502
33875.2 23115.4 0.709502
34095 23271.3 0.709502
34316.1 23428.2 0.709502
34538.8 23586.2 0.709502
34762.8 23745.1 0.709502
34988.3 23905.2 0.709502
35215.3 24066.2 0.709502
35443.8 24228.3 0.709502
35673.7 24391.4 0.709502
35905.1 24555.6 0.709502
36138.1 24720.9 0.709502
36372.5 24887.2 0.709502
36608.5 25054.6 0.709502
36846 25223.1 0.709502
37085 25392.7 0.709502
37325.6 25563.4 0.709502
37567.7 25735.2 0.709502
37811.4 25908.2 0.709502
38056.7 26082.2 0.709502
38303.6 26257.4 0.709502
38552.1 26433.7 0.709502
38802.2 26611.1 0.709502
39053.9 26789.7 0.709502
39307.3 26969.5 0.709502
39562.3 27150.4 0.709502
39819 27332.5 0.709502
40077.3 27515.8 0.709502
40337.3 27700.2 0.709502
40599 27885.9 0.709502
40862.3 28072.8 0.709502
41127.4 28260.8 0.709502
41394.2 28450.1 0.709502
41662.8 28640.7 0.709502
41933.1 28832.4 0.709502
42205.1 29025.4 0.709502
42478.9 29219.7 0.709502
42754.5 29415.2 0.709502
43031.8 29612 0.709502
43311 29810.1 0.709502
43592 30009.4 0.709502
43874.8 30210.1 0.709502
44159.4 30412 0.709502
44445.9 30615.3 0.709502
44734.2 30819.9 0.709502
45024.4 31025.8 0.709502
45316.5 31233 0.709502
45610.5 31441.6 0.709502
45906.4 31651.5 0.709502
46204.2 31862.8 0.709502
46503.9 32075.5 0.709502
46805.6 32289.5 0.709502
47109.3 32505 0.709502
47414.9 32721.8 0.709502
47722.5 32940 0.709502
48032.1 33159.7 0.709502
48343.7 33380.8 0.709502
48657.3 33603.3 0.709502
48972.9 33827.3 0.709502
49290.7 34052.7 0.709502
49610.4 34279.5 0.709502
49932.3 34507.9 0.709502
50256.2 34737.7 0.709502
50582.2 34969 0.709502
50910.4 35201.9 0.709502
51240.6 35436.2 0.709502
51573.1 35672 0.709502
51907.6 35909.4 0.709502
52244.4 36148.3 0.709502
52583.3 36388.8 0.709502
52924.4 36630.8 0.709502
53267.8 36874.4 0.709502
53613.3 37119.6 0.709502
53961.1 37366.4 0.709502
54311.2 37614.8 0.709502
54663.5 37864.7 0.709502
55018.2 38116.4 0.709502
55375.1 38369.6 0.709502
55734.3 38624.5 0.709502
56095.9 38881 0.709502
