5.78741e-09 5.95396e-15 4.29514e-06
5.8738e-08 3.33166e-13 8.58285e-06
5.86595e-07 1.45059e-11 3.56977e-05
4.6076e-06 3.38009e-10 8.97843e-05
5.86875e-06 4.61297e-10 0.000114002
2.3369e-05 3.31505e-09 0.000192532
7.39119e-05 1.62978e-08 0.000292274
0.000147358 4.17301e-08 0.000330144
0.000152693 4.34471e-08 0.000292479
0.000165528 4.67976e-08 0.000304172
0.000294481 1.01986e-07 0.000463041
0.000466785 1.89679e-07 0.00054542
0.000739961 3.52227e-07 0.00041641
0.000792747 3.70702e-07 0.000446592
0.000859333 4.13069e-07 0.00055442
0.000931697 4.48502e-07 0.00055104
0.00117285 6.10601e-07 0.000697128
0.00147667 8.31244e-07 0.000750516
0.0017323 1.02935e-06 0.000535855
0.00185963 1.08409e-06 0.000525282
0.00294795 2.00733e-06 0.000908255
0.00467391 3.71532e-06 0.00105104
0.00633042 5.56999e-06 0.00091467
0.0070765 6.16755e-06 0.00093479
0.00933155 8.92099e-06 0.00127133
0.0117504 1.21316e-05 0.00137956
0.0154948 1.7543e-05 0.00122736
0.0177925 2.00421e-05 0.00125466
0.0234638 2.89812e-05 0.00164107
0.0295474 3.94039e-05 0.00177172
0.0354913 5.03041e-05 0.00128079
0.0389653 5.38549e-05 0.00125817
0.0549487 8.51279e-05 0.00191362
0.0590129 9.27925e-05 0.00199187
0.0713035 0.000119369 0.00114686
0.0787306 0.000125461 0.00110854
0.10265 0.000178607 0.00176378
0.112568 0.000193736 0.00180901
0.132297 0.000240204 0.00240921
0.146764 0.000275794 0.00181491
0.15911 0.000293738 0.00177613
0.191354 0.000375514 0.00260957
0.227502 0.000472769 0.000973271
0.245257 0.000484229 0.000805937
0.256566 0.000495831 0.00103354
0.268397 0.000508152 0.00104919
0.280773 0.000521236 0.00106507
0.293719 0.00053513 0.0010812
0.307263 0.000549885 0.00109757
0.321432 0.000565555 0.00111419
0.336253 0.000582195 0.00113106
0.351758 0.000599866 0.00114818
0.367978 0.000618631 0.00116556
0.384946 0.000638559 0.00118321
0.402697 0.000659722 0.00120112
0.421266 0.000682195 0.00121931
0.440691 0.000706061 0.00123777
0.461012 0.000731406 0.00125651
0.48227 0.00075832 0.00127553
0.504508 0.000786902 0.00129484
0.527771 0.000817254 0.00131445
0.552107 0.000849487 0.00133435
0.577566 0.000883717 0.00135455
0.604198 0.000920067 0.00137506
0.632059 0.000958668 0.00139588
0.661204 0.000999662 0.00141701
0.691693 0.00104319 0.00143847
0.723588 0.00108942 0.00146024
0.756953 0.00113852 0.00148235
0.791857 0.00119065 0.00150479
0.828371 0.00124602 0.00152758
0.866568 0.00130481 0.00155071
0.906527 0.00136725 0.00157418
0.948328 0.00143355 0.00159802
0.992057 0.00150396 0.00162221
1.0378 0.00157874 0.00164677
1.08566 0.00165815 0.0016717
1.13572 0.00174247 0.00169701
1.18809 0.00183202 0.00172271
1.24287 0.00192712 0.00174879
1.30018 0.00202811 0.00177526
1.36014 0.00213535 0.00180214
1.42285 0.00224924 0.00182943
1.48846 0.00237018 0.00185712
1.5571 0.00249862 0.00188524
1.6289 0.00263501 0.00191378
1.70401 0.00277985 0.00194276
1.78258 0.00293367 0.00197217
1.86478 0.00309701 0.00200203
1.95077 0.00327047 0.00203234
2.04072 0.00345468 0.00206311
2.13482 0.0036503 0.00209435
2.23326 0.00385804 0.00212606
2.33624 0.00407865 0.00215824
2.44396 0.00431292 0.00219092
2.55666 0.00456171 0.00222409
2.67455 0.00482591 0.00225776
2.79788 0.00510648 0.00229195
2.92689 0.00540443 0.00232665
3.06185 0.00572083 0.00236187
3.20304 0.00605684 0.00239763
3.35074 0.00641366 0.00243393
3.50524 0.00679259 0.00247078
3.66688 0.00719499 0.00250819
3.83596 0.00762232 0.00254616
4.01284 0.00807613 0.00258471
4.19788 0.00855804 0.00262385
4.39145 0.00906982 0.00266357
4.59395 0.00961329 0.0027039
4.80578 0.0101904 0.00274483
5.02738 0.0108033 0.00278639
5.2592 0.0114542 0.00282858
5.50171 0.0121454 0.0028714
5.7554 0.0128794 0.00291488
6.02079 0.0136589 0.00295901
6.29841 0.0144866 0.00300381
6.58884 0.0153657 0.00304928
6.89266 0.0162992 0.00309545
7.21049 0.0172905 0.00314232
7.54298 0.0183433 0.00318989
7.8908 0.0194612 0.00323819
8.25465 0.0206484 0.00328721
8.63529 0.0219092 0.00333698
9.03347 0.0232481 0.0033875
9.45002 0.0246699 0.00343879
9.88577 0.0261798 0.00349085
10.3416 0.0277832 0.00354371
10.8185 0.029486 0.00359736
11.3173 0.0312942 0.00365182
11.8392 0.0332145 0.00370711
12.3851 0.0352537 0.00376324
12.9562 0.0374193 0.00382021
13.5536 0.039719 0.00387805
14.1786 0.0421611 0.00393677
14.8324 0.0447546 0.00399637
15.5164 0.0475087 0.00405687
16.2318 0.0504335 0.00411829
16.9803 0.0535394 0.00418065
17.7633 0.0568378 0.00424394
18.5824 0.0603405 0.0043082
19.4392 0.0640601 0.00437342
20.3356 0.0680102 0.00443964
21.2733 0.072205 0.00450685
22.2543 0.0766597 0.00457509
23.2804 0.0813904 0.00464435
24.3539 0.0864141 0.00471467
25.4769 0.091749 0.00478605
26.6517 0.0974144 0.00485851
27.8806 0.103431 0.00493207
29.1662 0.10982 0.00500674
30.5111 0.116605 0.00508254
31.9181 0.12381 0.00515949
33.3898 0.131462 0.00523761
34.9295 0.139587 0.00531691
36.5401 0.148216 0.0053974
38.225 0.15738 0.00547912
39.9877 0.167111 0.00556208
41.8315 0.177445 0.00564629
43.7605 0.188419 0.00573177
45.7783 0.200073 0.00581855
47.8892 0.212449 0.00590664
50.0974 0.225592 0.00599607
52.4075 0.239549 0.00608685
54.8241 0.254371 0.00617901
57.3521 0.27011 0.00627256
59.9967 0.286825 0.00636752
62.7632 0.304575 0.00646393
65.6573 0.323425 0.00656179
68.6849 0.343443 0.00666114
71.852 0.364701 0.00676199
75.1652 0.387275 0.00686552
75.1652 0.387275 0.00686451
75.6528 0.390795 0.00757209
76.1436 0.394686 0.00828311
76.6376 0.398954 0.00899759
77.1348 0.403606 0.00971553
77.6352 0.408648 0.0104369
78.1388 0.414087 0.0111618
78.6457 0.41993 0.0118901
79.1559 0.426183 0.0126219
79.6694 0.432853 0.0133572
80.1863 0.439948 0.0140959
80.7065 0.447473 0.0148381
81.23 0.455437 0.0155838
81.757 0.463847 0.016333
82.2874 0.472709 0.0170857
82.8212 0.482032 0.0178418
83.3585 0.491822 0.0186014
83.8993 0.502088 0.0193645
84.4436 0.512836 0.020131
84.9914 0.524075 0.0209011
85.5428 0.535813 0.0216746
86.0977 0.548056 0.0224515
86.6563 0.560815 0.023232
87.2184 0.574095 0.0240159
87.7842 0.587907 0.0248033
88.3537 0.602257 0.0255941
88.9269 0.617155 0.0263884
89.5038 0.632608 0.0271861
90.0845 0.648626 0.0279873
90.6689 0.665217 0.0287919
91.2571 0.68239 0.0295999
91.8491 0.700154 0.0304114
92.4449 0.718518 0.0312262
93.0447 0.73749 0.0320445
93.6483 0.757081 0.0328662
94.2558 0.777299 0.0336913
94.8673 0.798153 0.0345197
95.4827 0.819654 0.0353515
96.1021 0.84181 0.0361867
96.7256 0.864632 0.0370252
97.3531 0.88813 0.0378671
97.9847 0.912312 0.0387123
98.6203 0.937189 0.0395607
99.2601 0.962772 0.0404125
99.904 0.989071 0.0412676
100.552 1.01609 0.0421259
101.204 1.04386 0.0429875
101.861 1.07236 0.0438523
102.522 1.10163 0.0447203
103.187 1.13166 0.0455915
103.856 1.16247 0.0464659
104.53 1.19407 0.0473434
105.208 1.22648 0.0482241
105.891 1.25969 0.0491079
106.578 1.29373 0.0499948
107.269 1.32861 0.0508847
107.965 1.36433 0.0517777
108.665 1.40091 0.0526737
109.37 1.43836 0.0535727
110.08 1.47669 0.0544747
110.794 1.51591 0.0553796
111.513 1.55604 0.0562874
112.236 1.59709 0.0571981
112.964 1.63907 0.0581116
113.697 1.68199 0.0590279
114.435 1.72587 0.0599471
115.177 1.77072 0.0608689
115.924 1.81654 0.0617935
116.676 1.86336 0.0627208
117.433 1.91119 0.0636507
118.195 1.96004 0.0645832
118.962 2.00992 0.0655183
119.734 2.06084 0.0664559
120.51 2.11283 0.067396
121.292 2.16588 0.0683385
122.079 2.22003 0.0692834
122.871 2.27527 0.0702306
123.668 2.33163 0.0711802
124.47 2.38912 0.0721319
125.278 2.44775 0.0730859
126.091 2.50754 0.0740421
126.909 2.5685 0.0750003
127.732 2.63064 0.0759606
128.561 2.69398 0.0769229
129.395 2.75854 0.0778871
130.234 2.82433 0.0788532
131.079 2.89136 0.0798211
131.929 2.95965 0.0807908
132.785 3.02921 0.0817621
133.646 3.10006 0.0827351
134.513 3.17221 0.0837096
135.386 3.24569 0.0846856
136.264 3.3205 0.085663
137.148 3.39665 0.0866418
138.038 3.47418 0.0876219
138.934 3.55308 0.0886032
139.835 3.63339 0.0895855
140.742 3.7151 0.090569
141.655 3.79824 0.0915534
142.574 3.88283 0.0925387
143.499 3.96888 0.0935248
144.43 4.0564 0.0945116
145.367 4.14542 0.095499
146.31 4.23594 0.096487
147.259 4.328 0.0974754
148.215 4.42159 0.0984641
149.176 4.51674 0.0994531
150.144 4.61346 0.100442
151.118 4.71178 0.101431
152.098 4.8117 0.102421
153.085 4.91325 0.10341
154.078 5.01644 0.104398
155.078 5.12129 0.105387
156.084 5.22781 0.106375
157.096 5.33602 0.107362
158.115 5.44594 0.108348
159.141 5.55758 0.109334
160.173 5.67097 0.110319
161.213 5.78611 0.111302
162.258 5.90303 0.112285
163.311 6.02174 0.113266
164.37 6.14226 0.114245
165.437 6.2646 0.115223
166.51 6.38879 0.1162
167.59 6.51484 0.117174
168.678 6.64276 0.118146
169.772 6.77257 0.119116
170.873 6.9043 0.120084
171.982 7.03795 0.121049
173.097 7.17354 0.122012
174.22 7.31109 0.122971
175.351 7.45062 0.123928
176.488 7.59214 0.124882
177.633 7.73566 0.125832
178.785 7.88121 0.126779
179.945 8.0288 0.127722
181.113 8.17845 0.128661
182.288 8.33017 0.129596
183.47 8.48398 0.130527
184.66 8.63989 0.131454
185.858 8.79791 0.132376
187.064 8.95808 0.133293
188.278 9.12039 0.134206
189.499 9.28486 0.135112
190.728 9.45152 0.136014
191.966 9.62037 0.13691
193.211 9.79142 0.1378
194.464 9.9647 0.138684
195.726 10.1402 0.139562
196.996 10.318 0.140433
198.274 10.498 0.141297
199.56 10.6803 0.142155
200.855 10.8649 0.143005
202.158 11.0518 0.143848
203.469 11.241 0.144683
204.789 11.4325 0.14551
206.118 11.6263 0.146329
207.455 11.8226 0.147139
208.801 12.0211 0.14794
210.155 12.222 0.148733
211.519 12.4254 0.149516
212.891 12.6311 0.150289
214.272 12.8391 0.151053
215.662 13.0496 0.151806
217.061 13.2625 0.152549
218.469 13.4779 0.153281
219.886 13.6956 0.154002
221.313 13.9158 0.154712
222.749 14.1384 0.15541
224.194 14.3635 0.156096
225.648 14.591 0.156769
227.112 14.821 0.15743
228.585 15.0534 0.158078
230.068 15.2883 0.158712
231.561 15.5257 0.159333
233.063 15.7655 0.159939
234.575 16.0077 0.160532
236.097 16.2525 0.161109
237.628 16.4997 0.161671
239.17 16.7493 0.162218
240.722 17.0014 0.162748
242.283 17.256 0.163263
243.855 17.513 0.163761
245.437 17.7724 0.164241
247.029 18.0343 0.164704
248.632 18.2986 0.16515
250.245 18.5653 0.165576
251.868 18.8345 0.165985
253.502 19.106 0.166374
255.147 19.3799 0.166743
256.802 19.6562 0.167092
258.468 19.9348 0.167421
260.145 20.2158 0.167729
261.832 20.4991 0.168016
263.531 20.7848 0.16828
265.24 21.0727 0.168523
266.961 21.3628 0.168742
268.693 21.6552 0.168939
270.436 21.9499 0.169111
272.191 22.2467 0.16926
273.956 22.5457 0.169383
275.734 22.8468 0.169482
277.522 23.15 0.169554
279.323 23.4553 0.169601
281.135 23.7627 0.169621
282.959 24.072 0.169613
284.794 24.3834 0.169577
286.642 24.6966 0.169514
288.501 25.0117 0.169421
290.373 25.3287 0.169299
292.257 25.6475 0.169146
294.153 25.968 0.168963
296.061 26.2902 0.168749
297.982 26.6141 0.168504
299.915 26.9396 0.168226
301.86 27.2666 0.167915
303.819 27.5951 0.167571
305.79 27.925 0.167192
307.773 28.2562 0.166779
309.77 28.5888 0.166331
311.78 28.9225 0.165847
313.802 29.2575 0.165326
315.838 29.5935 0.164768
317.887 29.9305 0.164173
319.949 30.2684 0.163539
322.025 30.6071 0.162867
324.114 30.9466 0.162154
326.217 31.2868 0.161402
328.333 31.6275 0.160608
330.463 31.9687 0.159773
332.607 32.3103 0.158896
334.764 32.6522 0.157976
336.936 32.9942 0.157012
339.122 33.3363 0.156005
341.322 33.6783 0.154952
343.536 34.0202 0.153854
345.765 34.3619 0.15271
348.008 34.7031 0.151519
350.266 35.0437 0.15028
352.538 35.3838 0.148994
354.825 35.723 0.147658
357.127 36.0613 0.146273
359.444 36.3985 0.144838
361.776 36.7345 0.143352
364.123 37.0691 0.141814
366.485 37.4023 0.140224
368.862 37.7337 0.138581
371.255 38.0633 0.136885
373.664 38.3909 0.135134
376.088 38.7162 0.133328
378.528 39.0393 0.131467
380.983 39.3597 0.129549
383.455 39.6775 0.127575
385.942 39.9923 0.125542
388.446 40.304 0.123452
390.966 40.6124 0.121303
393.502 40.9173 0.119094
396.055 41.2184 0.116824
398.625 41.5156 0.114494
401.211 41.8086 0.112102
403.813 42.0972 0.109649
406.433 42.3811 0.107132
409.07 42.6602 0.104552
411.724 42.9341 0.101908
414.395 43.2027 0.0991995
417.083 43.4657 0.0964258
419.789 43.7227 0.0935862
422.512 43.9736 0.0906803
425.253 44.2181 0.0877075
428.012 44.4559 0.0846673
430.788 44.6867 0.081559
433.583 44.9101 0.0783823
436.396 45.1261 0.0751365
439.227 45.3341 0.0718212
442.076 45.5339 0.068436
444.944 45.7252 0.0649802
447.831 45.9077 0.0614536
450.736 46.081 0.0578556
453.66 46.2448 0.0541859
456.603 46.3988 0.050444
459.565 46.5426 0.0466296
462.547 46.6758 0.0427424
465.547 46.7981 0.0387819
468.567 46.9091 0.034748
471.607 47.0085 0.0306402
474.667 47.0959 0.0264584
477.746 47.1708 0.0222023
480.845 47.2329 0.0178717
483.965 47.2818 0.0134664
487.104 47.317 0.00898618
490.264 47.3382 0.00443101
493.445 47.3453 0
496.646 47.3453 0
499.868 47.3453 0
503.111 47.3453 0
506.375 47.3453 0
509.66 47.3453 0
512.966 47.3453 0
516.294 47.3453 0
519.643 47.3453 0
523.014 47.3453 0
526.407 47.3453 0
529.822 47.3453 0
533.26 47.3453 0
536.719 47.3453 0
540.201 47.3453 0
543.705 47.3453 0
547.233 47.3453 0
550.783 47.3453 0
554.356 47.3453 0
557.952 47.3453 0
561.572 47.3453 0
565.215 47.3453 0
568.882 47.3453 0
572.572 47.3453 0
576.287 47.3453 0
580.025 47.3453 0
583.788 47.3453 0
587.575 47.3453 0
591.387 47.3453 0
595.224 47.3453 0
599.085 47.3453 0
602.971 47.3453 0
606.883 47.3453 0
610.82 47.3453 0
614.783 47.3453 0
618.771 47.3453 0
622.785 47.3453 0
626.826 47.3453 0
630.892 47.3453 0
634.985 47.3453 0
639.104 47.3453 0
643.25 47.3453 0
647.423 47.3453 0
651.623 47.3453 0
655.851 47.3453 0
660.105 47.3453 0
664.388 47.3453 0
668.698 47.3453 0
673.036 47.3453 0
677.402 47.3453 0
681.797 47.3453 0
686.22 47.3453 0
690.671 47.3453 0
695.152 47.3453 0
699.662 47.3453 0
704.201 47.3453 0
708.769 47.3453 0
713.367 47.3453 0
717.995 47.3453 0
722.653 47.3453 0
727.341 47.3453 0
732.06 47.3453 0
736.809 47.3453 0
741.589 47.3453 0
746.4 47.3453 0
751.242 47.3453 0
756.115 47.3453 0
761.021 47.3453 0
765.958 47.3453 0
770.927 47.3453 0
775.928 47.3453 0
780.962 47.3453 0
786.028 47.3453 0
791.127 47.3453 0
796.26 47.3453 0
801.425 47.3453 0
806.624 47.3453 0
811.857 47.3453 0
817.124 47.3453 0
822.425 47.3453 0
827.76 47.3453 0
833.13 47.3453 0
838.535 47.3453 0
843.975 47.3453 0
849.45 47.3453 0
854.961 47.3453 0
860.507 47.3453 0
866.09 47.3453 0
871.708 47.3453 0
877.363 47.3453 0
883.055 47.3453 0
888.784 47.3453 0
894.55 47.3453 0
900.353 47.3453 0
906.194 47.3453 0
912.073 47.3453 0
917.99 47.3453 0
923.945 47.3453 0
929.939 47.3453 0
935.972 47.3453 0
942.044 47.3453 0
948.155 47.3453 0
954.306 47.3453 0
960.497 47.3453 0
966.728 47.3453 0
973 47.3453 0
979.312 47.3453 0
985.665 47.3453 0
992.059 47.3453 0
998.495 47.3453 0
1004.97 47.3453 0
1011.49 47.3453 0
1018.05 47.3453 0
1024.66 47.3453 0
1031.31 47.3453 0
1038 47.3453 0
1044.73 47.3453 0
1051.51 47.3453 0
1058.33 47.3453 0
1065.2 47.3453 0
1072.11 47.3453 0
1079.06 47.3453 0
1086.06 47.3453 0
1093.11 47.3453 0
1100.2 47.3453 0
1107.34 47.3453 0
1114.52 47.3453 0
1121.75 47.3453 0
1129.03 47.3453 0
1136.35 47.3453 0
1143.72 47.3453 0
1151.14 47.3453 0
1158.61 47.3453 0
1166.13 47.3453 0
1173.69 47.3453 0
1181.31 47.3453 0
1188.97 47.3453 0
1196.68 47.3453 0
1204.45 47.3453 0
1212.26 47.3453 0
1220.12 47.3453 0
1228.04 47.3453 0
1236.01 47.3453 0
1244.02 47.3453 0
1252.09 47.3453 0
1260.22 47.3453 0
1268.39 47.3453 0
1276.62 47.3453 0
1284.9 47.3453 0
1293.24 47.3453 0
1301.63 47.3453 0
1310.07 47.3453 0
1318.57 47.3453 0
1327.13 47.3453 0
1335.74 47.3453 0
1344.4 47.3453 0
1353.12 47.3453 0
1361.9 47.3453 0
1370.74 47.3453 0
1379.63 47.3453 0
1388.58 47.3453 0
1397.59 47.3453 0
1406.65 47.3453 0
1415.78 47.3453 0
1424.96 47.3453 0
1434.21 47.3453 0
1443.51 47.3453 0
1452.88 47.3453 0
1462.3 47.3453 0
1471.79 47.3453 0
1481.34 47.3453 0
1490.95 47.3453 0
1500.62 47.4656 0.0248889
1510.35 47.8479 0.0536499
1520.15 48.5154 0.0825909
1530.01 49.4732 0.111654
1539.94 50.726 0.140781
1549.93 52.2779 0.16991
1559.98 54.1325 0.198982
1570.1 56.2927 0.227935
1580.29 58.761 0.256708
1590.54 61.539 0.285244
1600.86 64.6279 0.313482
1611.25 68.0283 0.341367
1621.7 71.7402 0.368844
1632.22 75.7627 0.395862
1642.81 80.0948 0.422373
1653.47 84.7345 0.448331
1664.19 89.6796 0.473696
1674.99 94.9273 0.498429
1685.85 100.474 0.522498
1696.79 106.316 0.545872
1707.8 112.45 0.568528
1718.88 118.87 0.590444
1730.03 125.572 0.611603
1741.25 132.551 0.631994
1752.55 139.8 0.651607
1763.92 147.316 0.67044
1775.36 155.091 0.688489
1786.88 163.12 0.70576
1798.47 171.397 0.722256
1810.14 179.916 0.737987
1821.88 188.67 0.752965
1833.7 197.653 0.767202
1845.6 206.86 0.780716
1857.57 216.284 0.793524
1869.62 225.92 0.805646
1881.75 235.761 0.817102
1893.96 245.802 0.827914
1906.24 256.037 0.838105
1918.61 266.461 0.847698
1931.06 277.068 0.856718
1943.58 287.853 0.865188
1956.19 298.812 0.873132
1968.88 309.94 0.880575
1981.66 321.232 0.88754
1994.51 332.684 0.894052
2007.45 344.291 0.900133
2020.47 356.051 0.905805
2033.58 367.958 0.911092
2046.77 380.01 0.916014
2060.05 392.204 0.920593
2073.42 404.535 0.924848
2086.87 417.002 0.928799
2100.41 429.601 0.932464
2114.03 442.33 0.935861
2127.75 455.186 0.939007
2141.55 468.168 0.941917
2155.44 481.273 0.944609
2169.43 494.499 0.947095
2183.5 507.844 0.949389
2197.66 521.307 0.951506
2211.92 534.887 0.953457
2226.27 548.581 0.955253
2240.71 562.39 0.956906
2255.25 576.311 0.958426
2269.88 590.343 0.959823
2284.61 604.487 0.961106
2299.43 618.74 0.962283
2314.34 633.102 0.963362
2329.36 647.574 0.96435
2344.47 662.153 0.965255
2359.68 676.84 0.966083
2374.99 691.635 0.966841
2390.39 706.537 0.967532
2405.9 721.546 0.968164
2421.51 736.661 0.96874
2437.22 751.884 0.969266
2453.03 767.212 0.969744
2468.94 782.648 0.97018
2484.96 798.191 0.970576
2501.08 813.84 0.970937
2517.31 829.596 0.971264
2533.64 845.46 0.971562
2550.07 861.432 0.971832
2566.62 877.511 0.972076
2583.27 893.698 0.972298
2600.03 909.994 0.972498
2616.89 926.399 0.97268
2633.87 942.914 0.972844
2650.96 959.538 0.972992
2668.15 976.272 0.973126
2685.46 993.117 0.973247
2702.89 1010.07 0.973356
2720.42 1027.14 0.973454
2738.07 1044.32 0.973542
2755.83 1061.62 0.973621
2773.71 1079.02 0.973693
2791.7 1096.54 0.973757
2809.81 1114.18 0.973814
2828.04 1131.93 0.973866
2846.39 1149.8 0.973912
2864.85 1167.78 0.973954
2883.44 1185.89 0.973991
2902.15 1204.1 0.974024
2920.97 1222.44 0.974053
2939.92 1240.9 0.97408
2958.99 1259.48 0.974103
2978.19 1278.18 0.974124
2997.51 1297 0.974143
3016.96 1315.94 0.97416
3036.53 1335.01 0.974174
3056.23 1354.2 0.974188
3076.05 1373.51 0.974199
3096.01 1392.96 0.97421
3116.1 1412.52 0.974219
3136.31 1432.22 0.974227
3156.66 1452.04 0.974234
3177.14 1471.99 0.97424
3197.75 1492.07 0.974246
3218.49 1512.28 0.974251
3239.37 1532.62 0.974255
3260.39 1553.1 0.974259
3281.54 1573.7 0.974263
3302.83 1594.44 0.974266
3324.25 1615.32 0.974268
3345.82 1636.33 0.974271
3367.52 1657.48 0.974273
3389.37 1678.76 0.974274
3411.36 1700.18 0.974276
3433.49 1721.74 0.974277
3455.76 1743.45 0.974278
3478.18 1765.29 0.974279
3500.75 1787.27 0.97428
3523.46 1809.4 0.974281
3546.31 1831.67 0.974282
3569.32 1854.08 0.974282
3592.48 1876.64 0.974283
3615.78 1899.35 0.974283
3639.24 1922.2 0.974284
3662.85 1945.2 0.974284
3686.61 1968.36 0.974284
3710.53 1991.66 0.974285
3734.6 2015.11 0.974285
3758.82 2038.71 0.974285
3783.21 2062.47 0.974285
3807.75 2086.38 0.974285
3832.45 2110.45 0.974285
3857.32 2134.67 0.974286
3882.34 2159.05 0.974286
3907.53 2183.59 0.974286
3932.88 2208.29 0.974286
3958.39 2233.15 0.974286
3984.07 2258.17 0.974286
4009.92 2283.35 0.974286
4035.93 2308.69 0.974286
4062.11 2334.2 0.974286
4088.47 2359.88 0.974286
4114.99 2385.72 0.974286
4141.68 2411.73 0.974286
4168.55 2437.91 0.974286
4195.6 2464.25 0.974286
4222.81 2490.77 0.974286
4250.21 2517.46 0.974286
4277.78 2544.33 0.974286
4305.53 2571.36 0.974286
4333.46 2598.58 0.974286
4361.58 2625.97 0.974286
4389.87 2653.53 0.974286
4418.35 2681.28 0.974286
4447.01 2709.21 0.974286
4475.86 2737.31 0.974286
4504.9 2765.6 0.974286
4534.12 2794.08 0.974286
4563.54 2822.74 0.974286
4593.14 2851.58 0.974286
4622.94 2880.61 0.974286
4652.93 2909.83 0.974286
4683.12 2939.24 0.974286
4713.5 2968.84 0.974286
4744.08 2998.63 0.974286
4774.85 3028.62 0.974286
4805.83 3058.8 0.974286
4837.01 3089.17 0.974286
4868.39 3119.74 0.974286
4899.97 3150.52 0.974286
4931.76 3181.49 0.974286
4963.75 3212.66 0.974286
4995.95 3244.03 0.974286
5028.36 3275.61 0.974286
5060.98 3307.39 0.974286
5093.82 3339.38 0.974286
5126.86 3371.57 0.974286
5160.12 3403.98 0.974286
5193.6 3436.59 0.974286
5227.29 3469.42 0.974286
5261.2 3502.46 0.974286
5295.33 3535.71 0.974286
5329.68 3569.18 0.974286
5364.26 3602.87 0.974286
5399.06 3636.77 0.974286
5434.09 3670.9 0.974286
5469.34 3705.24 0.974286
5504.82 3739.81 0.974286
5540.53 3774.61 0.974286
5576.48 3809.63 0.974286
5612.65 3844.87 0.974286
5649.06 3880.35 0.974286
5685.71 3916.05 0.974286
5722.6 3951.99 0.974286
5759.72 3988.16 0.974286
5797.09 4024.56 0.974286
5834.69 4061.2 0.974286
5872.55 4098.08 0.974286
5910.64 4135.2 0.974286
5948.99 4172.56 0.974286
5987.58 4210.16 0.974286
6026.42 4248 0.974286
6065.52 4286.09 0.974286
6104.87 4324.43 0.974286
6144.47 4363.02 0.974286
6184.33 4401.85 0.974286
6224.45 4440.94 0.974286
6264.83 4480.28 0.974286
6305.48 4519.88 0.974286
6346.38 4559.74 0.974286
6387.55 4599.85 0.974286
6428.99 4640.22 0.974286
6470.7 4680.86 0.974286
6512.68 4721.75 0.974286
6554.93 4762.92 0.974286
6597.45 4804.35 0.974286
6640.25 4846.05 0.974286
6683.33 4888.02 0.974286
6726.69 4930.26 0.974286
6770.32 4972.78 0.974286
6814.25 5015.57 0.974286
6858.45 5058.64 0.974286
6902.95 5101.99 0.974286
6947.73 5145.62 0.974286
6992.8 5189.53 0.974286
7038.16 5233.73 0.974286
7083.82 5278.21 0.974286
7129.78 5322.99 0.974286
7176.03 5368.05 0.974286
7222.59 5413.41 0.974286
7269.44 5459.06 0.974286
7316.6 5505.01 0.974286
7364.07 5551.25 0.974286
7411.84 5597.8 0.974286
7459.92 5644.64 0.974286
7508.32 5691.79 0.974286
7557.03 5739.25 0.974286
7606.05 5787.01 0.974286
7655.39 5835.09 0.974286
7705.06 5883.47 0.974286
7755.04 5932.17 0.974286
7805.35 5981.19 0.974286
7855.99 6030.53 0.974286
7906.95 6080.18 0.974286
7958.25 6130.16 0.974286
8009.88 6180.46 0.974286
8061.84 6231.08 0.974286
8114.14 6282.04 0.974286
8166.78 6333.32 0.974286
8219.76 6384.94 0.974286
8273.08 6436.9 0.974286
8326.76 6489.19 0.974286
8380.77 6541.82 0.974286
8435.14 6594.79 0.974286
8489.86 6648.1 0.974286
8544.94 6701.76 0.974286
8600.38 6755.77 0.974286
8656.17 6810.13 0.974286
8712.32 6864.84 0.974286
8768.84 6919.91 0.974286
8825.73 6975.33 0.974286
8882.99 7031.11 0.974286
8940.61 7087.26 0.974286
8998.61 7143.77 0.974286
9056.99 7200.65 0.974286
9115.75 7257.89 0.974286
9174.89 7315.51 0.974286
9234.41 7373.5 0.974286
9294.31 7431.86 0.974286
9354.61 7490.61 0.974286
9415.29 7549.73 0.974286
9476.38 7609.24 0.974286
9537.85 7669.14 0.974286
9599.73 7729.42 0.974286
9662 7790.1 0.974286
9724.68 7851.17 0.974286
9787.77 7912.63 0.974286
9851.27 7974.5 0.974286
9915.18 8036.76 0.974286
9979.5 8099.43 0.974286
10044.2 8162.51 0.974286
10109.4 8225.99 0.974286
10175 8289.89 0.974286
10241 8354.2 0.974286
10307.4 8418.93 0.974286
10374.3 8484.08 0.974286
10441.6 8549.65 0.974286
10509.3 8615.65 0.974286
10577.5 8682.07 0.974286
10646.1 8748.93 0.974286
10715.2 8816.22 0.974286
10784.7 8883.94 0.974286
10854.7 8952.11 0.974286
10925.1 9020.72 0.974286
10996 9089.77 0.974286
11067.3 9159.27 0.974286
11139.1 9229.22 0.974286
11211.4 9299.62 0.974286
11284.1 9370.49 0.974286
11357.3 9441.81 0.974286
11431 9513.59 0.974286
11505.1 9585.84 0.974286
11579.8 9658.56 0.974286
11654.9 9731.75 0.974286
11730.5 9805.42 0.974286
11806.6 9879.56 0.974286
11883.2 9954.18 0.974286
11960.3 10029.3 0.974286
12037.9 10104.9 0.974286
12116 10181 0.974286
12194.6 10257.6 0.974286
12273.7 10334.6 0.974286
12353.3 10412.2 0.974286
12433.5 10490.3 0.974286
12514.1 10568.9 0.974286
12595.3 10648 0.974286
12677 10727.6 0.974286
12759.2 10807.7 0.974286
12842 10888.3 0.974286
12925.3 10969.5 0.974286
13009.2 11051.2 0.974286
13093.6 11133.4 0.974286
13178.5 11216.2 0.974286
13264 11299.5 0.974286
13350.1 11383.3 0.974286
13436.7 11467.7 0.974286
13523.8 11552.6 0.974286
13611.6 11638.1 0.974286
13699.9 11724.1 0.974286
13788.8 11810.7 0.974286
13878.2 11897.9 0.974286
13968.2 11985.6 0.974286
14058.9 12073.9 0.974286
14150.1 12162.8 0.974286
14241.9 12252.2 0.974286
14334.2 12342.2 0.974286
14427.2 12432.8 0.974286
14520.8 12524 0.974286
14615 12615.8 0.974286
14709.8 12708.1 0.974286
14805.3 12801.1 0.974286
14901.3 12894.7 0.974286
14998 12988.9 0.974286
15095.3 13083.7 0.974286
15193.2 13179.1 0.974286
15291.8 13275.1 0.974286
15391 13371.8 0.974286
15490.8 13469 0.974286
15591.3 13567 0.974286
15692.5 13665.5 0.974286
15794.3 13764.7 0.974286
15896.7 13864.5 0.974286
15999.9 13965 0.974286
16103.7 14066.1 0.974286
16208.1 14167.9 0.974286
16313.3 14270.3 0.974286
16419.1 14373.5 0.974286
16525.6 14477.2 0.974286
16632.8 14581.7 0.974286
16740.7 14686.8 0.974286
16849.3 14792.6 0.974286
16958.7 14899.1 0.974286
17068.7 15006.3 0.974286
17179.4 15114.2 0.974286
17290.8 15222.8 0.974286
17403 15332.1 0.974286
17515.9 15442.1 0.974286
17629.6 15552.8 0.974286
17743.9 15664.2 0.974286
17859 15776.3 0.974286
17974.9 15889.2 0.974286
18091.5 16002.8 0.974286
18208.9 16117.2 0.974286
18327 16232.3 0.974286
18445.9 16348.1 0.974286
18565.5 16464.7 0.974286
18686 16582 0.974286
18807.2 16700.2 0.974286
18929.2 16819 0.974286
19052 16938.7 0.974286
19175.6 17059.1 0.974286
19300 17180.3 0.974286
19425.2 17302.3 0.974286
19551.2 17425.1 0.974286
19678.1 17548.6 0.974286
19805.7 17673 0.974286
19934.2 17798.2 0.974286
20063.5 17924.2 0.974286
20193.7 18051 0.974286
20324.7 18178.6 0.974286
20456.6 18307.1 0.974286
20589.3 18436.4 0.974286
20722.8 18566.5 0.974286
20857.3 18697.5 0.974286
20992.6 18829.3 0.974286
21128.8 18962 0.974286
21265.8 19095.6 0.974286
21403.8 19230 0.974286
21542.7 19365.3 0.974286
21682.4 19501.4 0.974286
21823.1 19638.5 0.974286
21964.6 19776.4 0.974286
22107.1 19915.2 0.974286
22250.6 20055 0.974286
22394.9 20195.6 0.974286
22540.2 20337.1 0.974286
22686.4 20479.6 0.974286
22833.6 20623 0.974286
22981.7 20767.3 0.974286
23130.8 20912.6 0.974286
23280.9 21058.8 0.974286
23431.9 21205.9 0.974286
23583.9 21354 0.974286
23736.9 21503.1 0.974286
23890.9 21653.1 0.974286
24045.9 21804.1 0.974286
24201.9 21956.1 0.974286
24358.9 22109.1 0.974286
24516.9 22263 0.974286
24676 22418 0.974286
24836 22574 0.974286
24997.2 22730.9 0.974286
25159.3 22888.9 0.974286
25322.5 23047.9 0.974286
25486.8 23208 0.974286
25652.2 23369.1 0.974286
25818.6 23531.2 0.974286
25986.1 23694.4 0.974286
26154.7 23858.7 0.974286
26324.3 24024 0.974286
26495.1 24190.4 0.974286
26667 24357.8 0.974286
26840 24526.4 0.974286
27014.1 24696 0.974286
27189.4 24866.8 0.974286
27365.7 25038.6 0.974286
27543.3 25211.6 0.974286
27722 25385.7 0.974286
27901.8 25560.9 0.974286
28082.8 25737.2 0.974286
28265 25914.7 0.974286
28448.4 26093.4 0.974286
28632.9 26273.2 0.974286
28818.7 26454.2 0.974286
29005.6 26636.3 0.974286
29193.8 26819.6 0.974286
29383.2 27004.2 0.974286
29573.8 27189.9 0.974286
29765.7 27376.8 0.974286
29958.8 27564.9 0.974286
30153.1 27754.3 0.974286
30348.7 27944.9 0.974286
30545.6 28136.7 0.974286
30743.8 28329.8 0.974286
30943.2 28524.1 0.974286
31143.9 28719.7 0.974286
31346 28916.5 0.974286
31549.3 29114.6 0.974286
31754 29314 0.974286
31960 29514.7 0.974286
32167.3 29716.7 0.974286
32376 29920.1 0.974286
32586.1 30124.7 0.974286
32797.5 30330.7 0.974286
33010.2 30538 0.974286
33224.4 30746.6 0.974286
33439.9 30956.6 0.974286
33656.9 31168 0.974286
33875.2 31380.7 0.974286
34095 31594.8 0.974286
34316.1 31810.3 0.974286
34538.8 32027.2 0.974286
34762.8 32245.5 0.974286
34988.3 32465.2 0.974286
35215.3 32686.4 0.974286
35443.8 32908.9 0.974286
35673.7 33133 0.974286
35905.1 33358.4 0.974286
36138.1 33585.4 0.974286
36372.5 33813.8 0.974286
36608.5 34043.7 0.974286
36846 34275.1 0.974286
37085 34508 0.974286
37325.6 34742.3 0.974286
37567.7 34978.3 0.974286
37811.4 35215.7 0.974286
38056.7 35454.7 0.974286
38303.6 35695.2 0.974286
38552.1 35937.3 0.974286
38802.2 36181 0.974286
39053.9 36426.3 0.974286
39307.3 36673.1 0.974286
39562.3 36921.6 0.974286
39819 37171.6 0.974286
40077.3 37423.3 0.974286
40337.3 37676.6 0.974286
40599 37931.5 0.974286
40862.3 38188.2 0.974286
41127.4 38446.4 0.974286
41394.2 38706.4 0.974286
41662.8 38968 0.974286
41933.1 39231.3 0.974286
42205.1 39496.4 0.974286
42478.9 39763.1 0.974286
42754.5 40031.6 0.974286
43031.8 40301.9 0.974286
43311 40573.8 0.974286
43592 40847.6 0.974286
43874.8 41123.1 0.974286
44159.4 41400.4 0.974286
44445.9 41679.5 0.974286
44734.2 41960.5 0.974286
45024.4 42243.2 0.974286
45316.5 42527.8 0.974286
45610.5 42814.2 0.974286
45906.4 43102.5 0.974286
46204.2 43392.6 0.974286
46503.9 43684.7 0.974286
46805.6 43978.6 0.974286
47109.3 44274.4 0.974286
47414.9 44572.2 0.974286
47722.5 44871.9 0.974286
48032.1 45173.5 0.974286
48343.7 45477.1 0.974286
48657.3 45782.7 0.974286
48972.9 46090.2 0.974286
49290.7 46399.7 0.974286
49610.4 46711.3 0.974286
49932.3 47024.9 0.974286
50256.2 47340.5 0.974286
50582.2 47658.1 0.974286
50910.4 47977.8 0.974286
51240.6 48299.6 0.974286
51573.1 48623.5 0.974286
51907.6 48949.4 0.974286
52244.4 49277.5 0.974286
52583.3 49607.7 0.974286
52924.4 49940.1 0.974286
53267.8 50274.6 0.974286
53613.3 50611.3 0.974286
53961.1 50950.1 0.974286
54311.2 51291.2 0.974286
54663.5 51634.5 0.974286
55018.2 51980 0.974286
55375.1 52327.7 0.974286
55734.3 52677.7 0.974286
56095.9 53030 0.974286
