5.78741e-09 5.95396e-15 4.29514e-06
5.8738e-08 3.33166e-13 8.58285e-06
5.86595e-07 1.45059e-11 3.56977e-05
4.6076e-06 3.38009e-10 8.97843e-05
5.86875e-06 4.61297e-10 0.000114002
2.3369e-05 3.31505e-09 0.000192532
7.39119e-05 1.62978e-08 0.000292274
0.000147358 4.17301e-08 0.000330144
0.000152693 4.34471e-08 0.000292479
0.000165528 4.67976e-08 0.000304172
0.000294481 1.01986e-07 0.000463041
0.000466785 1.89679e-07 0.00054542
0.000739961 3.52227e-07 0.00041641
0.000792747 3.70702e-07 0.000446592
0.000859333 4.13069e-07 0.00055442
0.000931697 4.48502e-07 0.00055104
0.00117285 6.10601e-07 0.000697128
0.00147667 8.31244e-07 0.000750516
0.0017323 1.02935e-06 0.000535855
0.00185963 1.08409e-06 0.000525282
0.00294795 2.00733e-06 0.000908255
0.00467391 3.71532e-06 0.00105104
0.00633042 5.56999e-06 0.00091467
0.0070765 6.16755e-06 0.00093479
0.00933155 8.92099e-06 0.00127133
0.0117504 1.21316e-05 0.00137956
0.0154948 1.7543e-05 0.00122736
0.0177925 2.00421e-05 0.00125466
0.0234638 2.89812e-05 0.00164107
0.0295474 3.94039e-05 0.00177172
0.0354913 5.03041e-05 0.00128079
0.0389653 5.38549e-05 0.00125817
0.0549487 8.51279e-05 0.00191362
0.0590129 9.27925e-05 0.00199187
0.0713035 0.000119369 0.00114686
0.0787306 0.000125461 0.00110854
0.10265 0.000178607 0.00176378
0.112568 0.000193736 0.00180901
0.132297 0.000240204 0.00240921
0.146764 0.000275794 0.00181491
0.15911 0.000293738 0.00177613
0.191354 0.000375514 0.00260957
0.227502 0.000472769 0.000973271
0.245257 0.000484229 0.000805937
0.256566 0.000495831 0.00103354
0.268397 0.000508152 0.00104919
0.280773 0.000521236 0.00106507
0.293719 0.00053513 0.0010812
0.307263 0.000549885 0.00109757
0.321432 0.000565555 0.00111419
0.336253 0.000582195 0.00113106
0.351758 0.000599866 0.00114818
0.367978 0.000618631 0.00116556
0.384946 0.000638559 0.00118321
0.402697 0.000659722 0.00120112
0.421266 0.000682195 0.00121931
0.440691 0.000706061 0.00123777
0.461012 0.000731406 0.00125651
0.48227 0.00075832 0.00127553
0.504508 0.000786902 0.00129484
0.527771 0.000817254 0.00131445
0.552107 0.000849487 0.00133435
0.577566 0.000883717 0.00135455
0.604198 0.000920067 0.00137506
0.632059 0.000958668 0.00139588
0.661204 0.000999662 0.00141701
0.691693 0.00104319 0.00143847
0.723588 0.00108942 0.00146024
0.756953 0.00113852 0.00148235
0.791857 0.00119065 0.00150479
0.828371 0.00124602 0.00152758
0.866568 0.00130481 0.00155071
0.906527 0.00136725 0.00157418
0.948328 0.00143355 0.00159802
0.992057 0.00150396 0.00162221
1.0378 0.00157874 0.00164677
1.08566 0.00165815 0.0016717
1.13572 0.00174247 0.00169701
1.18809 0.00183202 0.00172271
1.24287 0.00192712 0.00174879
1.30018 0.00202811 0.00177526
1.36014 0.00213535 0.00180214
1.42285 0.00224924 0.00182943
1.48846 0.00237018 0.00185712
1.5571 0.00249862 0.00188524
1.6289 0.00263501 0.00191378
1.70401 0.00277985 0.00194276
1.78258 0.00293367 0.00197217
1.86478 0.00309701 0.00200203
1.95077 0.00327047 0.00203234
2.04072 0.00345468 0.00206311
2.13482 0.0036503 0.00209435
2.23326 0.00385804 0.00212606
2.33624 0.00407865 0.00215824
2.44396 0.00431292 0.00219092
2.55666 0.00456171 0.00222409
2.67455 0.00482591 0.00225776
2.79788 0.00510648 0.00229195
2.92689 0.00540443 0.00232665
3.06185 0.00572083 0.00236187
3.20304 0.00605684 0.00239763
3.35074 0.00641366 0.00243393
3.50524 0.00679259 0.00247078
3.66688 0.00719499 0.00250819
3.83596 0.00762232 0.00254616
4.01284 0.00807613 0.00258471
4.19788 0.00855804 0.00262385
4.39145 0.00906982 0.00266357
4.59395 0.00961329 0.0027039
4.80578 0.0101904 0.00274483
5.02738 0.0108033 0.00278639
5.2592 0.0114542 0.00282858
5.50171 0.0121454 0.0028714
5.7554 0.0128794 0.00291488
6.02079 0.0136589 0.00295901
6.29841 0.0144866 0.00300381
6.58884 0.0153657 0.00304928
6.89266 0.0162992 0.00309545
7.21049 0.0172905 0.00314232
7.54298 0.0183433 0.00318989
7.8908 0.0194612 0.00323819
8.25465 0.0206484 0.00328721
8.63529 0.0219092 0.00333698
9.03347 0.0232481 0.0033875
9.45002 0.0246699 0.00343879
9.88577 0.0261798 0.00349085
10.3416 0.0277832 0.00354371
10.8185 0.029486 0.00359736
11.3173 0.0312942 0.00365182
11.8392 0.0332145 0.00370711
12.3851 0.0352537 0.00376324
12.9562 0.0374193 0.00382021
13.5536 0.039719 0.00387805
14.1786 0.0421611 0.00393677
14.8324 0.0447546 0.00399637
15.5164 0.0475087 0.00405687
16.2318 0.0504335 0.00411829
16.9803 0.0535394 0.00418065
17.7633 0.0568378 0.00424394
18.5824 0.0603405 0.0043082
19.4392 0.0640601 0.00437342
20.3356 0.0680102 0.00443964
21.2733 0.072205 0.00450685
22.2543 0.0766597 0.00457509
23.2804 0.0813904 0.00464435
24.3539 0.0864141 0.00471467
25.4769 0.091749 0.00478605
26.6517 0.0974144 0.00485851
27.8806 0.103431 0.00493207
29.1662 0.10982 0.00500674
30.5111 0.116605 0.00508254
31.9181 0.12381 0.00515949
33.3898 0.131462 0.00523761
34.9295 0.139587 0.00531691
36.5401 0.148216 0.0053974
38.225 0.15738 0.00547912
39.9877 0.167111 0.00556208
41.8315 0.177445 0.00564629
43.7605 0.188419 0.00573177
45.7783 0.200073 0.00581855
47.8892 0.212449 0.00590664
50.0974 0.225592 0.00599607
52.4075 0.239549 0.00608685
54.8241 0.254371 0.00617901
57.3521 0.27011 0.00627256
59.9967 0.286825 0.00636752
62.7632 0.304575 0.00646393
65.6573 0.323425 0.00656179
68.6849 0.343443 0.00666114
71.852 0.364701 0.00676199
75.1652 0.387275 0.00686552
75.1652 0.387275 0.00686451
75.6528 0.390718 0.00725706
76.1436 0.394377 0.00765372
76.6376 0.398257 0.00805453
77.1348 0.402362 0.00845955
77.6352 0.406698 0.00886881
78.1388 0.411269 0.00928235
78.6457 0.41608 0.00970023
79.1559 0.421137 0.0101225
79.6694 0.426444 0.0105492
80.1863 0.432008 0.0109803
80.7065 0.437833 0.011416
81.23 0.443926 0.0118562
81.757 0.450291 0.012301
82.2874 0.456934 0.0127505
82.8212 0.463862 0.0132047
83.3585 0.47108 0.0136636
83.8993 0.478594 0.0141274
84.4436 0.486411 0.0145959
84.9914 0.494537 0.0150694
85.5428 0.502977 0.0155478
86.0977 0.51174 0.0160312
86.6563 0.52083 0.0165196
87.2184 0.530256 0.0170131
87.7842 0.540023 0.0175117
88.3537 0.550139 0.0180155
88.9269 0.560611 0.0185246
89.5038 0.571447 0.0190389
90.0845 0.582652 0.0195585
90.6689 0.594236 0.0200835
91.2571 0.606205 0.020614
91.8491 0.618567 0.0211499
92.4449 0.631331 0.0216914
93.0447 0.644504 0.0222384
93.6483 0.658094 0.022791
94.2558 0.67211 0.0233493
94.8673 0.68656 0.0239134
95.4827 0.701452 0.0244832
96.1021 0.716796 0.0250588
96.7256 0.7326 0.0256403
97.3531 0.748874 0.0262277
97.9847 0.765626 0.026821
98.6203 0.782865 0.0274204
99.2601 0.800602 0.0280258
99.904 0.818846 0.0286374
100.552 0.837606 0.0292551
101.204 0.856893 0.029879
101.861 0.876717 0.0305091
102.522 0.897088 0.0311455
103.187 0.918017 0.0317883
103.856 0.939513 0.0324375
104.53 0.961589 0.0330931
105.208 0.984255 0.0337551
105.891 1.00752 0.0344237
106.578 1.0314 0.0350988
107.269 1.0559 0.0357805
107.965 1.08104 0.0364689
108.665 1.10683 0.0371639
109.37 1.13328 0.0378657
110.08 1.16039 0.0385742
110.794 1.1882 0.0392895
111.513 1.21669 0.0400116
112.236 1.2459 0.0407406
112.964 1.27584 0.0414765
113.697 1.3065 0.0422193
114.435 1.33792 0.0429691
115.177 1.3701 0.0437259
115.924 1.40306 0.0444897
116.676 1.43681 0.0452605
117.433 1.47136 0.0460384
118.195 1.50673 0.0468234
118.962 1.54294 0.0476155
119.734 1.57999 0.0484148
120.51 1.61791 0.0492212
121.292 1.65671 0.0500347
122.079 1.69641 0.0508555
122.871 1.73701 0.0516834
123.668 1.77854 0.0525186
124.47 1.82101 0.0533609
125.278 1.86444 0.0542105
126.091 1.90885 0.0550673
126.909 1.95425 0.0559313
127.732 2.00065 0.0568025
128.561 2.04809 0.0576809
129.395 2.09656 0.0585665
130.234 2.1461 0.0594592
131.079 2.19672 0.0603592
131.929 2.24843 0.0612662
132.785 2.30126 0.0621804
133.646 2.35522 0.0631017
134.513 2.41033 0.0640301
135.386 2.46661 0.0649654
136.264 2.52408 0.0659078
137.148 2.58277 0.0668571
138.038 2.64268 0.0678133
138.934 2.70383 0.0687763
139.835 2.76626 0.0697461
140.742 2.82997 0.0707227
141.655 2.895 0.0717059
142.574 2.96135 0.0726957
143.499 3.02905 0.073692
144.43 3.09811 0.0746947
145.367 3.16857 0.0757038
146.31 3.24044 0.0767191
147.259 3.31375 0.0777406
148.215 3.38851 0.0787681
149.176 3.46474 0.0798015
150.144 3.54247 0.0808408
151.118 3.62172 0.0818857
152.098 3.70251 0.0829362
153.085 3.78487 0.083992
154.078 3.86881 0.0850532
155.078 3.95436 0.0861195
156.084 4.04154 0.0871907
157.096 4.13037 0.0882666
158.115 4.22088 0.0893472
159.141 4.31308 0.0904322
160.173 4.407 0.0915214
161.213 4.50267 0.0926147
162.258 4.60011 0.0937117
163.311 4.69933 0.0948123
164.37 4.80036 0.0959163
165.437 4.90323 0.0970234
166.51 5.00796 0.0981333
167.59 5.11456 0.0992458
168.678 5.22307 0.100361
169.772 5.3335 0.101478
170.873 5.44589 0.102596
171.982 5.56024 0.103716
173.097 5.67658 0.104838
174.22 5.79493 0.10596
175.351 5.91533 0.107082
176.488 6.03778 0.108205
177.633 6.16231 0.109328
178.785 6.28894 0.11045
179.945 6.4177 0.11157
181.113 6.54859 0.11269
182.288 6.68166 0.113808
183.47 6.8169 0.114923
184.66 6.95435 0.116036
185.858 7.09402 0.117146
187.064 7.23593 0.118253
188.278 7.38011 0.119355
189.499 7.52656 0.120453
190.728 7.67531 0.121546
191.966 7.82638 0.122633
193.211 7.97977 0.123715
194.464 8.13551 0.124789
195.726 8.29362 0.125857
196.996 8.45409 0.126917
198.274 8.61696 0.127969
199.56 8.78224 0.129012
200.855 8.94993 0.130045
202.158 9.12004 0.131068
203.469 9.2926 0.132081
204.789 9.46761 0.133082
206.118 9.64507 0.134071
207.455 9.825 0.135048
208.801 10.0074 0.136011
210.155 10.1923 0.13696
211.519 10.3796 0.137894
212.891 10.5695 0.138812
214.272 10.7618 0.139714
215.662 10.9566 0.140599
217.061 11.154 0.141467
218.469 11.3538 0.142315
219.886 11.5561 0.143145
221.313 11.7608 0.143954
222.749 11.9681 0.144742
224.194 12.1778 0.145508
225.648 12.3899 0.146251
227.112 12.6046 0.146971
228.585 12.8216 0.147666
230.068 13.0411 0.148337
231.561 13.263 0.148981
233.063 13.4872 0.149598
234.575 13.7139 0.150187
236.097 13.9428 0.150748
237.628 14.1741 0.151279
239.17 14.4077 0.151779
240.722 14.6436 0.152248
242.283 14.8817 0.152684
243.855 15.122 0.153087
245.437 15.3645 0.153456
247.029 15.6091 0.15379
248.632 15.8558 0.154088
250.245 16.1045 0.154349
251.868 16.3553 0.154573
253.502 16.608 0.154758
255.147 16.8626 0.154903
256.802 17.1191 0.155008
258.468 17.3774 0.155071
260.145 17.6374 0.155093
261.832 17.8992 0.155071
263.531 18.1625 0.155006
265.24 18.4274 0.154896
266.961 18.6938 0.154741
268.693 18.9616 0.15454
270.436 19.2308 0.154292
272.191 19.5012 0.153996
273.956 19.7728 0.153652
275.734 20.0456 0.153259
277.522 20.3193 0.152816
279.323 20.594 0.152323
281.135 20.8695 0.15178
282.959 21.1458 0.151185
284.794 21.4227 0.150537
286.642 21.7002 0.149838
288.501 21.9782 0.149086
290.373 22.2564 0.14828
292.257 22.535 0.147421
294.153 22.8136 0.146508
296.061 23.0922 0.145541
297.982 23.3708 0.14452
299.915 23.6491 0.143444
301.86 23.9271 0.142313
303.819 24.2047 0.141127
305.79 24.4816 0.139887
307.773 24.7578 0.138593
309.77 25.0332 0.137243
311.78 25.3076 0.13584
313.802 25.5808 0.134382
315.838 25.8529 0.13287
317.887 26.1235 0.131305
319.949 26.3926 0.129687
322.025 26.6601 0.128016
324.114 26.9257 0.126294
326.217 27.1894 0.12452
328.333 27.451 0.122695
330.463 27.7103 0.120821
332.607 27.9673 0.118898
334.764 28.2217 0.116927
336.936 28.4735 0.114909
339.122 28.7224 0.112844
341.322 28.9683 0.110735
343.536 29.2111 0.108583
345.765 29.4507 0.106388
348.008 29.6868 0.104152
350.266 29.9194 0.101877
352.538 30.1483 0.0995639
354.825 30.3733 0.0972143
357.127 30.5943 0.0948299
359.444 30.8112 0.0924125
361.776 31.0238 0.0899638
364.123 31.2321 0.0874856
366.485 31.4358 0.0849798
368.862 31.6348 0.0824484
371.255 31.829 0.0798934
373.664 32.0184 0.0773168
376.088 32.2026 0.0747207
378.528 32.3818 0.0721072
380.983 32.5556 0.0694787
383.455 32.724 0.0668372
385.942 32.887 0.064185
388.446 33.0444 0.0615245
390.966 33.1961 0.0588579
393.502 33.342 0.0561876
396.055 33.482 0.0535159
398.625 33.6161 0.0508452
401.211 33.7441 0.0481778
403.813 33.866 0.0455162
406.433 33.9818 0.0428626
409.07 34.0913 0.0402196
411.724 34.1946 0.0375893
414.395 34.2915 0.0349741
417.083 34.382 0.0323764
419.789 34.4661 0.0297984
422.512 34.5438 0.0272423
425.253 34.615 0.0247104
428.012 34.6797 0.0222048
430.788 34.7379 0.0197275
433.583 34.7896 0.0172808
436.396 34.8348 0.0148664
439.227 34.8736 0.0124864
442.076 34.9058 0.0101426
444.944 34.9316 0.00783684
447.831 34.9509 0.00557072
450.736 34.9639 0.0033459
453.66 34.9705 0.00116391
456.603 34.9722 0
459.565 34.9722 0
462.547 34.9722 0
465.547 34.9722 0
468.567 34.9722 0
471.607 34.9722 0
474.667 34.9722 0
477.746 34.9722 0
480.845 34.9722 0
483.965 34.9722 0
487.104 34.9722 0
490.264 34.9722 0
493.445 34.9722 0
496.646 34.9722 0
499.868 34.9722 0
503.111 34.9722 0
506.375 34.9722 0
509.66 34.9722 0
512.966 34.9722 0
516.294 34.9722 0
519.643 34.9722 0
523.014 34.9722 0
526.407 34.9722 0
529.822 34.9722 0
533.26 34.9722 0
536.719 34.9722 0
540.201 34.9722 0
543.705 34.9722 0
547.233 34.9722 0
550.783 34.9722 0
554.356 34.9722 0
557.952 34.9722 0
561.572 34.9722 0
565.215 34.9722 0
568.882 34.9722 0
572.572 34.9722 0
576.287 34.9722 0
580.025 34.9722 0
583.788 34.9722 0
587.575 34.9722 0
591.387 34.9722 0
595.224 34.9722 0
599.085 34.9722 0
602.971 34.9722 0
606.883 34.9722 0
610.82 34.9722 0
614.783 34.9722 0
618.771 34.9722 0
622.785 34.9722 0
626.826 34.9722 0
630.892 34.9722 0
634.985 34.9722 0
639.104 34.9722 0
643.25 34.9722 0
647.423 34.9722 0
651.623 34.9722 0
655.851 34.9722 0
660.105 34.9722 0
664.388 34.9722 0
668.698 34.9722 0
673.036 34.9722 0
677.402 34.9722 0
681.797 34.9722 0
686.22 34.9722 0
690.671 34.9722 0
695.152 34.9722 0
699.662 34.9722 0
704.201 34.9722 0
708.769 34.9722 0
713.367 34.9722 0
717.995 34.9722 0
722.653 34.9722 0
727.341 34.9722 0
732.06 34.9722 0
736.809 34.9722 0
741.589 34.9722 0
746.4 34.9722 0
751.242 34.9722 0
756.115 34.9722 0
761.021 34.9722 0
765.958 34.9722 0
770.927 34.9722 0
775.928 34.9722 0
780.962 34.9722 0
786.028 34.9722 0
791.127 34.9722 0
796.26 34.9722 0
801.425 34.9722 0
806.624 34.9722 0
811.857 34.9722 0
817.124 34.9722 0
822.425 34.9722 0
827.76 34.9722 0
833.13 34.9722 0
838.535 34.9722 0
843.975 34.9722 0
849.45 34.9722 0
854.961 34.9722 0
860.507 34.9722 0
866.09 34.9722 0
871.708 34.9722 0
877.363 34.9722 0
883.055 34.9722 0
888.784 34.9722 0
894.55 34.9722 0
900.353 34.9722 0
906.194 34.9722 0
912.073 34.9722 0
917.99 34.9722 0
923.945 34.9722 0
929.939 34.9722 0
935.972 34.9722 0
942.044 34.9722 0
948.155 34.9722 0
954.306 34.9722 0
960.497 34.9722 0
966.728 34.9722 0
973 34.9722 0
979.312 34.9722 0
985.665 34.9722 0
992.059 34.9722 0
998.495 34.9722 0
1004.97 34.9722 0
1011.49 34.9722 0
1018.05 34.9722 0
1024.66 34.9722 0
1031.31 34.9722 0
1038 34.9722 0
1044.73 34.9722 0
1051.51 34.9722 0
1058.33 34.9722 0
1065.2 34.9722 0
1072.11 34.9756 0.000972267
1079.06 34.99 0.00317967
1086.06 35.0203 0.00548768
1093.11 35.0675 0.00790097
1100.2 35.1325 0.0104244
1107.34 35.2163 0.0130632
1114.52 35.32 0.0158225
1121.75 35.4449 0.0187079
1129.03 35.592 0.021725
1136.35 35.7627 0.0248799
1143.72 35.9582 0.0281787
1151.14 36.1801 0.0316277
1158.61 36.4298 0.0352334
1166.13 36.7088 0.0390028
1173.69 37.0187 0.0429427
1181.31 37.3614 0.0470604
1188.97 37.7385 0.0513632
1196.68 38.152 0.0558587
1204.45 38.6039 0.0605546
1212.26 39.0962 0.0654587
1220.12 39.6311 0.0705791
1228.04 40.211 0.0759239
1236.01 40.838 0.0815013
1244.02 41.5149 0.0873195
1252.09 42.2441 0.0933867
1260.22 43.0283 0.0997112
1268.39 43.8704 0.106301
1276.62 44.7734 0.113164
1284.9 45.7402 0.120309
1293.24 46.774 0.127743
1301.63 47.8782 0.135473
1310.07 49.056 0.143506
1318.57 50.3111 0.151849
1327.13 51.6471 0.160508
1335.74 53.0676 0.169488
1344.4 54.5766 0.178793
1353.12 56.178 0.188429
1361.9 57.8758 0.198397
1370.74 59.6742 0.2087
1379.63 61.5773 0.219338
1388.58 63.5896 0.230312
1397.59 65.7152 0.241619
1406.65 67.9586 0.253257
1415.78 70.3243 0.265222
1424.96 72.8167 0.277507
1434.21 75.4403 0.290104
1443.51 78.1995 0.303005
1452.88 81.0987 0.316198
1462.3 84.1425 0.32967
1471.79 87.3351 0.343407
1481.34 90.6807 0.357392
1490.95 94.1835 0.371606
1500.62 97.8475 0.38603
1510.35 101.677 0.400642
1520.15 105.675 0.415418
1530.01 109.845 0.430335
1539.94 114.191 0.445364
1549.93 118.716 0.46048
1559.98 123.422 0.475654
1570.1 128.313 0.490856
1580.29 133.39 0.506057
1590.54 138.656 0.521227
1600.86 144.112 0.536335
1611.25 149.76 0.551352
1621.7 155.601 0.566246
1632.22 161.636 0.58099
1642.81 167.865 0.595555
1653.47 174.288 0.609912
1664.19 180.906 0.624037
1674.99 187.718 0.637904
1685.85 194.724 0.651491
1696.79 201.922 0.664775
1707.8 209.311 0.677739
1718.88 216.889 0.690363
1730.03 224.656 0.702634
1741.25 232.609 0.714537
1752.55 240.745 0.726062
1763.92 249.063 0.737199
1775.36 257.561 0.747942
1786.88 266.235 0.758286
1798.47 275.083 0.768228
1810.14 284.101 0.777767
1821.88 293.288 0.786903
1833.7 302.64 0.795639
1845.6 312.155 0.803979
1857.57 321.829 0.811928
1869.62 331.658 0.819493
1881.75 341.642 0.826682
1893.96 351.775 0.833503
1906.24 362.056 0.839966
1918.61 372.481 0.84608
1931.06 383.048 0.851858
1943.58 393.754 0.85731
1956.19 404.596 0.862449
1968.88 415.571 0.867285
1981.66 426.678 0.871833
1994.51 437.913 0.876103
2007.45 449.275 0.880108
2020.47 460.761 0.883861
2033.58 472.37 0.887373
2046.77 484.098 0.890656
2060.05 495.945 0.893723
2073.42 507.908 0.896585
2086.87 519.986 0.899253
2100.41 532.177 0.901737
2114.03 544.48 0.904048
2127.75 556.893 0.906196
2141.55 569.415 0.908192
2155.44 582.046 0.910043
2169.43 594.783 0.91176
2183.5 607.626 0.91335
2197.66 620.574 0.914822
2211.92 633.627 0.916184
2226.27 646.782 0.917442
2240.71 660.041 0.918604
2255.25 673.402 0.919676
2269.88 686.865 0.920664
2284.61 700.428 0.921575
2299.43 714.093 0.922413
2314.34 727.859 0.923184
2329.36 741.725 0.923893
2344.47 755.691 0.924545
2359.68 769.757 0.925142
2374.99 783.924 0.925691
2390.39 798.19 0.926193
2405.9 812.557 0.926654
2421.51 827.023 0.927076
2437.22 841.59 0.927461
2453.03 856.257 0.927814
2468.94 871.024 0.928136
2484.96 885.892 0.928429
2501.08 900.861 0.928698
2517.31 915.932 0.928942
2533.64 931.104 0.929165
2550.07 946.378 0.929367
2566.62 961.754 0.929552
2583.27 977.233 0.929719
2600.03 992.815 0.929871
2616.89 1008.5 0.93001
2633.87 1024.29 0.930135
2650.96 1040.18 0.930249
2668.15 1056.18 0.930351
2685.46 1072.29 0.930445
2702.89 1088.5 0.930529
2720.42 1104.82 0.930605
2738.07 1121.24 0.930674
2755.83 1137.77 0.930736
2773.71 1154.41 0.930792
2791.7 1171.16 0.930843
2809.81 1188.02 0.930888
2828.04 1204.99 0.930929
2846.39 1222.07 0.930966
2864.85 1239.26 0.930999
2883.44 1256.56 0.931029
2902.15 1273.98 0.931055
2920.97 1291.51 0.931079
2939.92 1309.15 0.931101
2958.99 1326.91 0.93112
2978.19 1344.78 0.931137
2997.51 1362.77 0.931153
3016.96 1380.88 0.931166
3036.53 1399.11 0.931178
3056.23 1417.45 0.931189
3076.05 1435.91 0.931199
3096.01 1454.5 0.931208
3116.1 1473.2 0.931215
3136.31 1492.02 0.931222
3156.66 1510.97 0.931228
3177.14 1530.04 0.931234
3197.75 1549.23 0.931239
3218.49 1568.55 0.931243
3239.37 1588 0.931247
3260.39 1607.57 0.93125
3281.54 1627.26 0.931253
3302.83 1647.09 0.931255
3324.25 1667.04 0.931258
3345.82 1687.13 0.93126
3367.52 1707.34 0.931262
3389.37 1727.68 0.931263
3411.36 1748.16 0.931265
3433.49 1768.77 0.931266
3455.76 1789.51 0.931267
3478.18 1810.39 0.931268
3500.75 1831.4 0.931269
3523.46 1852.55 0.931269
3546.31 1873.84 0.93127
3569.32 1895.27 0.93127
3592.48 1916.83 0.931271
3615.78 1938.53 0.931271
3639.24 1960.38 0.931272
3662.85 1982.37 0.931272
3686.61 2004.49 0.931272
3710.53 2026.77 0.931273
3734.6 2049.18 0.931273
3758.82 2071.75 0.931273
3783.21 2094.46 0.931273
3807.75 2117.31 0.931273
3832.45 2140.32 0.931273
3857.32 2163.47 0.931273
3882.34 2186.77 0.931274
3907.53 2210.23 0.931274
3932.88 2233.84 0.931274
3958.39 2257.6 0.931274
3984.07 2281.51 0.931274
4009.92 2305.58 0.931274
4035.93 2329.81 0.931274
4062.11 2354.19 0.931274
4088.47 2378.73 0.931274
4114.99 2403.43 0.931274
4141.68 2428.29 0.931274
4168.55 2453.31 0.931274
4195.6 2478.5 0.931274
4222.81 2503.85 0.931274
4250.21 2529.36 0.931274
4277.78 2555.04 0.931274
4305.53 2580.88 0.931274
4333.46 2606.89 0.931274
4361.58 2633.07 0.931274
4389.87 2659.42 0.931274
4418.35 2685.95 0.931274
4447.01 2712.64 0.931274
4475.86 2739.51 0.931274
4504.9 2766.55 0.931274
4534.12 2793.76 0.931274
4563.54 2821.16 0.931274
4593.14 2848.73 0.931274
4622.94 2876.48 0.931274
4652.93 2904.41 0.931274
4683.12 2932.52 0.931274
4713.5 2960.81 0.931274
4744.08 2989.29 0.931274
4774.85 3017.95 0.931274
4805.83 3046.79 0.931274
4837.01 3075.83 0.931274
4868.39 3105.05 0.931274
4899.97 3134.46 0.931274
4931.76 3164.07 0.931274
4963.75 3193.86 0.931274
4995.95 3223.85 0.931274
5028.36 3254.03 0.931274
5060.98 3284.41 0.931274
5093.82 3314.99 0.931274
5126.86 3345.76 0.931274
5160.12 3376.74 0.931274
5193.6 3407.91 0.931274
5227.29 3439.29 0.931274
5261.2 3470.87 0.931274
5295.33 3502.66 0.931274
5329.68 3534.65 0.931274
5364.26 3566.85 0.931274
5399.06 3599.25 0.931274
5434.09 3631.87 0.931274
5469.34 3664.7 0.931274
5504.82 3697.75 0.931274
5540.53 3731 0.931274
5576.48 3764.48 0.931274
5612.65 3798.17 0.931274
5649.06 3832.08 0.931274
5685.71 3866.2 0.931274
5722.6 3900.56 0.931274
5759.72 3935.13 0.931274
5797.09 3969.93 0.931274
5834.69 4004.95 0.931274
5872.55 4040.2 0.931274
5910.64 4075.68 0.931274
5948.99 4111.39 0.931274
5987.58 4147.33 0.931274
6026.42 4183.5 0.931274
6065.52 4219.91 0.931274
6104.87 4256.56 0.931274
6144.47 4293.44 0.931274
6184.33 4330.56 0.931274
6224.45 4367.92 0.931274
6264.83 4405.53 0.931274
6305.48 4443.38 0.931274
6346.38 4481.47 0.931274
6387.55 4519.81 0.931274
6428.99 4558.4 0.931274
6470.7 4597.24 0.931274
6512.68 4636.34 0.931274
6554.93 4675.68 0.931274
6597.45 4715.29 0.931274
6640.25 4755.14 0.931274
6683.33 4795.26 0.931274
6726.69 4835.64 0.931274
6770.32 4876.28 0.931274
6814.25 4917.18 0.931274
6858.45 4958.35 0.931274
6902.95 4999.78 0.931274
6947.73 5041.49 0.931274
6992.8 5083.46 0.931274
7038.16 5125.71 0.931274
7083.82 5168.23 0.931274
7129.78 5211.03 0.931274
7176.03 5254.1 0.931274
7222.59 5297.46 0.931274
7269.44 5341.09 0.931274
7316.6 5385.01 0.931274
7364.07 5429.21 0.931274
7411.84 5473.7 0.931274
7459.92 5518.48 0.931274
7508.32 5563.55 0.931274
7557.03 5608.91 0.931274
7606.05 5654.57 0.931274
7655.39 5700.52 0.931274
7705.06 5746.77 0.931274
7755.04 5793.32 0.931274
7805.35 5840.17 0.931274
7855.99 5887.33 0.931274
7906.95 5934.79 0.931274
7958.25 5982.56 0.931274
8009.88 6030.64 0.931274
8061.84 6079.03 0.931274
8114.14 6127.74 0.931274
8166.78 6176.76 0.931274
8219.76 6226.1 0.931274
8273.08 6275.76 0.931274
8326.76 6325.74 0.931274
8380.77 6376.05 0.931274
8435.14 6426.68 0.931274
8489.86 6477.64 0.931274
8544.94 6528.93 0.931274
8600.38 6580.56 0.931274
8656.17 6632.52 0.931274
8712.32 6684.81 0.931274
8768.84 6737.45 0.931274
8825.73 6790.42 0.931274
8882.99 6843.75 0.931274
8940.61 6897.41 0.931274
8998.61 6951.43 0.931274
9056.99 7005.79 0.931274
9115.75 7060.51 0.931274
9174.89 7115.58 0.931274
9234.41 7171.01 0.931274
9294.31 7226.8 0.931274
9354.61 7282.95 0.931274
9415.29 7339.47 0.931274
9476.38 7396.35 0.931274
9537.85 7453.6 0.931274
9599.73 7511.23 0.931274
9662 7569.22 0.931274
9724.68 7627.6 0.931274
9787.77 7686.35 0.931274
9851.27 7745.48 0.931274
9915.18 7805 0.931274
9979.5 7864.9 0.931274
10044.2 7925.19 0.931274
10109.4 7985.87 0.931274
10175 8046.95 0.931274
10241 8108.42 0.931274
10307.4 8170.29 0.931274
10374.3 8232.57 0.931274
10441.6 8295.24 0.931274
10509.3 8358.33 0.931274
10577.5 8421.82 0.931274
10646.1 8485.72 0.931274
10715.2 8550.04 0.931274
10784.7 8614.78 0.931274
10854.7 8679.93 0.931274
10925.1 8745.51 0.931274
10996 8811.51 0.931274
11067.3 8877.95 0.931274
11139.1 8944.81 0.931274
11211.4 9012.11 0.931274
11284.1 9079.84 0.931274
11357.3 9148.01 0.931274
11431 9216.63 0.931274
11505.1 9285.69 0.931274
11579.8 9355.2 0.931274
11654.9 9425.16 0.931274
11730.5 9495.57 0.931274
11806.6 9566.44 0.931274
11883.2 9637.77 0.931274
11960.3 9709.56 0.931274
12037.9 9781.82 0.931274
12116 9854.55 0.931274
12194.6 9927.75 0.931274
12273.7 10001.4 0.931274
12353.3 10075.6 0.931274
12433.5 10150.2 0.931274
12514.1 10225.3 0.931274
12595.3 10300.9 0.931274
12677 10377 0.931274
12759.2 10453.6 0.931274
12842 10530.7 0.931274
12925.3 10608.3 0.931274
13009.2 10686.4 0.931274
13093.6 10765 0.931274
13178.5 10844.1 0.931274
13264 10923.7 0.931274
13350.1 11003.8 0.931274
13436.7 11084.5 0.931274
13523.8 11165.7 0.931274
13611.6 11247.4 0.931274
13699.9 11329.6 0.931274
13788.8 11412.4 0.931274
13878.2 11495.7 0.931274
13968.2 11579.5 0.931274
14058.9 11663.9 0.931274
14150.1 11748.8 0.931274
14241.9 11834.3 0.931274
14334.2 11920.4 0.931274
14427.2 12007 0.931274
14520.8 12094.1 0.931274
14615 12181.9 0.931274
14709.8 12270.2 0.931274
14805.3 12359 0.931274
14901.3 12448.5 0.931274
14998 12538.5 0.931274
15095.3 12629.1 0.931274
15193.2 12720.3 0.931274
15291.8 12812.1 0.931274
15391 12904.5 0.931274
15490.8 12997.5 0.931274
15591.3 13091 0.931274
15692.5 13185.2 0.931274
15794.3 13280.1 0.931274
15896.7 13375.5 0.931274
15999.9 13471.5 0.931274
16103.7 13568.2 0.931274
16208.1 13665.5 0.931274
16313.3 13763.4 0.931274
16419.1 13861.9 0.931274
16525.6 13961.1 0.931274
16632.8 14061 0.931274
16740.7 14161.5 0.931274
16849.3 14262.6 0.931274
16958.7 14364.4 0.931274
17068.7 14466.9 0.931274
17179.4 14570 0.931274
17290.8 14673.8 0.931274
17403 14778.2 0.931274
17515.9 14883.4 0.931274
17629.6 14989.2 0.931274
17743.9 15095.7 0.931274
17859 15202.9 0.931274
17974.9 15310.8 0.931274
18091.5 15419.4 0.931274
18208.9 15528.7 0.931274
18327 15638.7 0.931274
18445.9 15749.4 0.931274
18565.5 15860.9 0.931274
18686 15973 0.931274
18807.2 16085.9 0.931274
18929.2 16199.5 0.931274
19052 16313.9 0.931274
19175.6 16429 0.931274
19300 16544.9 0.931274
19425.2 16661.5 0.931274
19551.2 16778.8 0.931274
19678.1 16896.9 0.931274
19805.7 17015.8 0.931274
19934.2 17135.5 0.931274
20063.5 17255.9 0.931274
20193.7 17377.1 0.931274
20324.7 17499.1 0.931274
20456.6 17621.9 0.931274
20589.3 17745.5 0.931274
20722.8 17869.9 0.931274
20857.3 17995.1 0.931274
20992.6 18121.1 0.931274
21128.8 18247.9 0.931274
21265.8 18375.6 0.931274
21403.8 18504.1 0.931274
21542.7 18633.4 0.931274
21682.4 18763.5 0.931274
21823.1 18894.5 0.931274
21964.6 19026.4 0.931274
22107.1 19159.1 0.931274
22250.6 19292.6 0.931274
22394.9 19427 0.931274
22540.2 19562.3 0.931274
22686.4 19698.5 0.931274
22833.6 19835.6 0.931274
22981.7 19973.5 0.931274
23130.8 20112.4 0.931274
23280.9 20252.1 0.931274
23431.9 20392.8 0.931274
23583.9 20534.3 0.931274
23736.9 20676.8 0.931274
23890.9 20820.2 0.931274
24045.9 20964.6 0.931274
24201.9 21109.8 0.931274
24358.9 21256 0.931274
24516.9 21403.2 0.931274
24676 21551.3 0.931274
24836 21700.4 0.931274
24997.2 21850.5 0.931274
25159.3 22001.5 0.931274
25322.5 22153.5 0.931274
25486.8 22306.5 0.931274
25652.2 22460.4 0.931274
25818.6 22615.4 0.931274
25986.1 22771.4 0.931274
26154.7 22928.4 0.931274
26324.3 23086.4 0.931274
26495.1 23245.4 0.931274
26667 23405.5 0.931274
26840 23566.6 0.931274
27014.1 23728.8 0.931274
27189.4 23892 0.931274
27365.7 24056.3 0.931274
27543.3 24221.6 0.931274
27722 24388 0.931274
27901.8 24555.5 0.931274
28082.8 24724 0.931274
28265 24893.7 0.931274
28448.4 25064.5 0.931274
28632.9 25236.3 0.931274
28818.7 25409.3 0.931274
29005.6 25583.4 0.931274
29193.8 25758.7 0.931274
29383.2 25935 0.931274
29573.8 26112.6 0.931274
29765.7 26291.2 0.931274
29958.8 26471.1 0.931274
30153.1 26652.1 0.931274
30348.7 26834.2 0.931274
30545.6 27017.6 0.931274
30743.8 27202.1 0.931274
30943.2 27387.9 0.931274
31143.9 27574.8 0.931274
31346 27763 0.931274
31549.3 27952.3 0.931274
31754 28142.9 0.931274
31960 28334.8 0.931274
32167.3 28527.9 0.931274
32376 28722.2 0.931274
32586.1 28917.8 0.931274
32797.5 29114.7 0.931274
33010.2 29312.8 0.931274
33224.4 29512.3 0.931274
33439.9 29713 0.931274
33656.9 29915 0.931274
33875.2 30118.3 0.931274
34095 30323 0.931274
34316.1 30529 0.931274
34538.8 30736.3 0.931274
34762.8 30945 0.931274
34988.3 31155 0.931274
35215.3 31366.4 0.931274
35443.8 31579.1 0.931274
35673.7 31793.3 0.931274
35905.1 32008.8 0.931274
36138.1 32225.7 0.931274
36372.5 32444 0.931274
36608.5 32663.8 0.931274
36846 32884.9 0.931274
37085 33107.6 0.931274
37325.6 33331.6 0.931274
37567.7 33557.1 0.931274
37811.4 33784.1 0.931274
38056.7 34012.5 0.931274
38303.6 34242.4 0.931274
38552.1 34473.8 0.931274
38802.2 34706.8 0.931274
39053.9 34941.2 0.931274
39307.3 35177.1 0.931274
39562.3 35414.6 0.931274
39819 35653.6 0.931274
40077.3 35894.2 0.931274
40337.3 36136.3 0.931274
40599 36380 0.931274
40862.3 36625.3 0.931274
41127.4 36872.2 0.931274
41394.2 37120.6 0.931274
41662.8 37370.7 0.931274
41933.1 37622.4 0.931274
42205.1 37875.8 0.931274
42478.9 38130.7 0.931274
42754.5 38387.4 0.931274
43031.8 38645.7 0.931274
43311 38905.6 0.931274
43592 39167.3 0.931274
43874.8 39430.7 0.931274
44159.4 39695.7 0.931274
44445.9 39962.5 0.931274
44734.2 40231.1 0.931274
45024.4 40501.3 0.931274
45316.5 40773.3 0.931274
45610.5 41047.1 0.931274
45906.4 41322.7 0.931274
46204.2 41600 0.931274
46503.9 41879.2 0.931274
46805.6 42160.1 0.931274
47109.3 42442.9 0.931274
47414.9 42727.5 0.931274
47722.5 43014 0.931274
48032.1 43302.3 0.931274
48343.7 43592.5 0.931274
48657.3 43884.5 0.931274
48972.9 44178.5 0.931274
49290.7 44474.4 0.931274
49610.4 44772.1 0.931274
49932.3 45071.9 0.931274
50256.2 45373.5 0.931274
50582.2 45677.2 0.931274
50910.4 45982.7 0.931274
51240.6 46290.3 0.931274
51573.1 46599.9 0.931274
51907.6 46911.5 0.931274
52244.4 47225.1 0.931274
52583.3 47540.7 0.931274
52924.4 47858.4 0.931274
53267.8 48178.1 0.931274
53613.3 48499.9 0.931274
53961.1 48823.9 0.931274
54311.2 49149.9 0.931274
54663.5 49478 0.931274
55018.2 49808.2 0.931274
55375.1 50140.6 0.931274
55734.3 50475.2 0.931274
56095.9 50811.9 0.931274
