5.78741e-09 5.95396e-15 4.29514e-06
5.8738e-08 3.33166e-13 8.58285e-06
5.86595e-07 1.45059e-11 3.56977e-05
4.6076e-06 3.38009e-10 8.97843e-05
5.86875e-06 4.61297e-10 0.000114002
2.3369e-05 3.31505e-09 0.000192532
7.39119e-05 1.62978e-08 0.000292274
0.000147358 4.17301e-08 0.000330144
0.000152693 4.34471e-08 0.000292479
0.000165528 4.67976e-08 0.000304172
0.000294481 1.01986e-07 0.000463041
0.000466785 1.89679e-07 0.00054542
0.000739961 3.52227e-07 0.00041641
0.000792747 3.70702e-07 0.000446592
0.000859333 4.13069e-07 0.00055442
0.000931697 4.48502e-07 0.00055104
0.00117285 6.10601e-07 0.000697128
0.00147667 8.31244e-07 0.000750516
0.0017323 1.02935e-06 0.000535855
0.00185963 1.08409e-06 0.000525282
0.00294795 2.00733e-06 0.000908255
0.00467391 3.71532e-06 0.00105104
0.00633042 5.56999e-06 0.00091467
0.0070765 6.16755e-06 0.00093479
0.00933155 8.92099e-06 0.00127133
0.0117504 1.21316e-05 0.00137956
0.0154948 1.7543e-05 0.00122736
0.0177925 2.00421e-05 0.00125466
0.0234638 2.89812e-05 0.00164107
0.0295474 3.94039e-05 0.00177172
0.0354913 5.03041e-05 0.00128079
0.0389653 5.38549e-05 0.00125817
0.0549487 8.51279e-05 0.00191362
0.0590129 9.27925e-05 0.00199187
0.0713035 0.000119369 0.00114686
0.0787306 0.000125461 0.00110854
0.10265 0.000178607 0.00176378
0.112568 0.000193736 0.00180901
0.132297 0.000240204 0.00240921
0.146764 0.000275794 0.00181491
0.15911 0.000293738 0.00177613
0.191354 0.000375514 0.00260957
0.227502 0.000472769 0.000973271
0.245257 0.000484229 0.000805937
0.256566 0.000495831 0.00103354
0.268397 0.000508152 0.00104919
0.280773 0.000521236 0.00106507
0.293719 0.00053513 0.0010812
0.307263 0.000549885 0.00109757
0.321432 0.000565555 0.00111419
0.336253 0.000582195 0.00113106
0.351758 0.000599866 0.00114818
0.367978 0.000618631 0.00116556
0.384946 0.000638559 0.00118321
0.402697 0.000659722 0.00120112
0.421266 0.000682195 0.00121931
0.440691 0.000706061 0.00123777
0.461012 0.000731406 0.00125651
0.48227 0.00075832 0.00127553
0.504508 0.000786902 0.00129484
0.527771 0.000817254 0.00131445
0.552107 0.000849487 0.00133435
0.577566 0.000883717 0.00135455
0.604198 0.000920067 0.00137506
0.632059 0.000958668 0.00139588
0.661204 0.000999662 0.00141701
0.691693 0.00104319 0.00143847
0.723588 0.00108942 0.00146024
0.756953 0.00113852 0.00148235
0.791857 0.00119065 0.00150479
0.828371 0.00124602 0.00152758
0.866568 0.00130481 0.00155071
0.906527 0.00136725 0.00157418
0.948328 0.00143355 0.00159802
0.992057 0.00150396 0.00162221
1.0378 0.00157874 0.00164677
1.08566 0.00165815 0.0016717
1.13572 0.00174247 0.00169701
1.18809 0.00183202 0.00172271
1.24287 0.00192712 0.00174879
1.30018 0.00202811 0.00177526
1.36014 0.00213535 0.00180214
1.42285 0.00224924 0.00182943
1.48846 0.00237018 0.00185712
1.5571 0.00249862 0.00188524
1.6289 0.00263501 0.00191378
1.70401 0.00277985 0.00194276
1.78258 0.00293367 0.00197217
1.86478 0.00309701 0.00200203
1.95077 0.00327047 0.00203234
2.04072 0.00345468 0.00206311
2.13482 0.0036503 0.00209435
2.23326 0.00385804 0.00212606
2.33624 0.00407865 0.00215824
2.44396 0.00431292 0.00219092
2.55666 0.00456171 0.00222409
2.67455 0.00482591 0.00225776
2.79788 0.00510648 0.00229195
2.92689 0.00540443 0.00232665
3.06185 0.00572083 0.00236187
3.20304 0.00605684 0.00239763
3.35074 0.00641366 0.00243393
3.50524 0.00679259 0.00247078
3.66688 0.00719499 0.00250819
3.83596 0.00762232 0.00254616
4.01284 0.00807613 0.00258471
4.19788 0.00855804 0.00262385
4.39145 0.00906982 0.00266357
4.59395 0.00961329 0.0027039
4.80578 0.0101904 0.00274483
5.02738 0.0108033 0.00278639
5.2592 0.0114542 0.00282858
5.50171 0.0121454 0.0028714
5.7554 0.0128794 0.00291488
6.02079 0.0136589 0.00295901
6.29841 0.0144866 0.00300381
6.58884 0.0153657 0.00304928
6.89266 0.0162992 0.00309545
7.21049 0.0172905 0.00314232
7.54298 0.0183433 0.00318989
7.8908 0.0194612 0.00323819
8.25465 0.0206484 0.00328721
8.63529 0.0219092 0.00333698
9.03347 0.0232481 0.0033875
9.45002 0.0246699 0.00343879
9.88577 0.0261798 0.00349085
10.3416 0.0277832 0.00354371
10.8185 0.029486 0.00359736
11.3173 0.0312942 0.00365182
11.8392 0.0332145 0.00370711
12.3851 0.0352537 0.00376324
12.9562 0.0374193 0.00382021
13.5536 0.039719 0.00387805
14.1786 0.0421611 0.00393677
14.8324 0.0447546 0.00399637
15.5164 0.0475087 0.00405687
16.2318 0.0504335 0.00411829
16.9803 0.0535394 0.00418065
17.7633 0.0568378 0.00424394
18.5824 0.0603405 0.0043082
19.4392 0.0640601 0.00437342
20.3356 0.0680102 0.00443964
21.2733 0.072205 0.00450685
22.2543 0.0766597 0.00457509
23.2804 0.0813904 0.00464435
24.3539 0.0864141 0.00471467
25.4769 0.091749 0.00478605
26.6517 0.0974144 0.00485851
27.8806 0.103431 0.00493207
29.1662 0.10982 0.00500674
30.5111 0.116605 0.00508254
31.9181 0.12381 0.00515949
33.3898 0.131462 0.00523761
34.9295 0.139587 0.00531691
36.5401 0.148216 0.0053974
38.225 0.15738 0.00547912
39.9877 0.167111 0.00556208
41.8315 0.177445 0.00564629
43.7605 0.188419 0.00573177
45.7783 0.200073 0.00581855
47.8892 0.212449 0.00590664
50.0974 0.225592 0.00599607
52.4075 0.239549 0.00608685
54.8241 0.254371 0.00617901
57.3521 0.27011 0.00627256
59.9967 0.286825 0.00636752
62.7632 0.304575 0.00646393
65.6573 0.323425 0.00656179
68.6849 0.343443 0.00666114
71.852 0.364701 0.00676199
75.1652 0.387275 0.00686552
75.1652 0.387275 0.00686451
75.6528 0.390689 0.00713765
76.1436 0.39426 0.00741321
76.6376 0.397991 0.0076912
77.1348 0.401884 0.00797166
77.6352 0.405944 0.0082546
78.1388 0.410173 0.00854006
78.6457 0.414575 0.00882805
79.1559 0.419153 0.00911859
79.6694 0.423911 0.00941172
80.1863 0.428852 0.00970746
80.7065 0.433979 0.0100058
81.23 0.439297 0.0103069
81.757 0.444808 0.0106106
82.2874 0.450517 0.010917
82.8212 0.456428 0.0112261
83.3585 0.462543 0.0115381
83.8993 0.468868 0.0118528
84.4436 0.475406 0.0121703
84.9914 0.48216 0.0124906
85.5428 0.489136 0.0128138
86.0977 0.496338 0.0131399
86.6563 0.503769 0.013469
87.2184 0.511434 0.0138009
87.7842 0.519338 0.0141359
88.3537 0.527484 0.0144739
88.9269 0.535878 0.0148148
89.5038 0.544524 0.0151589
90.0845 0.553427 0.015506
90.6689 0.562591 0.0158563
91.2571 0.572021 0.0162097
91.8491 0.581723 0.0165662
92.4449 0.591702 0.016926
93.0447 0.601962 0.017289
93.6483 0.612508 0.0176553
94.2558 0.623346 0.0180249
94.8673 0.634482 0.0183978
95.4827 0.645921 0.018774
96.1021 0.657667 0.0191537
96.7256 0.669728 0.0195367
97.3531 0.682109 0.0199233
97.9847 0.694814 0.0203132
98.6203 0.707852 0.0207067
99.2601 0.721227 0.0211038
99.904 0.734945 0.0215044
100.552 0.749014 0.0219086
101.204 0.763438 0.0223165
101.861 0.778225 0.022728
102.522 0.793381 0.0231433
103.187 0.808913 0.0235623
103.856 0.824827 0.023985
104.53 0.841131 0.0244116
105.208 0.857831 0.024842
105.891 0.874934 0.0252763
106.578 0.892448 0.0257145
107.269 0.91038 0.0261566
107.965 0.928738 0.0266027
108.665 0.947528 0.0270528
109.37 0.966759 0.0275069
110.08 0.986438 0.0279651
110.794 1.00657 0.0284275
111.513 1.02717 0.028894
112.236 1.04825 0.0293646
112.964 1.0698 0.0298395
113.697 1.09184 0.0303186
114.435 1.11439 0.0308021
115.177 1.13743 0.0312898
115.924 1.161 0.0317819
116.676 1.18508 0.0322784
117.433 1.20971 0.0327793
118.195 1.23487 0.0332847
118.962 1.26059 0.0337946
119.734 1.28687 0.0343091
120.51 1.31372 0.0348281
121.292 1.34115 0.0353517
122.079 1.36918 0.0358799
122.871 1.3978 0.0364129
123.668 1.42704 0.0369505
124.47 1.45691 0.0374929
125.278 1.4874 0.0380401
126.091 1.51854 0.0385921
126.909 1.55034 0.039149
127.732 1.5828 0.0397108
128.561 1.61594 0.0402775
129.395 1.64977 0.0408491
130.234 1.6843 0.0414258
131.079 1.71955 0.0420075
131.929 1.75552 0.0425943
132.785 1.79223 0.0431861
133.646 1.82969 0.0437831
134.513 1.86791 0.0443853
135.386 1.90691 0.0449927
136.264 1.94669 0.0456053
137.148 1.98728 0.0462232
138.038 2.02868 0.0468464
138.934 2.07092 0.0474749
139.835 2.11399 0.0481088
140.742 2.15792 0.0487481
141.655 2.20273 0.0493928
142.574 2.24842 0.050043
143.499 2.29501 0.0506987
144.43 2.34251 0.0513599
145.367 2.39094 0.0520267
146.31 2.44033 0.052699
147.259 2.49067 0.053377
148.215 2.54199 0.0540606
149.176 2.5943 0.0547499
150.144 2.64762 0.0554448
151.118 2.70197 0.0561455
152.098 2.75735 0.0568519
153.085 2.8138 0.0575641
154.078 2.87133 0.058282
155.078 2.92994 0.0590058
156.084 2.98967 0.0597354
157.096 3.05053 0.0604708
158.115 3.11254 0.0612122
159.141 3.17571 0.0619594
160.173 3.24007 0.0627125
161.213 3.30562 0.0634715
162.258 3.37241 0.0642365
163.311 3.44043 0.0650074
164.37 3.50971 0.0657843
165.437 3.58028 0.0665671
166.51 3.65214 0.0673559
167.59 3.72533 0.0681508
168.678 3.79986 0.0689516
169.772 3.87575 0.0697584
170.873 3.95303 0.0705712
171.982 4.03172 0.07139
173.097 4.11183 0.0722148
174.22 4.19339 0.0730456
175.351 4.27642 0.0738824
176.488 4.36094 0.0747252
177.633 4.44698 0.075574
178.785 4.53457 0.0764288
179.945 4.62371 0.0772895
181.113 4.71444 0.0781561
182.288 4.80678 0.0790287
183.47 4.90076 0.0799072
184.66 4.99639 0.0807915
185.858 5.09371 0.0816818
187.064 5.19274 0.0825778
188.278 5.2935 0.0834796
189.499 5.39602 0.0843873
190.728 5.50032 0.0853006
191.966 5.60643 0.0862196
193.211 5.71438 0.0871443
194.464 5.82419 0.0880746
195.726 5.93589 0.0890104
196.996 6.04951 0.0899518
198.274 6.16507 0.0908985
199.56 6.28261 0.0918507
200.855 6.40214 0.0928082
202.158 6.5237 0.0937709
203.469 6.64731 0.0947388
204.789 6.773 0.0957118
206.118 6.90081 0.0966899
207.455 7.03076 0.0976729
208.801 7.16287 0.0986607
210.155 7.29719 0.0996533
211.519 7.43373 0.100651
212.891 7.57253 0.101652
214.272 7.71362 0.102659
215.662 7.85702 0.103669
217.061 8.00277 0.104684
218.469 8.1509 0.105703
219.886 8.30144 0.106726
221.313 8.45441 0.107753
222.749 8.60985 0.108783
224.194 8.7678 0.109817
225.648 8.92827 0.110855
227.112 9.09131 0.111895
228.585 9.25694 0.112939
230.068 9.4252 0.113986
231.561 9.59611 0.115035
233.063 9.7697 0.116087
234.575 9.94602 0.117141
236.097 10.1251 0.118197
237.628 10.3069 0.119256
239.17 10.4916 0.120316
240.722 10.6791 0.121378
242.283 10.8695 0.12244
243.855 11.0628 0.123504
245.437 11.259 0.124569
247.029 11.4582 0.125635
248.632 11.6604 0.1267
250.245 11.8656 0.127766
251.868 12.0739 0.128831
253.502 12.2852 0.129896
255.147 12.4997 0.130961
256.802 12.7174 0.132024
258.468 12.9382 0.133085
260.145 13.1623 0.134145
261.832 13.3895 0.135203
263.531 13.6201 0.136258
265.24 13.8539 0.137311
266.961 14.0911 0.13836
268.693 14.3317 0.139406
270.436 14.5756 0.140448
272.191 14.8229 0.141486
273.956 15.0736 0.14252
275.734 15.3278 0.143548
277.522 15.5855 0.144571
279.323 15.8467 0.145587
281.135 16.1114 0.146598
282.959 16.3797 0.147602
284.794 16.6516 0.148598
286.642 16.927 0.149587
288.501 17.2061 0.150567
290.373 17.4888 0.151539
292.257 17.7752 0.152502
294.153 18.0653 0.153455
296.061 18.359 0.154398
297.982 18.6564 0.15533
299.915 18.9576 0.156251
301.86 19.2625 0.15716
303.819 19.5711 0.158056
305.79 19.8835 0.15894
307.773 20.1997 0.15981
309.77 20.5196 0.160665
311.78 20.8433 0.161506
313.802 21.1708 0.162332
315.838 21.5021 0.163141
317.887 21.8372 0.163934
319.949 22.1761 0.16471
322.025 22.5187 0.165468
324.114 22.8652 0.166207
326.217 23.2154 0.166927
328.333 23.5694 0.167626
330.463 23.9272 0.168306
332.607 24.2887 0.168963
334.764 24.654 0.169599
336.936 25.023 0.170212
339.122 25.3957 0.170802
341.322 25.7721 0.171367
343.536 26.1521 0.171907
345.765 26.5358 0.172422
348.008 26.9231 0.17291
350.266 27.314 0.173372
352.538 27.7084 0.173805
354.825 28.1064 0.174209
357.127 28.5078 0.174584
359.444 28.9127 0.174929
361.776 29.321 0.175243
364.123 29.7326 0.175525
366.485 30.1475 0.175775
368.862 30.5657 0.175992
371.255 30.9871 0.176175
373.664 31.4115 0.176322
376.088 31.8391 0.176435
378.528 32.2697 0.176511
380.983 32.7032 0.17655
383.455 33.1395 0.176552
385.942 33.5787 0.176515
388.446 34.0205 0.176439
390.966 34.465 0.176323
393.502 34.912 0.176166
396.055 35.3615 0.175968
398.625 35.8133 0.175729
401.211 36.2674 0.175446
403.813 36.7236 0.175121
406.433 37.1819 0.174752
409.07 37.6421 0.174338
411.724 38.1041 0.173879
414.395 38.5679 0.173374
417.083 39.0332 0.172824
419.789 39.5 0.172226
422.512 39.9682 0.171582
425.253 40.4375 0.170889
428.012 40.908 0.170149
430.788 41.3793 0.16936
433.583 41.8515 0.168522
436.396 42.3242 0.167635
439.227 42.7975 0.166698
442.076 43.2711 0.165711
444.944 43.7448 0.164674
447.831 44.2186 0.163587
450.736 44.6922 0.162449
453.66 45.1655 0.161261
456.603 45.6382 0.160022
459.565 46.1103 0.158731
462.547 46.5816 0.157391
465.547 47.0518 0.155999
468.567 47.5207 0.154557
471.607 47.9883 0.153064
474.667 48.4542 0.151521
477.746 48.9184 0.149928
480.845 49.3805 0.148285
483.965 49.8404 0.146593
487.104 50.2979 0.144851
490.264 50.7528 0.143061
493.445 51.2049 0.141223
496.646 51.654 0.139338
499.868 52.0998 0.137406
503.111 52.5422 0.135427
506.375 52.9809 0.133404
509.66 53.4157 0.131336
512.966 53.8465 0.129224
516.294 54.2729 0.127069
519.643 54.6948 0.124873
523.014 55.112 0.122636
526.407 55.5243 0.120359
529.822 55.9313 0.118045
533.26 56.333 0.115693
536.719 56.7291 0.113305
540.201 57.1194 0.110883
543.705 57.5037 0.108428
547.233 57.8818 0.105942
550.783 58.2534 0.103425
554.356 58.6184 0.10088
557.952 58.9766 0.098309
561.572 59.3277 0.0957125
565.215 59.6717 0.0930928
568.882 60.0082 0.0904517
572.572 60.3371 0.087791
576.287 60.6582 0.0851126
580.025 60.9714 0.0824186
583.788 61.2764 0.0797107
587.575 61.5731 0.0769912
591.387 61.8614 0.074262
595.224 62.1411 0.0715253
599.085 62.412 0.0687831
602.971 62.674 0.0660376
606.883 62.9269 0.0632909
610.82 63.1707 0.0605453
614.783 63.4052 0.057803
618.771 63.6302 0.0550661
622.785 63.8458 0.052337
626.826 64.0518 0.0496178
630.892 64.248 0.0469107
634.985 64.4345 0.044218
639.104 64.6112 0.0415419
643.25 64.7779 0.0388846
647.423 64.9346 0.0362482
651.623 65.0814 0.0336351
655.851 65.2181 0.0310472
660.105 65.3448 0.0284868
664.388 65.4613 0.0259559
668.698 65.5678 0.0234565
673.036 65.6642 0.0209907
677.402 65.7506 0.0185604
681.797 65.8269 0.0161675
686.22 65.8932 0.013814
690.671 65.9495 0.0115015
695.152 65.996 0.00923196
699.662 66.0326 0.0070069
704.201 66.0595 0.004828
708.769 66.0767 0.00269681
713.367 66.0843 0.000614812
717.995 66.0857 0
722.653 66.0857 0
727.341 66.0857 0
732.06 66.0857 0
736.809 66.0857 0
741.589 66.0857 0
746.4 66.0857 0
751.242 66.0857 0
756.115 66.0857 0
761.021 66.0857 0
765.958 66.0857 0
770.927 66.0857 0
775.928 66.0857 0
780.962 66.0857 0
786.028 66.0857 0
791.127 66.0857 0
796.26 66.0857 0
801.425 66.0857 0
806.624 66.0857 0
811.857 66.0857 0
817.124 66.0857 0
822.425 66.0857 0
827.76 66.0857 0
833.13 66.0857 0
838.535 66.0857 0
843.975 66.0857 0
849.45 66.0857 0
854.961 66.0857 0
860.507 66.0857 0
866.09 66.0857 0
871.708 66.0857 0
877.363 66.0857 0
883.055 66.0857 0
888.784 66.0857 0
894.55 66.0857 0
900.353 66.0857 0
906.194 66.0857 0
912.073 66.0857 0
917.99 66.0857 0
923.945 66.0857 0
929.939 66.0857 0
935.972 66.0857 0
942.044 66.0857 0
948.155 66.0857 0
954.306 66.0857 0
960.497 66.0857 0
966.728 66.0857 0
973 66.0857 0
979.312 66.0857 0
985.665 66.0857 0
992.059 66.0857 0
998.495 66.0857 0
1004.97 66.0857 0
1011.49 66.0857 0
1018.05 66.0857 0
1024.66 66.0857 0
1031.31 66.0857 0
1038 66.0857 0
1044.73 66.0857 0
1051.51 66.0857 0
1058.33 66.0857 0
1065.2 66.0857 0
1072.11 66.0857 0
1079.06 66.0857 0
1086.06 66.0857 0
1093.11 66.0857 0
1100.2 66.0857 0
1107.34 66.0857 0
1114.52 66.0857 0
1121.75 66.0857 0
1129.03 66.0916 0.00162095
1136.35 66.1119 0.00392443
1143.72 66.1497 0.00632342
1151.14 66.2059 0.00882138
1158.61 66.2814 0.0114219
1166.13 66.3775 0.0141288
1173.69 66.495 0.0169459
1181.31 66.6352 0.0198773
1188.97 66.7992 0.0229271
1196.68 66.9883 0.0260997
1204.45 67.2037 0.0293995
1212.26 67.4468 0.032831
1220.12 67.7191 0.0363989
1228.04 68.0219 0.0401081
1236.01 68.3567 0.0439634
1244.02 68.7253 0.0479698
1252.09 69.1293 0.0521324
1260.22 69.5703 0.0564563
1268.39 70.0502 0.0609467
1276.62 70.5709 0.0656088
1284.9 71.1343 0.070448
1293.24 71.7424 0.0754694
1301.63 72.3975 0.0806783
1310.07 73.1015 0.0860798
1318.57 73.8569 0.0916791
1327.13 74.6659 0.0974812
1335.74 75.5311 0.103491
1344.4 76.4548 0.109713
1353.12 77.4398 0.116152
1361.9 78.4886 0.122812
1370.74 79.6041 0.129697
1379.63 80.789 0.136811
1388.58 82.0464 0.144156
1397.59 83.3791 0.151737
1406.65 84.7903 0.159554
1415.78 86.2831 0.167611
1424.96 87.8606 0.175907
1434.21 89.5262 0.184445
1443.51 91.2831 0.193223
1452.88 93.1348 0.202241
1462.3 95.0846 0.211497
1471.79 97.136 0.220989
1481.34 99.2924 0.230714
1490.95 101.557 0.240666
1500.62 103.934 0.250842
1510.35 106.427 0.261235
1520.15 109.039 0.271837
1530.01 111.773 0.28264
1539.94 114.633 0.293635
1549.93 117.622 0.304811
1559.98 120.744 0.316157
1570.1 124.002 0.32766
1580.29 127.398 0.339307
1590.54 130.937 0.351083
1600.86 134.621 0.362973
1611.25 138.453 0.37496
1621.7 142.435 0.387028
1632.22 146.571 0.399158
1642.81 150.862 0.411331
1653.47 155.311 0.42353
1664.19 159.919 0.435734
1674.99 164.689 0.447925
1685.85 169.623 0.460081
1696.79 174.721 0.472184
1707.8 179.985 0.484213
1718.88 185.415 0.496149
1730.03 191.014 0.507973
1741.25 196.781 0.519666
1752.55 202.716 0.531211
1763.92 208.82 0.542589
1775.36 215.093 0.553784
1786.88 221.535 0.564781
1798.47 228.144 0.575565
1810.14 234.921 0.586122
1821.88 241.864 0.59644
1833.7 248.973 0.606508
1845.6 256.247 0.616316
1857.57 263.683 0.625856
1869.62 271.281 0.635119
1881.75 279.038 0.6441
1893.96 286.954 0.652793
1906.24 295.027 0.661196
1918.61 303.254 0.669306
1931.06 311.633 0.677121
1943.58 320.163 0.684641
1956.19 328.841 0.691867
1968.88 337.665 0.698801
1981.66 346.633 0.705446
1994.51 355.743 0.711804
2007.45 364.992 0.717881
2020.47 374.379 0.723682
2033.58 383.901 0.729211
2046.77 393.556 0.734476
2060.05 403.341 0.739483
2073.42 413.256 0.744239
2086.87 423.297 0.748752
2100.41 433.463 0.753029
2114.03 443.751 0.757078
2127.75 454.16 0.760908
2141.55 464.688 0.764525
2155.44 475.334 0.76794
2169.43 486.094 0.771159
2183.5 496.969 0.774191
2197.66 507.956 0.777045
2211.92 519.053 0.779728
2226.27 530.26 0.782249
2240.71 541.575 0.784614
2255.25 552.996 0.786832
2269.88 564.523 0.78891
2284.61 576.155 0.790856
2299.43 587.889 0.792675
2314.34 599.727 0.794376
2329.36 611.665 0.795964
2344.47 623.705 0.797447
2359.68 635.844 0.798829
2374.99 648.082 0.800117
2390.39 660.419 0.801316
2405.9 672.854 0.802431
2421.51 685.386 0.803468
2437.22 698.016 0.804432
2453.03 710.742 0.805327
2468.94 723.564 0.806157
2484.96 736.482 0.806927
2501.08 749.497 0.80764
2517.31 762.606 0.8083
2533.64 775.811 0.808911
2550.07 789.112 0.809476
2566.62 802.507 0.809997
2583.27 815.998 0.810479
2600.03 829.584 0.810924
2616.89 843.266 0.811334
2633.87 857.043 0.811713
2650.96 870.916 0.812061
2668.15 884.884 0.812381
2685.46 898.948 0.812676
2702.89 913.109 0.812947
2720.42 927.365 0.813196
2738.07 941.719 0.813425
2755.83 956.17 0.813634
2773.71 970.717 0.813826
2791.7 985.363 0.814003
2809.81 1000.11 0.814164
2828.04 1014.95 0.814312
2846.39 1029.89 0.814447
2864.85 1044.93 0.81457
2883.44 1060.07 0.814683
2902.15 1075.31 0.814785
2920.97 1090.65 0.814879
2939.92 1106.09 0.814965
2958.99 1121.64 0.815043
2978.19 1137.28 0.815114
2997.51 1153.03 0.815178
3016.96 1168.89 0.815237
3036.53 1184.84 0.81529
3056.23 1200.9 0.815338
3076.05 1217.07 0.815382
3096.01 1233.34 0.815422
3116.1 1249.72 0.815458
3136.31 1266.2 0.815491
3156.66 1282.8 0.81552
3177.14 1299.5 0.815547
3197.75 1316.31 0.815571
3218.49 1333.23 0.815593
3239.37 1350.26 0.815612
3260.39 1367.4 0.81563
3281.54 1384.65 0.815646
3302.83 1402.01 0.81566
3324.25 1419.49 0.815673
3345.82 1437.08 0.815685
3367.52 1454.78 0.815695
3389.37 1472.6 0.815705
3411.36 1490.54 0.815713
3433.49 1508.59 0.815721
3455.76 1526.76 0.815727
3478.18 1545.05 0.815733
3500.75 1563.46 0.815739
3523.46 1581.98 0.815744
3546.31 1600.63 0.815748
3569.32 1619.4 0.815752
3592.48 1638.28 0.815755
3615.78 1657.3 0.815758
3639.24 1676.43 0.815761
3662.85 1695.69 0.815763
3686.61 1715.08 0.815766
3710.53 1734.59 0.815768
3734.6 1754.22 0.815769
3758.82 1773.99 0.815771
3783.21 1793.88 0.815772
3807.75 1813.9 0.815773
3832.45 1834.05 0.815774
3857.32 1854.33 0.815775
3882.34 1874.75 0.815776
3907.53 1895.29 0.815777
3932.88 1915.97 0.815777
3958.39 1936.79 0.815778
3984.07 1957.74 0.815778
4009.92 1978.82 0.815779
4035.93 2000.04 0.815779
4062.11 2021.4 0.815779
4088.47 2042.9 0.81578
4114.99 2064.54 0.81578
4141.68 2086.31 0.81578
4168.55 2108.23 0.81578
4195.6 2130.29 0.815781
4222.81 2152.5 0.815781
4250.21 2174.85 0.815781
4277.78 2197.34 0.815781
4305.53 2219.98 0.815781
4333.46 2242.76 0.815781
4361.58 2265.7 0.815781
4389.87 2288.78 0.815781
4418.35 2312.01 0.815781
4447.01 2335.4 0.815781
4475.86 2358.93 0.815781
4504.9 2382.62 0.815782
4534.12 2406.46 0.815782
4563.54 2430.46 0.815782
4593.14 2454.61 0.815782
4622.94 2478.92 0.815782
4652.93 2503.38 0.815782
4683.12 2528.01 0.815782
4713.5 2552.79 0.815782
4744.08 2577.73 0.815782
4774.85 2602.84 0.815782
4805.83 2628.11 0.815782
4837.01 2653.55 0.815782
4868.39 2679.14 0.815782
4899.97 2704.91 0.815782
4931.76 2730.84 0.815782
4963.75 2756.94 0.815782
4995.95 2783.21 0.815782
5028.36 2809.65 0.815782
5060.98 2836.26 0.815782
5093.82 2863.05 0.815782
5126.86 2890 0.815782
5160.12 2917.14 0.815782
5193.6 2944.45 0.815782
5227.29 2971.93 0.815782
5261.2 2999.6 0.815782
5295.33 3027.44 0.815782
5329.68 3055.46 0.815782
5364.26 3083.67 0.815782
5399.06 3112.06 0.815782
5434.09 3140.63 0.815782
5469.34 3169.39 0.815782
5504.82 3198.34 0.815782
5540.53 3227.47 0.815782
5576.48 3256.79 0.815782
5612.65 3286.3 0.815782
5649.06 3316.01 0.815782
5685.71 3345.9 0.815782
5722.6 3375.99 0.815782
5759.72 3406.28 0.815782
5797.09 3436.76 0.815782
5834.69 3467.44 0.815782
5872.55 3498.32 0.815782
5910.64 3529.4 0.815782
5948.99 3560.68 0.815782
5987.58 3592.16 0.815782
6026.42 3623.85 0.815782
6065.52 3655.74 0.815782
6104.87 3687.84 0.815782
6144.47 3720.15 0.815782
6184.33 3752.67 0.815782
6224.45 3785.4 0.815782
6264.83 3818.34 0.815782
6305.48 3851.5 0.815782
6346.38 3884.87 0.815782
6387.55 3918.45 0.815782
6428.99 3952.26 0.815782
6470.7 3986.28 0.815782
6512.68 4020.53 0.815782
6554.93 4054.99 0.815782
6597.45 4089.68 0.815782
6640.25 4124.6 0.815782
6683.33 4159.74 0.815782
6726.69 4195.11 0.815782
6770.32 4230.71 0.815782
6814.25 4266.54 0.815782
6858.45 4302.6 0.815782
6902.95 4338.9 0.815782
6947.73 4375.43 0.815782
6992.8 4412.2 0.815782
7038.16 4449.21 0.815782
7083.82 4486.46 0.815782
7129.78 4523.95 0.815782
7176.03 4561.68 0.815782
7222.59 4599.66 0.815782
7269.44 4637.88 0.815782
7316.6 4676.35 0.815782
7364.07 4715.07 0.815782
7411.84 4754.05 0.815782
7459.92 4793.27 0.815782
7508.32 4832.75 0.815782
7557.03 4872.49 0.815782
7606.05 4912.48 0.815782
7655.39 4952.73 0.815782
7705.06 4993.25 0.815782
7755.04 5034.03 0.815782
7805.35 5075.07 0.815782
7855.99 5116.38 0.815782
7906.95 5157.95 0.815782
7958.25 5199.8 0.815782
8009.88 5241.92 0.815782
8061.84 5284.31 0.815782
8114.14 5326.97 0.815782
8166.78 5369.91 0.815782
8219.76 5413.13 0.815782
8273.08 5456.64 0.815782
8326.76 5500.42 0.815782
8380.77 5544.49 0.815782
8435.14 5588.84 0.815782
8489.86 5633.48 0.815782
8544.94 5678.41 0.815782
8600.38 5723.63 0.815782
8656.17 5769.15 0.815782
8712.32 5814.96 0.815782
8768.84 5861.07 0.815782
8825.73 5907.47 0.815782
8882.99 5954.18 0.815782
8940.61 6001.19 0.815782
8998.61 6048.51 0.815782
9056.99 6096.13 0.815782
9115.75 6144.06 0.815782
9174.89 6192.31 0.815782
9234.41 6240.86 0.815782
9294.31 6289.73 0.815782
9354.61 6338.92 0.815782
9415.29 6388.43 0.815782
9476.38 6438.26 0.815782
9537.85 6488.41 0.815782
9599.73 6538.89 0.815782
9662 6589.69 0.815782
9724.68 6640.82 0.815782
9787.77 6692.29 0.815782
9851.27 6744.09 0.815782
9915.18 6796.22 0.815782
9979.5 6848.7 0.815782
10044.2 6901.51 0.815782
10109.4 6954.67 0.815782
10175 7008.17 0.815782
10241 7062.02 0.815782
10307.4 7116.22 0.815782
10374.3 7170.77 0.815782
10441.6 7225.67 0.815782
10509.3 7280.93 0.815782
10577.5 7336.55 0.815782
10646.1 7392.53 0.815782
10715.2 7448.87 0.815782
10784.7 7505.58 0.815782
10854.7 7562.65 0.815782
10925.1 7620.1 0.815782
10996 7677.92 0.815782
11067.3 7736.11 0.815782
11139.1 7794.68 0.815782
11211.4 7853.63 0.815782
11284.1 7912.97 0.815782
11357.3 7972.69 0.815782
11431 8032.79 0.815782
11505.1 8093.29 0.815782
11579.8 8154.18 0.815782
11654.9 8215.46 0.815782
11730.5 8277.14 0.815782
11806.6 8339.22 0.815782
11883.2 8401.7 0.815782
11960.3 8464.59 0.815782
12037.9 8527.89 0.815782
12116 8591.6 0.815782
12194.6 8655.72 0.815782
12273.7 8720.26 0.815782
12353.3 8785.21 0.815782
12433.5 8850.59 0.815782
12514.1 8916.39 0.815782
12595.3 8982.62 0.815782
12677 9049.28 0.815782
12759.2 9116.37 0.815782
12842 9183.89 0.815782
12925.3 9251.85 0.815782
13009.2 9320.26 0.815782
13093.6 9389.11 0.815782
13178.5 9458.4 0.815782
13264 9528.15 0.815782
13350.1 9598.34 0.815782
13436.7 9668.99 0.815782
13523.8 9740.1 0.815782
13611.6 9811.68 0.815782
13699.9 9883.71 0.815782
13788.8 9956.22 0.815782
13878.2 10029.2 0.815782
13968.2 10102.6 0.815782
14058.9 10176.6 0.815782
14150.1 10251 0.815782
14241.9 10325.8 0.815782
14334.2 10401.2 0.815782
14427.2 10477.1 0.815782
14520.8 10553.4 0.815782
14615 10630.3 0.815782
14709.8 10707.6 0.815782
14805.3 10785.5 0.815782
14901.3 10863.8 0.815782
14998 10942.7 0.815782
15095.3 11022.1 0.815782
15193.2 11102 0.815782
15291.8 11182.4 0.815782
15391 11263.3 0.815782
15490.8 11344.7 0.815782
15591.3 11426.7 0.815782
15692.5 11509.2 0.815782
15794.3 11592.3 0.815782
15896.7 11675.9 0.815782
15999.9 11760 0.815782
16103.7 11844.7 0.815782
16208.1 11929.9 0.815782
16313.3 12015.7 0.815782
16419.1 12102 0.815782
16525.6 12188.9 0.815782
16632.8 12276.4 0.815782
16740.7 12364.4 0.815782
16849.3 12453 0.815782
16958.7 12542.2 0.815782
17068.7 12631.9 0.815782
17179.4 12722.2 0.815782
17290.8 12813.2 0.815782
17403 12904.7 0.815782
17515.9 12996.8 0.815782
17629.6 13089.5 0.815782
17743.9 13182.8 0.815782
17859 13276.7 0.815782
17974.9 13371.2 0.815782
18091.5 13466.3 0.815782
18208.9 13562.1 0.815782
18327 13658.4 0.815782
18445.9 13755.4 0.815782
18565.5 13853 0.815782
18686 13951.3 0.815782
18807.2 14050.2 0.815782
18929.2 14149.7 0.815782
19052 14249.9 0.815782
19175.6 14350.7 0.815782
19300 14452.2 0.815782
19425.2 14554.3 0.815782
19551.2 14657.2 0.815782
19678.1 14760.6 0.815782
19805.7 14864.8 0.815782
19934.2 14969.6 0.815782
20063.5 15075.1 0.815782
20193.7 15181.3 0.815782
20324.7 15288.1 0.815782
20456.6 15395.7 0.815782
20589.3 15504 0.815782
20722.8 15612.9 0.815782
20857.3 15722.6 0.815782
20992.6 15833 0.815782
21128.8 15944.1 0.815782
21265.8 16055.9 0.815782
21403.8 16168.4 0.815782
21542.7 16281.7 0.815782
21682.4 16395.7 0.815782
21823.1 16510.5 0.815782
21964.6 16626 0.815782
22107.1 16742.2 0.815782
22250.6 16859.2 0.815782
22394.9 16977 0.815782
22540.2 17095.5 0.815782
22686.4 17214.8 0.815782
22833.6 17334.8 0.815782
22981.7 17455.7 0.815782
23130.8 17577.3 0.815782
23280.9 17699.7 0.815782
23431.9 17822.9 0.815782
23583.9 17946.9 0.815782
23736.9 18071.7 0.815782
23890.9 18197.4 0.815782
24045.9 18323.8 0.815782
24201.9 18451.1 0.815782
24358.9 18579.1 0.815782
24516.9 18708 0.815782
24676 18837.8 0.815782
24836 18968.4 0.815782
24997.2 19099.8 0.815782
25159.3 19232.1 0.815782
25322.5 19365.3 0.815782
25486.8 19499.3 0.815782
25652.2 19634.2 0.815782
25818.6 19769.9 0.815782
25986.1 19906.6 0.815782
26154.7 20044.1 0.815782
26324.3 20182.5 0.815782
26495.1 20321.8 0.815782
26667 20462 0.815782
26840 20603.2 0.815782
27014.1 20745.2 0.815782
27189.4 20888.2 0.815782
27365.7 21032.1 0.815782
27543.3 21176.9 0.815782
27722 21322.7 0.815782
27901.8 21469.4 0.815782
28082.8 21617 0.815782
28265 21765.7 0.815782
28448.4 21915.2 0.815782
28632.9 22065.8 0.815782
28818.7 22217.3 0.815782
29005.6 22369.9 0.815782
29193.8 22523.4 0.815782
29383.2 22677.9 0.815782
29573.8 22833.4 0.815782
29765.7 22989.9 0.815782
29958.8 23147.4 0.815782
30153.1 23306 0.815782
30348.7 23465.5 0.815782
30545.6 23626.1 0.815782
30743.8 23787.8 0.815782
30943.2 23950.5 0.815782
31143.9 24114.3 0.815782
31346 24279.1 0.815782
31549.3 24445 0.815782
31754 24611.9 0.815782
31960 24780 0.815782
32167.3 24949.1 0.815782
32376 25119.4 0.815782
32586.1 25290.7 0.815782
32797.5 25463.2 0.815782
33010.2 25636.7 0.815782
33224.4 25811.4 0.815782
33439.9 25987.3 0.815782
33656.9 26164.2 0.815782
33875.2 26342.4 0.815782
34095 26521.6 0.815782
34316.1 26702.1 0.815782
34538.8 26883.7 0.815782
34762.8 27066.5 0.815782
34988.3 27250.5 0.815782
35215.3 27435.6 0.815782
35443.8 27622 0.815782
35673.7 27809.6 0.815782
35905.1 27998.4 0.815782
36138.1 28188.4 0.815782
36372.5 28379.6 0.815782
36608.5 28572.1 0.815782
36846 28765.9 0.815782
37085 28960.9 0.815782
37325.6 29157.1 0.815782
37567.7 29354.7 0.815782
37811.4 29553.5 0.815782
38056.7 29753.6 0.815782
38303.6 29955 0.815782
38552.1 30157.7 0.815782
38802.2 30361.7 0.815782
39053.9 30567.1 0.815782
39307.3 30773.8 0.815782
39562.3 30981.8 0.815782
39819 31191.2 0.815782
40077.3 31401.9 0.815782
40337.3 31614 0.815782
40599 31827.5 0.815782
40862.3 32042.4 0.815782
41127.4 32258.6 0.815782
41394.2 32476.3 0.815782
41662.8 32695.3 0.815782
41933.1 32915.8 0.815782
42205.1 33137.7 0.815782
42478.9 33361.1 0.815782
42754.5 33585.9 0.815782
43031.8 33812.2 0.815782
43311 34039.9 0.815782
43592 34269.1 0.815782
43874.8 34499.8 0.815782
44159.4 34732 0.815782
44445.9 34965.7 0.815782
44734.2 35200.9 0.815782
45024.4 35437.7 0.815782
45316.5 35676 0.815782
45610.5 35915.8 0.815782
45906.4 36157.2 0.815782
46204.2 36400.1 0.815782
46503.9 36644.7 0.815782
46805.6 36890.8 0.815782
47109.3 37138.5 0.815782
47414.9 37387.8 0.815782
47722.5 37638.7 0.815782
48032.1 37891.3 0.815782
48343.7 38145.5 0.815782
48657.3 38401.3 0.815782
48972.9 38658.8 0.815782
49290.7 38918 0.815782
49610.4 39178.9 0.815782
49932.3 39441.4 0.815782
50256.2 39705.7 0.815782
50582.2 39971.7 0.815782
50910.4 40239.3 0.815782
51240.6 40508.8 0.815782
51573.1 40780 0.815782
51907.6 41052.9 0.815782
52244.4 41327.6 0.815782
52583.3 41604.1 0.815782
52924.4 41882.4 0.815782
53267.8 42162.5 0.815782
53613.3 42444.4 0.815782
53961.1 42728.1 0.815782
54311.2 43013.7 0.815782
54663.5 43301.1 0.815782
55018.2 43590.4 0.815782
55375.1 43881.6 0.815782
55734.3 44174.6 0.815782
56095.9 44469.6 0.815782
