5.78741e-09 5.95396e-15 4.29514e-06
5.8738e-08 3.33166e-13 8.58285e-06
5.86595e-07 1.45059e-11 3.56977e-05
4.6076e-06 3.38009e-10 8.97843e-05
5.86875e-06 4.61297e-10 0.000114002
2.3369e-05 3.31505e-09 0.000192532
7.39119e-05 1.62978e-08 0.000292274
0.000147358 4.17301e-08 0.000330144
0.000152693 4.34471e-08 0.000292479
0.000165528 4.67976e-08 0.000304172
0.000294481 1.01986e-07 0.000463041
0.000466785 1.89679e-07 0.00054542
0.000739961 3.52227e-07 0.00041641
0.000792747 3.70702e-07 0.000446592
0.000859333 4.13069e-07 0.00055442
0.000931697 4.48502e-07 0.00055104
0.00117285 6.10601e-07 0.000697128
0.00147667 8.31244e-07 0.000750516
0.0017323 1.02935e-06 0.000535855
0.00185963 1.08409e-06 0.000525282
0.00294795 2.00733e-06 0.000908255
0.00467391 3.71532e-06 0.00105104
0.00633042 5.56999e-06 0.00091467
0.0070765 6.16755e-06 0.00093479
0.00933155 8.92099e-06 0.00127133
0.0117504 1.21316e-05 0.00137956
0.0154948 1.7543e-05 0.00122736
0.0177925 2.00421e-05 0.00125466
0.0234638 2.89812e-05 0.00164107
0.0295474 3.94039e-05 0.00177172
0.0354913 5.03041e-05 0.00128079
0.0389653 5.38549e-05 0.00125817
0.0549487 8.51279e-05 0.00191362
0.0590129 9.27925e-05 0.00199187
0.0713035 0.000119369 0.00114686
0.0787306 0.000125461 0.00110854
0.10265 0.000178607 0.00176378
0.112568 0.000193736 0.00180901
0.132297 0.000240204 0.00240921
0.146764 0.000275794 0.00181491
0.15911 0.000293738 0.00177613
0.191354 0.000375514 0.00260957
0.227502 0.000472769 0.000973271
0.245257 0.000484229 0.000805937
0.256566 0.000495831 0.00103354
0.268397 0.000508152 0.00104919
0.280773 0.000521236 0.00106507
0.293719 0.00053513 0.0010812
0.307263 0.000549885 0.00109757
0.321432 0.000565555 0.00111419
0.336253 0.000582195 0.00113106
0.351758 0.000599866 0.00114818
0.367978 0.000618631 0.00116556
0.384946 0.000638559 0.00118321
0.402697 0.000659722 0.00120112
0.421266 0.000682195 0.00121931
0.440691 0.000706061 0.00123777
0.461012 0.000731406 0.00125651
0.48227 0.00075832 0.00127553
0.504508 0.000786902 0.00129484
0.527771 0.000817254 0.00131445
0.552107 0.000849487 0.00133435
0.577566 0.000883717 0.00135455
0.604198 0.000920067 0.00137506
0.632059 0.000958668 0.00139588
0.661204 0.000999662 0.00141701
0.691693 0.00104319 0.00143847
0.723588 0.00108942 0.00146024
0.756953 0.00113852 0.00148235
0.791857 0.00119065 0.00150479
0.828371 0.00124602 0.00152758
0.866568 0.00130481 0.00155071
0.906527 0.00136725 0.00157418
0.948328 0.00143355 0.00159802
0.992057 0.00150396 0.00162221
1.0378 0.00157874 0.00164677
1.08566 0.00165815 0.0016717
1.13572 0.00174247 0.00169701
1.18809 0.00183202 0.00172271
1.24287 0.00192712 0.00174879
1.30018 0.00202811 0.00177526
1.36014 0.00213535 0.00180214
1.42285 0.00224924 0.00182943
1.48846 0.00237018 0.00185712
1.5571 0.00249862 0.00188524
1.6289 0.00263501 0.00191378
1.70401 0.00277985 0.00194276
1.78258 0.00293367 0.00197217
1.86478 0.00309701 0.00200203
1.95077 0.00327047 0.00203234
2.04072 0.00345468 0.00206311
2.13482 0.0036503 0.00209435
2.23326 0.00385804 0.00212606
2.33624 0.00407865 0.00215824
2.44396 0.00431292 0.00219092
2.55666 0.00456171 0.00222409
2.67455 0.00482591 0.00225776
2.79788 0.00510648 0.00229195
2.92689 0.00540443 0.00232665
3.06185 0.00572083 0.00236187
3.20304 0.00605684 0.00239763
3.35074 0.00641366 0.00243393
3.50524 0.00679259 0.00247078
3.66688 0.00719499 0.00250819
3.83596 0.00762232 0.00254616
4.01284 0.00807613 0.00258471
4.19788 0.00855804 0.00262385
4.39145 0.00906982 0.00266357
4.59395 0.00961329 0.0027039
4.80578 0.0101904 0.00274483
5.02738 0.0108033 0.00278639
5.2592 0.0114542 0.00282858
5.50171 0.0121454 0.0028714
5.7554 0.0128794 0.00291488
6.02079 0.0136589 0.00295901
6.29841 0.0144866 0.00300381
6.58884 0.0153657 0.00304928
6.89266 0.0162992 0.00309545
7.21049 0.0172905 0.00314232
7.54298 0.0183433 0.00318989
7.8908 0.0194612 0.00323819
8.25465 0.0206484 0.00328721
8.63529 0.0219092 0.00333698
9.03347 0.0232481 0.0033875
9.45002 0.0246699 0.00343879
9.88577 0.0261798 0.00349085
10.3416 0.0277832 0.00354371
10.8185 0.029486 0.00359736
11.3173 0.0312942 0.00365182
11.8392 0.0332145 0.00370711
12.3851 0.0352537 0.00376324
12.9562 0.0374193 0.00382021
13.5536 0.039719 0.00387805
14.1786 0.0421611 0.00393677
14.8324 0.0447546 0.00399637
15.5164 0.0475087 0.00405687
16.2318 0.0504335 0.00411829
16.9803 0.0535394 0.00418065
17.7633 0.0568378 0.00424394
18.5824 0.0603405 0.0043082
19.4392 0.0640601 0.00437342
20.3356 0.0680102 0.00443964
21.2733 0.072205 0.00450685
22.2543 0.0766597 0.00457509
23.2804 0.0813904 0.00464435
24.3539 0.0864141 0.00471467
25.4769 0.091749 0.00478605
26.6517 0.0974144 0.00485851
27.8806 0.103431 0.00493207
29.1662 0.10982 0.00500674
30.5111 0.116605 0.00508254
31.9181 0.12381 0.00515949
33.3898 0.131462 0.00523761
34.9295 0.139587 0.00531691
36.5401 0.148216 0.0053974
38.225 0.15738 0.00547912
39.9877 0.167111 0.00556208
41.8315 0.177445 0.00564629
43.7605 0.188419 0.00573177
45.7783 0.200073 0.00581855
47.8892 0.212449 0.00590664
50.0974 0.225592 0.00599607
52.4075 0.239549 0.00608685
54.8241 0.254371 0.00617901
57.3521 0.27011 0.00627256
59.9967 0.286825 0.00636752
62.7632 0.304575 0.00646393
65.6573 0.323425 0.00656179
68.6849 0.343443 0.00666114
71.852 0.364701 0.00676199
75.1652 0.387275 0.00686552
75.1652 0.387275 0.00686451
75.6528 0.390738 0.00733658
76.1436 0.394455 0.00781095
76.6376 0.398431 0.00828762
77.1348 0.40267 0.00876661
77.6352 0.407178 0.00924791
78.1388 0.411957 0.00973152
78.6457 0.417013 0.0102175
79.1559 0.422351 0.0107057
79.6694 0.427974 0.0111963
80.1863 0.433888 0.0116892
80.7065 0.440098 0.0121844
81.23 0.446608 0.012682
81.757 0.453422 0.0131819
82.2874 0.460547 0.0136841
82.8212 0.467987 0.0141887
83.3585 0.475746 0.0146956
83.8993 0.483831 0.0152049
84.4436 0.492246 0.0157165
84.9914 0.500997 0.0162304
85.5428 0.510088 0.0167467
86.0977 0.519525 0.0172654
86.6563 0.529314 0.0177863
87.2184 0.53946 0.0183097
87.7842 0.549969 0.0188353
88.3537 0.560846 0.0193634
88.9269 0.572097 0.0198937
89.5038 0.583727 0.0204264
90.0845 0.595743 0.0209615
90.6689 0.60815 0.0214988
91.2571 0.620954 0.0220386
91.8491 0.634162 0.0225806
92.4449 0.647779 0.023125
93.0447 0.661811 0.0236718
93.6483 0.676266 0.0242208
94.2558 0.691148 0.0247722
94.8673 0.706465 0.0253259
95.4827 0.722223 0.0258819
96.1021 0.738428 0.0264403
96.7256 0.755086 0.027001
97.3531 0.772206 0.0275639
97.9847 0.789793 0.0281292
98.6203 0.807854 0.0286968
99.2601 0.826396 0.0292666
99.904 0.845426 0.0298388
100.552 0.864951 0.0304132
101.204 0.884978 0.0309899
101.861 0.905515 0.0315689
102.522 0.926568 0.0321501
103.187 0.948145 0.0327336
103.856 0.970253 0.0333193
104.53 0.9929 0.0339073
105.208 1.01609 0.0344975
105.891 1.03984 0.0350899
106.578 1.06415 0.0356845
107.269 1.08903 0.0362813
107.965 1.11449 0.0368803
108.665 1.14053 0.0374815
109.37 1.16716 0.0380848
110.08 1.1944 0.0386903
110.794 1.22225 0.0392979
111.513 1.25071 0.0399077
112.236 1.2798 0.0405195
112.964 1.30953 0.0411335
113.697 1.3399 0.0417496
114.435 1.37092 0.0423677
115.177 1.4026 0.0429879
115.924 1.43496 0.0436101
116.676 1.46799 0.0442343
117.433 1.50171 0.0448606
118.195 1.53612 0.0454888
118.962 1.57124 0.046119
119.734 1.60708 0.0467512
120.51 1.64364 0.0473853
121.292 1.68093 0.0480212
122.079 1.71897 0.0486591
122.871 1.75776 0.0492989
123.668 1.79731 0.0499405
124.47 1.83764 0.0505839
125.278 1.87874 0.0512292
126.091 1.92064 0.0518762
126.909 1.96334 0.0525249
127.732 2.00685 0.0531754
128.561 2.05119 0.0538276
129.395 2.09635 0.0544815
130.234 2.14236 0.055137
131.079 2.18922 0.0557941
131.929 2.23695 0.0564528
132.785 2.28555 0.0571131
133.646 2.33503 0.0577749
134.513 2.38541 0.0584382
135.386 2.43669 0.059103
136.264 2.4889 0.0597692
137.148 2.54203 0.0604368
138.038 2.5961 0.0611057
138.934 2.65112 0.061776
139.835 2.7071 0.0624476
140.742 2.76406 0.0631204
141.655 2.82199 0.0637945
142.574 2.88093 0.0644697
143.499 2.94087 0.0651461
144.43 3.00183 0.0658235
145.367 3.06383 0.066502
146.31 3.12686 0.0671815
147.259 3.19095 0.067862
148.215 3.25611 0.0685434
149.176 3.32234 0.0692256
150.144 3.38966 0.0699087
151.118 3.45809 0.0705926
152.098 3.52763 0.0712771
153.085 3.5983 0.0719624
154.078 3.67011 0.0726483
155.078 3.74307 0.0733347
156.084 3.81719 0.0740217
157.096 3.89249 0.0747091
158.115 3.96898 0.0753969
159.141 4.04667 0.076085
160.173 4.12558 0.0767734
161.213 4.20571 0.0774621
162.258 4.28708 0.0781509
163.311 4.36971 0.0788398
164.37 4.4536 0.0795288
165.437 4.53877 0.0802177
166.51 4.62524 0.0809065
167.59 4.71301 0.0815951
168.678 4.80209 0.0822835
169.772 4.89251 0.0829715
170.873 4.98427 0.0836592
171.982 5.07739 0.0843464
173.097 5.17188 0.0850331
174.22 5.26775 0.0857192
175.351 5.36502 0.0864045
176.488 5.4637 0.0870891
177.633 5.5638 0.0877728
178.785 5.66534 0.0884556
179.945 5.76833 0.0891373
181.113 5.87279 0.0898179
182.288 5.97872 0.0904973
183.47 6.08613 0.0911754
184.66 6.19506 0.0918522
185.858 6.3055 0.0925274
187.064 6.41747 0.093201
188.278 6.53098 0.0938729
189.499 6.64605 0.0945431
190.728 6.76268 0.0952113
191.966 6.8809 0.0958776
193.211 7.00072 0.0965418
194.464 7.12214 0.0972037
195.726 7.24518 0.0978634
196.996 7.36986 0.0985206
198.274 7.49619 0.0991752
199.56 7.62417 0.0998272
200.855 7.75383 0.100476
202.158 7.88518 0.101123
203.469 8.01822 0.101766
204.789 8.15297 0.102406
206.118 8.28944 0.103043
207.455 8.42765 0.103676
208.801 8.56761 0.104306
210.155 8.70932 0.104932
211.519 8.8528 0.105555
212.891 8.99807 0.106173
214.272 9.14513 0.106788
215.662 9.29399 0.107398
217.061 9.44467 0.108003
218.469 9.59718 0.108604
219.886 9.75153 0.109201
221.313 9.90772 0.109792
222.749 10.0658 0.110379
224.194 10.2257 0.110961
225.648 10.3875 0.111537
227.112 10.5512 0.112107
228.585 10.7168 0.112672
230.068 10.8843 0.113231
231.561 11.0537 0.113784
233.063 11.225 0.114331
234.575 11.3983 0.114872
236.097 11.5735 0.115406
237.628 11.7507 0.115933
239.17 11.9298 0.116454
240.722 12.1109 0.116967
242.283 12.294 0.117473
243.855 12.479 0.117971
245.437 12.666 0.118462
247.029 12.855 0.118945
248.632 13.046 0.119419
250.245 13.239 0.119886
251.868 13.434 0.120343
253.502 13.631 0.120793
255.147 13.83 0.121233
256.802 14.031 0.121663
258.468 14.2341 0.122085
260.145 14.4391 0.122497
261.832 14.6462 0.122899
263.531 14.8553 0.12329
265.24 15.0664 0.123672
266.961 15.2795 0.124042
268.693 15.4946 0.124402
270.436 15.7118 0.124751
272.191 15.931 0.125088
273.956 16.1521 0.125414
275.734 16.3753 0.125728
277.522 16.6005 0.12603
279.323 16.8276 0.126319
281.135 17.0568 0.126596
282.959 17.2879 0.126859
284.794 17.521 0.127109
286.642 17.7561 0.127346
288.501 17.9931 0.127569
290.373 18.232 0.127778
292.257 18.4729 0.127972
294.153 18.7157 0.128152
296.061 18.9604 0.128317
297.982 19.207 0.128466
299.915 19.4555 0.1286
301.86 19.7058 0.128717
303.819 19.958 0.128819
305.79 20.212 0.128904
307.773 20.4677 0.128971
309.77 20.7253 0.129022
311.78 20.9846 0.129055
313.802 21.2457 0.12907
315.838 21.5084 0.129067
317.887 21.7728 0.129045
319.949 22.0389 0.129004
322.025 22.3066 0.128944
324.114 22.5759 0.128864
326.217 22.8468 0.128764
328.333 23.1191 0.128644
330.463 23.393 0.128503
332.607 23.6683 0.128341
334.764 23.9451 0.128157
336.936 24.2232 0.127951
339.122 24.5026 0.127723
341.322 24.7833 0.127473
343.536 25.0653 0.127199
345.765 25.3484 0.126902
348.008 25.6327 0.12658
350.266 25.9181 0.126235
352.538 26.2045 0.125865
354.825 26.4919 0.12547
357.127 26.7802 0.125049
359.444 27.0694 0.124602
361.776 27.3594 0.124129
364.123 27.6502 0.123629
366.485 27.9416 0.123102
368.862 28.2336 0.122547
371.255 28.5262 0.121965
373.664 28.8192 0.121353
376.088 29.1126 0.120713
378.528 29.4063 0.120044
380.983 29.7002 0.119344
383.455 29.9943 0.118615
385.942 30.2884 0.117854
388.446 30.5825 0.117063
390.966 30.8764 0.11624
393.502 31.1702 0.115384
396.055 31.4636 0.114497
398.625 31.7566 0.113576
401.211 32.0491 0.112622
403.813 32.3409 0.111634
406.433 32.632 0.110611
409.07 32.9223 0.109554
411.724 33.2115 0.108461
414.395 33.4997 0.107333
417.083 33.7867 0.106169
419.789 34.0724 0.104967
422.512 34.3565 0.103729
425.253 34.6391 0.102453
428.012 34.9199 0.101139
430.788 35.1989 0.0997862
433.583 35.4758 0.0983946
436.396 35.7506 0.0969636
439.227 36.023 0.0954926
442.076 36.2929 0.0939812
444.944 36.5602 0.092429
447.831 36.8247 0.0908356
450.736 37.0863 0.0892004
453.66 37.3446 0.087523
456.603 37.5997 0.085803
459.565 37.8512 0.0840399
462.547 38.0991 0.0822334
465.547 38.3431 0.0803829
468.567 38.583 0.0784881
471.607 38.8186 0.0765486
474.667 39.0498 0.0745638
477.746 39.2763 0.0725335
480.845 39.4979 0.0704571
483.965 39.7143 0.0683344
487.104 39.9255 0.066165
490.264 40.1311 0.0639484
493.445 40.3308 0.0616843
496.646 40.5246 0.0593723
499.868 40.7121 0.0570121
503.111 40.8931 0.0546034
506.375 41.0673 0.0521458
509.66 41.2345 0.049639
512.966 41.3944 0.0470827
516.294 41.5467 0.0444766
519.643 41.6912 0.0418205
523.014 41.8276 0.039114
526.407 41.9557 0.036357
529.822 42.075 0.0335492
533.26 42.1854 0.0306904
536.719 42.2866 0.0277803
540.201 42.3782 0.0248189
543.705 42.4599 0.0218059
547.233 42.5314 0.0187413
550.783 42.5924 0.0156248
554.356 42.6425 0.0124565
557.952 42.6815 0.00923613
561.572 42.709 0.00596378
565.215 42.7247 0.00263938
568.882 42.7296 0
572.572 42.7296 0
576.287 42.7296 0
580.025 42.7296 0
583.788 42.7296 0
587.575 42.7296 0
591.387 42.7296 0
595.224 42.7296 0
599.085 42.7296 0
602.971 42.7296 0
606.883 42.7296 0
610.82 42.7296 0
614.783 42.7296 0
618.771 42.7296 0
622.785 42.7296 0
626.826 42.7296 0
630.892 42.7296 0
634.985 42.7296 0
639.104 42.7296 0
643.25 42.7296 0
647.423 42.7296 0
651.623 42.7296 0
655.851 42.7296 0
660.105 42.7296 0
664.388 42.7296 0
668.698 42.7296 0
673.036 42.7296 0
677.402 42.7296 0
681.797 42.7296 0
686.22 42.7296 0
690.671 42.7296 0
695.152 42.7296 0
699.662 42.7296 0
704.201 42.7296 0
708.769 42.7296 0
713.367 42.7296 0
717.995 42.7296 0
722.653 42.7296 0
727.341 42.7296 0
732.06 42.7296 0
736.809 42.7296 0
741.589 42.7296 0
746.4 42.7296 0
751.242 42.7296 0
756.115 42.7296 0
761.021 42.7296 0
765.958 42.7296 0
770.927 42.7296 0
775.928 42.7296 0
780.962 42.7296 0
786.028 42.7296 0
791.127 42.7296 0
796.26 42.7296 0
801.425 42.7296 0
806.624 42.7296 0
811.857 42.7296 0
817.124 42.7296 0
822.425 42.7296 0
827.76 42.7296 0
833.13 42.7296 0
838.535 42.7296 0
843.975 42.7296 0
849.45 42.7296 0
854.961 42.7296 0
860.507 42.7296 0
866.09 42.7296 0
871.708 42.7296 0
877.363 42.7296 0
883.055 42.7296 0
888.784 42.7296 0
894.55 42.7296 0
900.353 42.7296 0
906.194 42.7296 0
912.073 42.7296 0
917.99 42.7296 0
923.945 42.7296 0
929.939 42.7296 0
935.972 42.7296 0
942.044 42.7296 0
948.155 42.7296 0
954.306 42.7296 0
960.497 42.7296 0
966.728 42.7296 0
973 42.7296 0
979.312 42.7296 0
985.665 42.7296 0
992.059 42.7296 0
998.495 42.7296 0
1004.97 42.7296 0
1011.49 42.7296 0
1018.05 42.7296 0
1024.66 42.7296 0
1031.31 42.7296 0
1038 42.7296 0
1044.73 42.7296 0
1051.51 42.7296 0
1058.33 42.7296 0
1065.2 42.7296 0
1072.11 42.7296 0
1079.06 42.7296 0
1086.06 42.7296 0
1093.11 42.7296 0
1100.2 42.7296 0
1107.34 42.7296 0
1114.52 42.7296 0
1121.75 42.7296 0
1129.03 42.7296 0
1136.35 42.7296 0
1143.72 42.7296 0
1151.14 42.7296 0
1158.61 42.7296 0
1166.13 42.7296 0
1173.69 42.7296 0
1181.31 42.7296 0
1188.97 42.7296 0
1196.68 42.7296 0
1204.45 42.7296 0
1212.26 42.7296 0
1220.12 42.7296 0
1228.04 42.7296 0
1236.01 42.7296 0
1244.02 42.7296 0
1252.09 42.7296 0
1260.22 42.7296 0
1268.39 42.7296 0
1276.62 42.7296 0
1284.9 42.7296 0
1293.24 42.7296 0
1301.63 42.7296 0
1310.07 42.7296 0
1318.57 42.7584 0.00677729
1327.13 42.8968 0.0255985
1335.74 43.1998 0.0447793
1344.4 43.6724 0.0642949
1353.12 44.3196 0.0841185
1361.9 45.1462 0.104222
1370.74 46.157 0.124577
1379.63 47.3562 0.145151
1388.58 48.7483 0.165914
1397.59 50.3371 0.186832
1406.65 52.1264 0.207873
1415.78 54.1197 0.229001
1424.96 56.3203 0.250183
1434.21 58.731 0.271384
1443.51 61.3546 0.292568
1452.88 64.1933 0.313702
1462.3 67.2493 0.33475
1471.79 70.5241 0.355678
1481.34 74.0193 0.376455
1490.95 77.736 0.397046
1500.62 81.6749 0.417421
1510.35 85.8365 0.437549
1520.15 90.2209 0.457403
1530.01 94.8281 0.476954
1539.94 99.6576 0.496177
1549.93 104.709 0.515049
1559.98 109.981 0.533546
1570.1 115.472 0.55165
1580.29 121.181 0.569341
1590.54 127.106 0.586603
1600.86 133.246 0.603423
1611.25 139.597 0.619788
1621.7 146.159 0.635688
1632.22 152.928 0.651113
1642.81 159.902 0.666059
1653.47 167.077 0.68052
1664.19 174.452 0.694494
1674.99 182.022 0.707979
1685.85 189.786 0.720976
1696.79 197.74 0.733487
1707.8 205.88 0.745515
1718.88 214.204 0.757066
1730.03 222.707 0.768146
1741.25 231.388 0.77876
1752.55 240.242 0.788919
1763.92 249.267 0.79863
1775.36 258.459 0.807903
1786.88 267.815 0.81675
1798.47 277.332 0.825181
1810.14 287.006 0.833207
1821.88 296.835 0.840841
1833.7 306.816 0.848095
1845.6 316.946 0.854982
1857.57 327.222 0.861514
1869.62 337.641 0.867704
1881.75 348.201 0.873566
1893.96 358.899 0.879111
1906.24 369.732 0.884352
1918.61 380.699 0.889303
1931.06 391.797 0.893976
1943.58 403.024 0.898383
1956.19 414.378 0.902535
1968.88 425.856 0.906446
1981.66 437.458 0.910125
1994.51 449.18 0.913585
2007.45 461.022 0.916837
2020.47 472.982 0.91989
2033.58 485.058 0.922755
2046.77 497.249 0.925441
2060.05 509.554 0.927959
2073.42 521.972 0.930317
2086.87 534.5 0.932524
2100.41 547.139 0.934588
2114.03 559.887 0.936518
2127.75 572.743 0.93832
2141.55 585.707 0.940003
2155.44 598.777 0.941574
2169.43 611.953 0.943038
2183.5 625.235 0.944402
2197.66 638.622 0.945673
2211.92 652.113 0.946856
2226.27 665.707 0.947957
2240.71 679.406 0.94898
2255.25 693.207 0.94993
2269.88 707.112 0.950813
2284.61 721.119 0.951632
2299.43 735.229 0.952391
2314.34 749.441 0.953096
2329.36 763.756 0.953748
2344.47 778.173 0.954352
2359.68 792.692 0.95491
2374.99 807.314 0.955427
2390.39 822.038 0.955904
2405.9 836.865 0.956345
2421.51 851.795 0.956752
2437.22 866.828 0.957127
2453.03 881.964 0.957473
2468.94 897.203 0.957792
2484.96 912.546 0.958085
2501.08 927.994 0.958355
2517.31 943.545 0.958604
2533.64 959.202 0.958832
2550.07 974.963 0.959041
2566.62 990.831 0.959233
2583.27 1006.8 0.959409
2600.03 1022.88 0.959571
2616.89 1039.07 0.959719
2633.87 1055.36 0.959854
2650.96 1071.77 0.959978
2668.15 1088.28 0.960091
2685.46 1104.9 0.960194
2702.89 1121.62 0.960288
2720.42 1138.46 0.960374
2738.07 1155.41 0.960453
2755.83 1172.47 0.960524
2773.71 1189.65 0.960589
2791.7 1206.93 0.960648
2809.81 1224.33 0.960702
2828.04 1241.84 0.960751
2846.39 1259.47 0.960795
2864.85 1277.21 0.960835
2883.44 1295.07 0.960872
2902.15 1313.04 0.960905
2920.97 1331.14 0.960934
2939.92 1349.35 0.960961
2958.99 1367.67 0.960986
2978.19 1386.12 0.961008
2997.51 1404.69 0.961028
3016.96 1423.38 0.961045
3036.53 1442.19 0.961062
3056.23 1461.12 0.961076
3076.05 1480.17 0.961089
3096.01 1499.35 0.961101
3116.1 1518.66 0.961111
3136.31 1538.09 0.961121
3156.66 1557.64 0.961129
3177.14 1577.32 0.961137
3197.75 1597.13 0.961144
3218.49 1617.07 0.96115
3239.37 1637.14 0.961155
3260.39 1657.34 0.96116
3281.54 1677.67 0.961164
3302.83 1698.13 0.961168
3324.25 1718.73 0.961172
3345.82 1739.45 0.961175
3367.52 1760.32 0.961178
3389.37 1781.32 0.96118
3411.36 1802.45 0.961182
3433.49 1823.72 0.961184
3455.76 1845.13 0.961186
3478.18 1866.68 0.961187
3500.75 1888.37 0.961189
3523.46 1910.2 0.96119
3546.31 1932.17 0.961191
3569.32 1954.28 0.961192
3592.48 1976.54 0.961193
3615.78 1998.94 0.961193
3639.24 2021.49 0.961194
3662.85 2044.18 0.961194
3686.61 2067.02 0.961195
3710.53 2090.01 0.961195
3734.6 2113.14 0.961196
3758.82 2136.43 0.961196
3783.21 2159.87 0.961196
3807.75 2183.46 0.961197
3832.45 2207.21 0.961197
3857.32 2231.1 0.961197
3882.34 2255.16 0.961197
3907.53 2279.36 0.961197
3932.88 2303.73 0.961197
3958.39 2328.25 0.961198
3984.07 2352.94 0.961198
4009.92 2377.78 0.961198
4035.93 2402.78 0.961198
4062.11 2427.95 0.961198
4088.47 2453.28 0.961198
4114.99 2478.78 0.961198
4141.68 2504.44 0.961198
4168.55 2530.26 0.961198
4195.6 2556.25 0.961198
4222.81 2582.42 0.961198
4250.21 2608.75 0.961198
4277.78 2635.25 0.961198
4305.53 2661.93 0.961198
4333.46 2688.77 0.961198
4361.58 2715.8 0.961198
4389.87 2742.99 0.961198
4418.35 2770.37 0.961198
4447.01 2797.92 0.961198
4475.86 2825.65 0.961198
4504.9 2853.56 0.961198
4534.12 2881.65 0.961198
4563.54 2909.92 0.961198
4593.14 2938.38 0.961198
4622.94 2967.02 0.961198
4652.93 2995.85 0.961198
4683.12 3024.86 0.961198
4713.5 3054.06 0.961198
4744.08 3083.45 0.961198
4774.85 3113.04 0.961198
4805.83 3142.81 0.961198
4837.01 3172.78 0.961198
4868.39 3202.94 0.961198
4899.97 3233.3 0.961198
4931.76 3263.85 0.961198
4963.75 3294.6 0.961198
4995.95 3325.56 0.961198
5028.36 3356.71 0.961198
5060.98 3388.06 0.961198
5093.82 3419.62 0.961198
5126.86 3451.39 0.961198
5160.12 3483.36 0.961198
5193.6 3515.53 0.961198
5227.29 3547.92 0.961198
5261.2 3580.51 0.961198
5295.33 3613.32 0.961198
5329.68 3646.34 0.961198
5364.26 3679.57 0.961198
5399.06 3713.02 0.961198
5434.09 3746.69 0.961198
5469.34 3780.57 0.961198
5504.82 3814.68 0.961198
5540.53 3849.01 0.961198
5576.48 3883.55 0.961198
5612.65 3918.33 0.961198
5649.06 3953.33 0.961198
5685.71 3988.55 0.961198
5722.6 4024.01 0.961198
5759.72 4059.69 0.961198
5797.09 4095.6 0.961198
5834.69 4131.75 0.961198
5872.55 4168.14 0.961198
5910.64 4204.76 0.961198
5948.99 4241.61 0.961198
5987.58 4278.71 0.961198
6026.42 4316.04 0.961198
6065.52 4353.62 0.961198
6104.87 4391.44 0.961198
6144.47 4429.51 0.961198
6184.33 4467.83 0.961198
6224.45 4506.39 0.961198
6264.83 4545.2 0.961198
6305.48 4584.27 0.961198
6346.38 4623.59 0.961198
6387.55 4663.16 0.961198
6428.99 4702.99 0.961198
6470.7 4743.08 0.961198
6512.68 4783.43 0.961198
6554.93 4824.04 0.961198
6597.45 4864.91 0.961198
6640.25 4906.05 0.961198
6683.33 4947.46 0.961198
6726.69 4989.13 0.961198
6770.32 5031.08 0.961198
6814.25 5073.3 0.961198
6858.45 5115.79 0.961198
6902.95 5158.55 0.961198
6947.73 5201.6 0.961198
6992.8 5244.92 0.961198
7038.16 5288.53 0.961198
7083.82 5332.41 0.961198
7129.78 5376.59 0.961198
7176.03 5421.05 0.961198
7222.59 5465.79 0.961198
7269.44 5510.83 0.961198
7316.6 5556.16 0.961198
7364.07 5601.78 0.961198
7411.84 5647.7 0.961198
7459.92 5693.92 0.961198
7508.32 5740.44 0.961198
7557.03 5787.26 0.961198
7606.05 5834.38 0.961198
7655.39 5881.81 0.961198
7705.06 5929.54 0.961198
7755.04 5977.59 0.961198
7805.35 6025.95 0.961198
7855.99 6074.62 0.961198
7906.95 6123.61 0.961198
7958.25 6172.91 0.961198
8009.88 6222.54 0.961198
8061.84 6272.48 0.961198
8114.14 6322.75 0.961198
8166.78 6373.35 0.961198
8219.76 6424.28 0.961198
8273.08 6475.53 0.961198
8326.76 6527.12 0.961198
8380.77 6579.04 0.961198
8435.14 6631.3 0.961198
8489.86 6683.9 0.961198
8544.94 6736.84 0.961198
8600.38 6790.12 0.961198
8656.17 6843.75 0.961198
8712.32 6897.73 0.961198
8768.84 6952.05 0.961198
8825.73 7006.73 0.961198
8882.99 7061.77 0.961198
8940.61 7117.16 0.961198
8998.61 7172.91 0.961198
9056.99 7229.02 0.961198
9115.75 7285.5 0.961198
9174.89 7342.34 0.961198
9234.41 7399.55 0.961198
9294.31 7457.13 0.961198
9354.61 7515.09 0.961198
9415.29 7573.42 0.961198
9476.38 7632.13 0.961198
9537.85 7691.22 0.961198
9599.73 7750.7 0.961198
9662 7810.56 0.961198
9724.68 7870.81 0.961198
9787.77 7931.45 0.961198
9851.27 7992.48 0.961198
9915.18 8053.91 0.961198
9979.5 8115.74 0.961198
10044.2 8177.96 0.961198
10109.4 8240.6 0.961198
10175 8303.63 0.961198
10241 8367.08 0.961198
10307.4 8430.94 0.961198
10374.3 8495.21 0.961198
10441.6 8559.9 0.961198
10509.3 8625.01 0.961198
10577.5 8690.55 0.961198
10646.1 8756.5 0.961198
10715.2 8822.89 0.961198
10784.7 8889.71 0.961198
10854.7 8956.96 0.961198
10925.1 9024.64 0.961198
10996 9092.77 0.961198
11067.3 9161.33 0.961198
11139.1 9230.35 0.961198
11211.4 9299.8 0.961198
11284.1 9369.71 0.961198
11357.3 9440.08 0.961198
11431 9510.9 0.961198
11505.1 9582.18 0.961198
11579.8 9653.92 0.961198
11654.9 9726.13 0.961198
11730.5 9798.8 0.961198
11806.6 9871.95 0.961198
11883.2 9945.57 0.961198
11960.3 10019.7 0.961198
12037.9 10094.3 0.961198
12116 10169.3 0.961198
12194.6 10244.9 0.961198
12273.7 10320.9 0.961198
12353.3 10397.4 0.961198
12433.5 10474.5 0.961198
12514.1 10552 0.961198
12595.3 10630 0.961198
12677 10708.6 0.961198
12759.2 10787.6 0.961198
12842 10867.2 0.961198
12925.3 10947.3 0.961198
13009.2 11027.9 0.961198
13093.6 11109 0.961198
13178.5 11190.6 0.961198
13264 11272.8 0.961198
13350.1 11355.5 0.961198
13436.7 11438.8 0.961198
13523.8 11522.5 0.961198
13611.6 11606.9 0.961198
13699.9 11691.8 0.961198
13788.8 11777.2 0.961198
13878.2 11863.2 0.961198
13968.2 11949.7 0.961198
14058.9 12036.8 0.961198
14150.1 12124.5 0.961198
14241.9 12212.7 0.961198
14334.2 12301.5 0.961198
14427.2 12390.9 0.961198
14520.8 12480.9 0.961198
14615 12571.4 0.961198
14709.8 12662.5 0.961198
14805.3 12754.3 0.961198
14901.3 12846.6 0.961198
14998 12939.5 0.961198
15095.3 13033 0.961198
15193.2 13127.2 0.961198
15291.8 13221.9 0.961198
15391 13317.2 0.961198
15490.8 13413.2 0.961198
15591.3 13509.8 0.961198
15692.5 13607 0.961198
15794.3 13704.9 0.961198
15896.7 13803.4 0.961198
15999.9 13902.5 0.961198
16103.7 14002.3 0.961198
16208.1 14102.7 0.961198
16313.3 14203.8 0.961198
16419.1 14305.5 0.961198
16525.6 14407.9 0.961198
16632.8 14510.9 0.961198
16740.7 14614.6 0.961198
16849.3 14719 0.961198
16958.7 14824.1 0.961198
17068.7 14929.8 0.961198
17179.4 15036.3 0.961198
17290.8 15143.4 0.961198
17403 15251.2 0.961198
17515.9 15359.7 0.961198
17629.6 15468.9 0.961198
17743.9 15578.9 0.961198
17859 15689.5 0.961198
17974.9 15800.9 0.961198
18091.5 15913 0.961198
18208.9 16025.8 0.961198
18327 16139.3 0.961198
18445.9 16253.6 0.961198
18565.5 16368.6 0.961198
18686 16484.4 0.961198
18807.2 16600.9 0.961198
18929.2 16718.2 0.961198
19052 16836.2 0.961198
19175.6 16955 0.961198
19300 17074.6 0.961198
19425.2 17194.9 0.961198
19551.2 17316.1 0.961198
19678.1 17438 0.961198
19805.7 17560.7 0.961198
19934.2 17684.2 0.961198
20063.5 17808.5 0.961198
20193.7 17933.6 0.961198
20324.7 18059.5 0.961198
20456.6 18186.3 0.961198
20589.3 18313.8 0.961198
20722.8 18442.2 0.961198
20857.3 18571.4 0.961198
20992.6 18701.5 0.961198
21128.8 18832.4 0.961198
21265.8 18964.1 0.961198
21403.8 19096.8 0.961198
21542.7 19230.2 0.961198
21682.4 19364.6 0.961198
21823.1 19499.8 0.961198
21964.6 19635.8 0.961198
22107.1 19772.8 0.961198
22250.6 19910.7 0.961198
22394.9 20049.4 0.961198
22540.2 20189 0.961198
22686.4 20329.6 0.961198
22833.6 20471.1 0.961198
22981.7 20613.4 0.961198
23130.8 20756.7 0.961198
23280.9 20901 0.961198
23431.9 21046.2 0.961198
23583.9 21192.3 0.961198
23736.9 21339.3 0.961198
23890.9 21487.3 0.961198
24045.9 21636.3 0.961198
24201.9 21786.3 0.961198
24358.9 21937.2 0.961198
24516.9 22089.1 0.961198
24676 22241.9 0.961198
24836 22395.8 0.961198
24997.2 22550.7 0.961198
25159.3 22706.6 0.961198
25322.5 22863.4 0.961198
25486.8 23021.3 0.961198
25652.2 23180.3 0.961198
25818.6 23340.2 0.961198
25986.1 23501.2 0.961198
26154.7 23663.3 0.961198
26324.3 23826.4 0.961198
26495.1 23990.5 0.961198
26667 24155.7 0.961198
26840 24322 0.961198
27014.1 24489.4 0.961198
27189.4 24657.8 0.961198
27365.7 24827.4 0.961198
27543.3 24998 0.961198
27722 25169.8 0.961198
27901.8 25342.6 0.961198
28082.8 25516.6 0.961198
28265 25691.7 0.961198
28448.4 25868 0.961198
28632.9 26045.4 0.961198
28818.7 26223.9 0.961198
29005.6 26403.6 0.961198
29193.8 26584.5 0.961198
29383.2 26766.5 0.961198
29573.8 26949.7 0.961198
29765.7 27134.1 0.961198
29958.8 27319.8 0.961198
30153.1 27506.6 0.961198
30348.7 27694.6 0.961198
30545.6 27883.8 0.961198
30743.8 28074.3 0.961198
30943.2 28266 0.961198
31143.9 28459 0.961198
31346 28653.2 0.961198
31549.3 28848.6 0.961198
31754 29045.4 0.961198
31960 29243.4 0.961198
32167.3 29442.7 0.961198
32376 29643.2 0.961198
32586.1 29845.1 0.961198
32797.5 30048.3 0.961198
33010.2 30252.8 0.961198
33224.4 30458.7 0.961198
33439.9 30665.8 0.961198
33656.9 30874.4 0.961198
33875.2 31084.2 0.961198
34095 31295.5 0.961198
34316.1 31508.1 0.961198
34538.8 31722.1 0.961198
34762.8 31937.4 0.961198
34988.3 32154.2 0.961198
35215.3 32372.4 0.961198
35443.8 32592 0.961198
35673.7 32813 0.961198
35905.1 33035.4 0.961198
36138.1 33259.3 0.961198
36372.5 33484.7 0.961198
36608.5 33711.5 0.961198
36846 33939.7 0.961198
37085 34169.5 0.961198
37325.6 34400.7 0.961198
37567.7 34633.5 0.961198
37811.4 34867.8 0.961198
38056.7 35103.5 0.961198
38303.6 35340.8 0.961198
38552.1 35579.7 0.961198
38802.2 35820.1 0.961198
39053.9 36062 0.961198
39307.3 36305.6 0.961198
39562.3 36550.7 0.961198
39819 36797.4 0.961198
40077.3 37045.7 0.961198
40337.3 37295.6 0.961198
40599 37547.1 0.961198
40862.3 37800.3 0.961198
41127.4 38055.1 0.961198
41394.2 38311.5 0.961198
41662.8 38569.6 0.961198
41933.1 38829.4 0.961198
42205.1 39090.9 0.961198
42478.9 39354.1 0.961198
42754.5 39619 0.961198
43031.8 39885.6 0.961198
43311 40153.9 0.961198
43592 40424 0.961198
43874.8 40695.8 0.961198
44159.4 40969.4 0.961198
44445.9 41244.7 0.961198
44734.2 41521.9 0.961198
45024.4 41800.8 0.961198
45316.5 42081.6 0.961198
45610.5 42364.2 0.961198
45906.4 42648.6 0.961198
46204.2 42934.8 0.961198
46503.9 43223 0.961198
46805.6 43512.9 0.961198
47109.3 43804.8 0.961198
47414.9 44098.6 0.961198
47722.5 44394.2 0.961198
48032.1 44691.8 0.961198
48343.7 44991.3 0.961198
48657.3 45292.8 0.961198
48972.9 45596.2 0.961198
49290.7 45901.5 0.961198
49610.4 46208.9 0.961198
49932.3 46518.3 0.961198
50256.2 46829.6 0.961198
50582.2 47143 0.961198
50910.4 47458.4 0.961198
51240.6 47775.9 0.961198
51573.1 48095.4 0.961198
51907.6 48417 0.961198
52244.4 48740.7 0.961198
52583.3 49066.4 0.961198
52924.4 49394.3 0.961198
53267.8 49724.3 0.961198
53613.3 50056.5 0.961198
53961.1 50390.8 0.961198
54311.2 50727.3 0.961198
54663.5 51066 0.961198
55018.2 51406.8 0.961198
55375.1 51749.9 0.961198
55734.3 52095.2 0.961198
56095.9 52442.7 0.961198
