5.78741e-09 5.95396e-15 4.29514e-06
5.8738e-08 3.33166e-13 8.58285e-06
5.86595e-07 1.45059e-11 3.56977e-05
4.6076e-06 3.38009e-10 8.97843e-05
5.86875e-06 4.61297e-10 0.000114002
2.3369e-05 3.31505e-09 0.000192532
7.39119e-05 1.62978e-08 0.000292274
0.000147358 4.17301e-08 0.000330144
0.000152693 4.34471e-08 0.000292479
0.000165528 4.67976e-08 0.000304172
0.000294481 1.01986e-07 0.000463041
0.000466785 1.89679e-07 0.00054542
0.000739961 3.52227e-07 0.00041641
0.000792747 3.70702e-07 0.000446592
0.000859333 4.13069e-07 0.00055442
0.000931697 4.48502e-07 0.00055104
0.00117285 6.10601e-07 0.000697128
0.00147667 8.31244e-07 0.000750516
0.0017323 1.02935e-06 0.000535855
0.00185963 1.08409e-06 0.000525282
0.00294795 2.00733e-06 0.000908255
0.00467391 3.71532e-06 0.00105104
0.00633042 5.56999e-06 0.00091467
0.0070765 6.16755e-06 0.00093479
0.00933155 8.92099e-06 0.00127133
0.0117504 1.21316e-05 0.00137956
0.0154948 1.7543e-05 0.00122736
0.0177925 2.00421e-05 0.00125466
0.0234638 2.89812e-05 0.00164107
0.0295474 3.94039e-05 0.00177172
0.0354913 5.03041e-05 0.00128079
0.0389653 5.38549e-05 0.00125817
0.0549487 8.51279e-05 0.00191362
0.0590129 9.27925e-05 0.00199187
0.0713035 0.000119369 0.00114686
0.0787306 0.000125461 0.00110854
0.10265 0.000178607 0.00176378
0.112568 0.000193736 0.00180901
0.132297 0.000240204 0.00240921
0.146764 0.000275794 0.00181491
0.15911 0.000293738 0.00177613
0.191354 0.000375514 0.00260957
0.227502 0.000472769 0.000973271
0.245257 0.000484229 0.000805937
0.256566 0.000495831 0.00103354
0.268397 0.000508152 0.00104919
0.280773 0.000521236 0.00106507
0.293719 0.00053513 0.0010812
0.307263 0.000549885 0.00109757
0.321432 0.000565555 0.00111419
0.336253 0.000582195 0.00113106
0.351758 0.000599866 0.00114818
0.367978 0.000618631 0.00116556
0.384946 0.000638559 0.00118321
0.402697 0.000659722 0.00120112
0.421266 0.000682195 0.00121931
0.440691 0.000706061 0.00123777
0.461012 0.000731406 0.00125651
0.48227 0.00075832 0.00127553
0.504508 0.000786902 0.00129484
0.527771 0.000817254 0.00131445
0.552107 0.000849487 0.00133435
0.577566 0.000883717 0.00135455
0.604198 0.000920067 0.00137506
0.632059 0.000958668 0.00139588
0.661204 0.000999662 0.00141701
0.691693 0.00104319 0.00143847
0.723588 0.00108942 0.00146024
0.756953 0.00113852 0.00148235
0.791857 0.00119065 0.00150479
0.828371 0.00124602 0.00152758
0.866568 0.00130481 0.00155071
0.906527 0.00136725 0.00157418
0.948328 0.00143355 0.00159802
0.992057 0.00150396 0.00162221
1.0378 0.00157874 0.00164677
1.08566 0.00165815 0.0016717
1.13572 0.00174247 0.00169701
1.18809 0.00183202 0.00172271
1.24287 0.00192712 0.00174879
1.30018 0.00202811 0.00177526
1.36014 0.00213535 0.00180214
1.42285 0.00224924 0.00182943
1.48846 0.00237018 0.00185712
1.5571 0.00249862 0.00188524
1.6289 0.00263501 0.00191378
1.70401 0.00277985 0.00194276
1.78258 0.00293367 0.00197217
1.86478 0.00309701 0.00200203
1.95077 0.00327047 0.00203234
2.04072 0.00345468 0.00206311
2.13482 0.0036503 0.00209435
2.23326 0.00385804 0.00212606
2.33624 0.00407865 0.00215824
2.44396 0.00431292 0.00219092
2.55666 0.00456171 0.00222409
2.67455 0.00482591 0.00225776
2.79788 0.00510648 0.00229195
2.92689 0.00540443 0.00232665
3.06185 0.00572083 0.00236187
3.20304 0.00605684 0.00239763
3.35074 0.00641366 0.00243393
3.50524 0.00679259 0.00247078
3.66688 0.00719499 0.00250819
3.83596 0.00762232 0.00254616
4.01284 0.00807613 0.00258471
4.19788 0.00855804 0.00262385
4.39145 0.00906982 0.00266357
4.59395 0.00961329 0.0027039
4.80578 0.0101904 0.00274483
5.02738 0.0108033 0.00278639
5.2592 0.0114542 0.00282858
5.50171 0.0121454 0.0028714
5.7554 0.0128794 0.00291488
6.02079 0.0136589 0.00295901
6.29841 0.0144866 0.00300381
6.58884 0.0153657 0.00304928
6.89266 0.0162992 0.00309545
7.21049 0.0172905 0.00314232
7.54298 0.0183433 0.00318989
7.8908 0.0194612 0.00323819
8.25465 0.0206484 0.00328721
8.63529 0.0219092 0.00333698
9.03347 0.0232481 0.0033875
9.45002 0.0246699 0.00343879
9.88577 0.0261798 0.00349085
10.3416 0.0277832 0.00354371
10.8185 0.029486 0.00359736
11.3173 0.0312942 0.00365182
11.8392 0.0332145 0.00370711
12.3851 0.0352537 0.00376324
12.9562 0.0374193 0.00382021
13.5536 0.039719 0.00387805
14.1786 0.0421611 0.00393677
14.8324 0.0447546 0.00399637
15.5164 0.0475087 0.00405687
16.2318 0.0504335 0.00411829
16.9803 0.0535394 0.00418065
17.7633 0.0568378 0.00424394
18.5824 0.0603405 0.0043082
19.4392 0.0640601 0.00437342
20.3356 0.0680102 0.00443964
21.2733 0.072205 0.00450685
22.2543 0.0766597 0.00457509
23.2804 0.0813904 0.00464435
24.3539 0.0864141 0.00471467
25.4769 0.091749 0.00478605
26.6517 0.0974144 0.00485851
27.8806 0.103431 0.00493207
29.1662 0.10982 0.00500674
30.5111 0.116605 0.00508254
31.9181 0.12381 0.00515949
33.3898 0.131462 0.00523761
34.9295 0.139587 0.00531691
36.5401 0.148216 0.0053974
38.225 0.15738 0.00547912
39.9877 0.167111 0.00556208
41.8315 0.177445 0.00564629
43.7605 0.188419 0.00573177
45.7783 0.200073 0.00581855
47.8892 0.212449 0.00590664
50.0974 0.225592 0.00599607
52.4075 0.239549 0.00608685
54.8241 0.254371 0.00617901
57.3521 0.27011 0.00627256
59.9967 0.286825 0.00636752
62.7632 0.304575 0.00646393
65.6573 0.323425 0.00656179
68.6849 0.343443 0.00666114
71.852 0.364701 0.00676199
75.1652 0.387275 0.00686552
75.1652 0.387275 0.00686451
75.6528 0.390698 0.00717424
76.1436 0.394296 0.00748718
76.6376 0.398073 0.00780338
77.1348 0.402032 0.00812287
77.6352 0.406177 0.00844568
78.1388 0.410513 0.00877187
78.6457 0.415043 0.00910146
79.1559 0.419772 0.00943449
79.6694 0.424703 0.00977101
80.1863 0.429841 0.0101111
80.7065 0.43519 0.0104547
81.23 0.440754 0.0108019
81.757 0.446539 0.0111528
82.2874 0.452548 0.0115073
82.8212 0.458787 0.0118656
83.3585 0.46526 0.0122277
83.8993 0.471971 0.0125936
84.4436 0.478926 0.0129634
84.9914 0.48613 0.013337
85.5428 0.493588 0.0137147
86.0977 0.501304 0.0140963
86.6563 0.509286 0.014482
87.2184 0.517537 0.0148718
87.7842 0.526063 0.0152657
88.3537 0.53487 0.0156638
88.9269 0.543963 0.0160661
89.5038 0.553349 0.0164728
90.0845 0.563033 0.0168837
90.6689 0.573021 0.0172991
91.2571 0.58332 0.0177188
91.8491 0.593936 0.0181431
92.4449 0.604874 0.0185719
93.0447 0.616142 0.0190053
93.6483 0.627746 0.0194433
94.2558 0.639693 0.0198861
94.8673 0.65199 0.0203335
95.4827 0.664643 0.0207858
96.1021 0.67766 0.0212429
96.7256 0.691048 0.021705
97.3531 0.704814 0.022172
97.9847 0.718966 0.022644
98.6203 0.733512 0.0231211
99.2601 0.748458 0.0236034
99.904 0.763814 0.0240908
100.552 0.779588 0.0245835
101.204 0.795786 0.0250815
101.861 0.812419 0.0255848
102.522 0.829494 0.0260936
103.187 0.847019 0.0266079
103.856 0.865005 0.0271277
104.53 0.883459 0.0276532
105.208 0.902392 0.0281843
105.891 0.921811 0.0287211
106.578 0.941728 0.0292638
107.269 0.96215 0.0298123
107.965 0.98309 0.0303667
108.665 1.00455 0.0309271
109.37 1.02656 0.0314936
110.08 1.04911 0.0320661
110.794 1.07221 0.0326449
111.513 1.09589 0.0332299
112.236 1.12014 0.0338212
112.964 1.14498 0.0344189
113.697 1.17043 0.0350231
114.435 1.19648 0.0356338
115.177 1.22317 0.036251
115.924 1.25049 0.0368749
116.676 1.27846 0.0375055
117.433 1.30709 0.038143
118.195 1.33639 0.0387872
118.962 1.36638 0.0394384
119.734 1.39707 0.0400966
120.51 1.42847 0.0407619
121.292 1.4606 0.0414343
122.079 1.49348 0.042114
122.871 1.5271 0.0428009
123.668 1.56149 0.0434951
124.47 1.59667 0.0441968
125.278 1.63265 0.044906
126.091 1.66943 0.0456227
126.909 1.70705 0.0463471
127.732 1.74551 0.0470792
128.561 1.78483 0.0478191
129.395 1.82502 0.0485669
130.234 1.8661 0.0493225
131.079 1.9081 0.0500862
131.929 1.95102 0.0508579
132.785 1.99488 0.0516378
133.646 2.0397 0.0524259
134.513 2.0855 0.0532223
135.386 2.13229 0.054027
136.264 2.1801 0.0548402
137.148 2.22895 0.0556618
138.038 2.27884 0.0564921
138.934 2.3298 0.0573309
139.835 2.38186 0.0581785
140.742 2.43502 0.0590349
141.655 2.48932 0.0599001
142.574 2.54477 0.0607742
143.499 2.60139 0.0616573
144.43 2.6592 0.0625494
145.367 2.71823 0.0634507
146.31 2.7785 0.0643611
147.259 2.84002 0.0652807
148.215 2.90283 0.0662097
149.176 2.96694 0.067148
150.144 3.03239 0.0680958
151.118 3.09918 0.069053
152.098 3.16735 0.0700198
153.085 3.23692 0.0709961
154.078 3.30792 0.0719822
155.078 3.38037 0.0729779
156.084 3.45429 0.0739834
157.096 3.52972 0.0749986
158.115 3.60667 0.0760238
159.141 3.68519 0.0770588
160.173 3.76528 0.0781038
161.213 3.84699 0.0791588
162.258 3.93033 0.0802238
163.311 4.01534 0.0812989
164.37 4.10205 0.0823841
165.437 4.19048 0.0834794
166.51 4.28067 0.0845848
167.59 4.37264 0.0857005
168.678 4.46643 0.0868263
169.772 4.56206 0.0879625
170.873 4.65957 0.0891088
171.982 4.75899 0.0902654
173.097 4.86035 0.0914323
174.22 4.96369 0.0926095
175.351 5.06903 0.0937969
176.488 5.17641 0.0949947
177.633 5.28587 0.0962027
178.785 5.39743 0.097421
179.945 5.51113 0.0986495
181.113 5.62702 0.0998883
182.288 5.74511 0.101137
183.47 5.86546 0.102396
184.66 5.98809 0.103666
185.858 6.11304 0.104945
187.064 6.24036 0.106235
188.278 6.37007 0.107534
189.499 6.50221 0.108844
190.728 6.63683 0.110163
191.966 6.77396 0.111492
193.211 6.91364 0.112831
194.464 7.05591 0.11418
195.726 7.20081 0.115538
196.996 7.34838 0.116905
198.274 7.49867 0.118282
199.56 7.6517 0.119669
200.855 7.80753 0.121064
202.158 7.96619 0.122468
203.469 8.12773 0.123882
204.789 8.29219 0.125303
206.118 8.45961 0.126734
207.455 8.63004 0.128173
208.801 8.80351 0.12962
210.155 8.98007 0.131075
211.519 9.15977 0.132538
212.891 9.34265 0.134009
214.272 9.52875 0.135486
215.662 9.71812 0.136972
217.061 9.91079 0.138464
218.469 10.1068 0.139962
219.886 10.3063 0.141468
221.313 10.5091 0.142979
222.749 10.7155 0.144496
224.194 10.9254 0.146019
225.648 11.1389 0.147547
227.112 11.356 0.149079
228.585 11.5768 0.150617
230.068 11.8013 0.152158
231.561 12.0295 0.153704
233.063 12.2616 0.155253
234.575 12.4975 0.156804
236.097 12.7373 0.158359
237.628 12.981 0.159915
239.17 13.2288 0.161474
240.722 13.4805 0.163034
242.283 13.7363 0.164594
243.855 13.9963 0.166155
245.437 14.2604 0.167715
247.029 14.5286 0.169275
248.632 14.8012 0.170833
250.245 15.078 0.17239
251.868 15.3591 0.173944
253.502 15.6446 0.175495
255.147 15.9345 0.177042
256.802 16.2288 0.178585
258.468 16.5276 0.180123
260.145 16.8309 0.181655
261.832 17.1387 0.183181
263.531 17.4512 0.1847
265.24 17.7682 0.18621
266.961 18.0899 0.187713
268.693 18.4163 0.189205
270.436 18.7474 0.190688
272.191 19.0833 0.19216
273.956 19.4239 0.193619
275.734 19.7693 0.195066
277.522 20.1195 0.1965
279.323 20.4745 0.197919
281.135 20.8344 0.199322
282.959 21.1992 0.200709
284.794 21.5689 0.202079
286.642 21.9435 0.20343
288.501 22.3231 0.204762
290.373 22.7075 0.206074
292.257 23.0969 0.207364
294.153 23.4913 0.208632
296.061 23.8906 0.209877
297.982 24.2949 0.211097
299.915 24.7041 0.212291
301.86 25.1183 0.213458
303.819 25.5374 0.214597
305.79 25.9615 0.215707
307.773 26.3905 0.216787
309.77 26.8243 0.217835
311.78 27.2631 0.218851
313.802 27.7068 0.219833
315.838 28.1553 0.220779
317.887 28.6086 0.221689
319.949 29.0666 0.222562
322.025 29.5295 0.223395
324.114 29.997 0.224189
326.217 30.4692 0.224941
328.333 30.9459 0.22565
330.463 31.4273 0.226315
332.607 31.9131 0.226935
334.764 32.4034 0.227509
336.936 32.8981 0.228034
339.122 33.397 0.228511
341.322 33.9002 0.228937
343.536 34.4076 0.229311
345.765 34.919 0.229632
348.008 35.4344 0.2299
350.266 35.9537 0.230111
352.538 36.4767 0.230266
354.825 37.0034 0.230363
357.127 37.5338 0.230401
359.444 38.0675 0.230379
361.776 38.6046 0.230295
364.123 39.145 0.230148
366.485 39.6884 0.229938
368.862 40.2347 0.229663
371.255 40.7839 0.229322
373.664 41.3357 0.228915
376.088 41.89 0.228439
378.528 42.4467 0.227895
380.983 43.0056 0.22728
383.455 43.5665 0.226596
385.942 44.1292 0.225839
388.446 44.6936 0.225011
390.966 45.2595 0.22411
393.502 45.8267 0.223135
396.055 46.395 0.222087
398.625 46.9642 0.220963
401.211 47.534 0.219765
403.813 48.1044 0.218491
406.433 48.675 0.217141
409.07 49.2456 0.215715
411.724 49.8161 0.214212
414.395 50.3862 0.212634
417.083 50.9556 0.210978
419.789 51.5241 0.209247
422.512 52.0915 0.207439
425.253 52.6575 0.205555
428.012 53.2218 0.203595
430.788 53.7843 0.20156
433.583 54.3447 0.19945
436.396 54.9026 0.197266
439.227 55.4579 0.195009
442.076 56.0102 0.192678
444.944 56.5594 0.190276
447.831 57.105 0.187803
450.736 57.647 0.18526
453.66 58.1849 0.182648
456.603 58.7185 0.179969
459.565 59.2475 0.177224
462.547 59.7717 0.174414
465.547 60.2907 0.171542
468.567 60.8044 0.168609
471.607 61.3124 0.165616
474.667 61.8144 0.162566
477.746 62.3102 0.159461
480.845 62.7995 0.156302
483.965 63.2821 0.153093
487.104 63.7576 0.149834
490.264 64.2259 0.146529
493.445 64.6866 0.143181
496.646 65.1395 0.139791
499.868 65.5844 0.136362
503.111 66.021 0.132898
506.375 66.449 0.129401
509.66 66.8683 0.125873
512.966 67.2786 0.122319
516.294 67.6797 0.11874
519.643 68.0714 0.11514
523.014 68.4535 0.111522
526.407 68.8257 0.107889
529.822 69.1879 0.104245
533.26 69.5399 0.100593
536.719 69.8816 0.096935
540.201 70.2127 0.0932759
543.705 70.5332 0.0896183
547.233 70.8429 0.0859657
550.783 71.1416 0.0823214
554.356 71.4292 0.0786888
557.952 71.7057 0.075071
561.572 71.9709 0.0714714
565.215 72.2248 0.0678933
568.882 72.4672 0.0643399
572.572 72.6982 0.0608144
576.287 72.9176 0.0573198
580.025 73.1254 0.0538592
583.788 73.3216 0.0504358
587.575 73.5062 0.0470522
591.387 73.6792 0.0437115
595.224 73.8406 0.0404163
599.085 73.9904 0.0371693
602.971 74.1286 0.033973
606.883 74.2554 0.03083
610.82 74.3707 0.0277425
614.783 74.4746 0.0247127
618.771 74.5673 0.0217427
622.785 74.6487 0.0188344
626.826 74.7191 0.0159898
630.892 74.7784 0.0132104
634.985 74.8269 0.0104978
639.104 74.8647 0.00785338
643.25 74.892 0.0052784
647.423 74.9088 0.00277393
651.623 74.9153 0.000340927
655.851 74.916 0
660.105 74.916 0
664.388 74.916 0
668.698 74.916 0
673.036 74.916 0
677.402 74.916 0
681.797 74.916 0
686.22 74.916 0
690.671 74.916 0
695.152 74.916 0
699.662 74.916 0
704.201 74.916 0
708.769 74.916 0
713.367 74.916 0
717.995 74.916 0
722.653 74.916 0
727.341 74.916 0
732.06 74.916 0
736.809 74.916 0
741.589 74.916 0
746.4 74.916 0
751.242 74.916 0
756.115 74.916 0
761.021 74.916 0
765.958 74.916 0
770.927 74.916 0
775.928 74.916 0
780.962 74.916 0
786.028 74.916 0
791.127 74.916 0
796.26 74.916 0
801.425 74.916 0
806.624 74.916 0
811.857 74.916 0
817.124 74.916 0
822.425 74.916 0
827.76 74.916 0
833.13 74.916 0
838.535 74.916 0
843.975 74.916 0
849.45 74.916 0
854.961 74.916 0
860.507 74.916 0
866.09 74.916 0
871.708 74.916 0
877.363 74.916 0
883.055 74.916 0
888.784 74.916 0
894.55 74.916 0
900.353 74.916 0
906.194 74.916 0
912.073 74.916 0
917.99 74.916 0
923.945 74.916 0
929.939 74.916 0
935.972 74.916 0
942.044 74.916 0
948.155 74.916 0
954.306 74.916 0
960.497 74.916 0
966.728 74.916 0
973 74.916 0
979.312 74.916 0
985.665 74.916 0
992.059 74.916 0
998.495 74.916 0
1004.97 74.916 0
1011.49 74.916 0
1018.05 74.916 0
1024.66 74.916 0
1031.31 74.916 0
1038 74.916 0
1044.73 74.916 0
1051.51 74.916 0
1058.33 74.916 0
1065.2 74.916 0
1072.11 74.916 0
1079.06 74.916 0
1086.06 74.916 0
1093.11 74.916 0
1100.2 74.916 0
1107.34 74.916 0
1114.52 74.916 0
1121.75 74.916 0
1129.03 74.916 0
1136.35 74.916 0
1143.72 74.916 0
1151.14 74.916 0
1158.61 74.916 0
1166.13 74.916 0
1173.69 74.916 0
1181.31 74.916 0
1188.97 74.916 0
1196.68 74.916 0
1204.45 74.916 0
1212.26 74.916 0
1220.12 74.916 0
1228.04 74.916 0
1236.01 74.916 0
1244.02 74.916 0
1252.09 74.916 0
1260.22 74.916 0
1268.39 74.916 0
1276.62 74.916 0
1284.9 74.916 0
1293.24 74.916 0
1301.63 74.9225 0.00155426
1310.07 74.9469 0.0042137
1318.57 74.9947 0.00702429
1327.13 75.0674 0.00999458
1335.74 75.167 0.0131335
1344.4 75.2952 0.0164505
1353.12 75.4539 0.0199553
1361.9 75.6454 0.0236581
1370.74 75.8717 0.0275696
1379.63 76.1352 0.0317009
1388.58 76.4384 0.0360634
1397.59 76.7841 0.040669
1406.65 77.1748 0.0455299
1415.78 77.6137 0.0506587
1424.96 78.1038 0.0560682
1434.21 78.6485 0.0617717
1443.51 79.2512 0.0677825
1452.88 79.9156 0.074114
1462.3 80.6456 0.0807799
1471.79 81.4451 0.0877937
1481.34 82.3186 0.0951687
1490.95 83.2704 0.102918
1500.62 84.3052 0.111055
1510.35 85.4279 0.119592
1520.15 86.6435 0.128539
1530.01 87.9573 0.137909
1539.94 89.3748 0.147711
1549.93 90.9017 0.157953
1559.98 92.5436 0.168643
1570.1 94.3067 0.179785
1580.29 96.197 0.191385
1590.54 98.2209 0.203442
1600.86 100.385 0.215956
1611.25 102.695 0.228923
1621.7 105.158 0.242338
1632.22 107.78 0.256191
1642.81 110.568 0.27047
1653.47 113.529 0.285158
1664.19 116.669 0.300238
1674.99 119.994 0.315685
1685.85 123.51 0.331475
1696.79 127.223 0.347578
1707.8 131.139 0.363962
1718.88 135.264 0.380589
1730.03 139.602 0.397422
1741.25 144.157 0.414419
1752.55 148.935 0.431537
1763.92 153.939 0.44873
1775.36 159.173 0.465951
1786.88 164.638 0.483151
1798.47 170.339 0.500284
1810.14 176.275 0.517301
1821.88 182.448 0.534153
1833.7 188.86 0.550796
1845.6 195.51 0.567185
1857.57 202.397 0.583277
1869.62 209.521 0.599033
1881.75 216.88 0.614416
1893.96 224.472 0.629394
1906.24 232.294 0.643935
1918.61 240.344 0.658016
1931.06 248.619 0.671613
1943.58 257.115 0.68471
1956.19 265.827 0.697291
1968.88 274.753 0.709347
1981.66 283.887 0.720871
1994.51 293.225 0.731861
2007.45 302.762 0.742317
2020.47 312.494 0.752243
2033.58 322.416 0.761645
2046.77 332.522 0.770531
2060.05 342.809 0.778913
2073.42 353.272 0.786804
2086.87 363.905 0.794219
2100.41 374.704 0.801173
2114.03 385.665 0.807684
2127.75 396.784 0.813769
2141.55 408.056 0.819447
2155.44 419.477 0.824736
2169.43 431.044 0.829656
2183.5 442.753 0.834227
2197.66 454.6 0.838465
2211.92 466.582 0.842391
2226.27 478.696 0.846023
2240.71 490.939 0.849378
2255.25 503.308 0.852474
2269.88 515.801 0.855327
2284.61 528.415 0.857953
2299.43 541.149 0.860368
2314.34 554 0.862586
2329.36 566.966 0.864622
2344.47 580.046 0.866487
2359.68 593.238 0.868195
2374.99 606.54 0.869758
2390.39 619.952 0.871186
2405.9 633.471 0.87249
2421.51 647.098 0.873679
2437.22 660.832 0.874763
2453.03 674.671 0.87575
2468.94 688.614 0.876648
2484.96 702.662 0.877465
2501.08 716.813 0.878206
2517.31 731.068 0.878879
2533.64 745.426 0.87949
2550.07 759.886 0.880042
2566.62 774.449 0.880543
2583.27 789.114 0.880996
2600.03 803.882 0.881405
2616.89 818.752 0.881774
2633.87 833.724 0.882108
2650.96 848.799 0.882409
2668.15 863.977 0.88268
2685.46 879.258 0.882923
2702.89 894.642 0.883143
2720.42 910.129 0.88334
2738.07 925.72 0.883517
2755.83 941.415 0.883676
2773.71 957.215 0.883819
2791.7 973.119 0.883947
2809.81 989.129 0.884061
2828.04 1005.25 0.884163
2846.39 1021.47 0.884255
2864.85 1037.8 0.884337
2883.44 1054.23 0.88441
2902.15 1070.78 0.884475
2920.97 1087.43 0.884533
2939.92 1104.19 0.884584
2958.99 1121.06 0.88463
2978.19 1138.04 0.884671
2997.51 1155.14 0.884707
3016.96 1172.34 0.884739
3036.53 1189.66 0.884768
3056.23 1207.09 0.884793
3076.05 1224.63 0.884816
3096.01 1242.29 0.884835
3116.1 1260.06 0.884853
3136.31 1277.95 0.884868
3156.66 1295.95 0.884882
3177.14 1314.07 0.884894
3197.75 1332.31 0.884905
3218.49 1350.67 0.884914
3239.37 1369.15 0.884922
3260.39 1387.74 0.884929
3281.54 1406.46 0.884936
3302.83 1425.3 0.884941
3324.25 1444.26 0.884946
3345.82 1463.34 0.88495
3367.52 1482.55 0.884954
3389.37 1501.89 0.884957
3411.36 1521.34 0.88496
3433.49 1540.93 0.884962
3455.76 1560.64 0.884965
3478.18 1580.48 0.884967
3500.75 1600.45 0.884968
3523.46 1620.55 0.88497
3546.31 1640.78 0.884971
3569.32 1661.14 0.884972
3592.48 1681.63 0.884973
3615.78 1702.25 0.884974
3639.24 1723.01 0.884974
3662.85 1743.9 0.884975
3686.61 1764.93 0.884975
3710.53 1786.1 0.884976
3734.6 1807.4 0.884976
3758.82 1828.84 0.884977
3783.21 1850.42 0.884977
3807.75 1872.14 0.884977
3832.45 1894 0.884977
3857.32 1916.01 0.884977
3882.34 1938.15 0.884978
3907.53 1960.44 0.884978
3932.88 1982.87 0.884978
3958.39 2005.45 0.884978
3984.07 2028.18 0.884978
4009.92 2051.05 0.884978
4035.93 2074.07 0.884978
4062.11 2097.25 0.884978
4088.47 2120.57 0.884978
4114.99 2144.04 0.884978
4141.68 2167.66 0.884978
4168.55 2191.44 0.884978
4195.6 2215.37 0.884978
4222.81 2239.46 0.884978
4250.21 2263.71 0.884978
4277.78 2288.11 0.884978
4305.53 2312.67 0.884978
4333.46 2337.39 0.884978
4361.58 2362.26 0.884978
4389.87 2387.3 0.884978
4418.35 2412.51 0.884978
4447.01 2437.87 0.884978
4475.86 2463.41 0.884978
4504.9 2489.1 0.884978
4534.12 2514.97 0.884978
4563.54 2541 0.884978
4593.14 2567.2 0.884978
4622.94 2593.57 0.884978
4652.93 2620.11 0.884978
4683.12 2646.82 0.884978
4713.5 2673.71 0.884978
4744.08 2700.77 0.884978
4774.85 2728.01 0.884978
4805.83 2755.42 0.884978
4837.01 2783.01 0.884978
4868.39 2810.78 0.884978
4899.97 2838.73 0.884978
4931.76 2866.86 0.884978
4963.75 2895.18 0.884978
4995.95 2923.67 0.884978
5028.36 2952.36 0.884978
5060.98 2981.22 0.884978
5093.82 3010.28 0.884978
5126.86 3039.52 0.884978
5160.12 3068.96 0.884978
5193.6 3098.58 0.884978
5227.29 3128.4 0.884978
5261.2 3158.41 0.884978
5295.33 3188.62 0.884978
5329.68 3219.02 0.884978
5364.26 3249.62 0.884978
5399.06 3280.41 0.884978
5434.09 3311.41 0.884978
5469.34 3342.61 0.884978
5504.82 3374.01 0.884978
5540.53 3405.61 0.884978
5576.48 3437.42 0.884978
5612.65 3469.44 0.884978
5649.06 3501.66 0.884978
5685.71 3534.09 0.884978
5722.6 3566.74 0.884978
5759.72 3599.59 0.884978
5797.09 3632.66 0.884978
5834.69 3665.94 0.884978
5872.55 3699.44 0.884978
5910.64 3733.15 0.884978
5948.99 3767.09 0.884978
5987.58 3801.24 0.884978
6026.42 3835.62 0.884978
6065.52 3870.22 0.884978
6104.87 3905.04 0.884978
6144.47 3940.09 0.884978
6184.33 3975.37 0.884978
6224.45 4010.87 0.884978
6264.83 4046.61 0.884978
6305.48 4082.57 0.884978
6346.38 4118.77 0.884978
6387.55 4155.21 0.884978
6428.99 4191.88 0.884978
6470.7 4228.79 0.884978
6512.68 4265.94 0.884978
6554.93 4303.33 0.884978
6597.45 4340.97 0.884978
6640.25 4378.84 0.884978
6683.33 4416.96 0.884978
6726.69 4455.34 0.884978
6770.32 4493.95 0.884978
6814.25 4532.82 0.884978
6858.45 4571.95 0.884978
6902.95 4611.32 0.884978
6947.73 4650.95 0.884978
6992.8 4690.84 0.884978
7038.16 4730.99 0.884978
7083.82 4771.39 0.884978
7129.78 4812.06 0.884978
7176.03 4853 0.884978
7222.59 4894.2 0.884978
7269.44 4935.66 0.884978
7316.6 4977.4 0.884978
7364.07 5019.4 0.884978
7411.84 5061.68 0.884978
7459.92 5104.23 0.884978
7508.32 5147.06 0.884978
7557.03 5190.17 0.884978
7606.05 5233.55 0.884978
7655.39 5277.22 0.884978
7705.06 5321.17 0.884978
7755.04 5365.41 0.884978
7805.35 5409.93 0.884978
7855.99 5454.74 0.884978
7906.95 5499.85 0.884978
7958.25 5545.24 0.884978
8009.88 5590.93 0.884978
8061.84 5636.92 0.884978
8114.14 5683.2 0.884978
8166.78 5729.79 0.884978
8219.76 5776.67 0.884978
8273.08 5823.86 0.884978
8326.76 5871.36 0.884978
8380.77 5919.17 0.884978
8435.14 5967.28 0.884978
8489.86 6015.71 0.884978
8544.94 6064.45 0.884978
8600.38 6113.51 0.884978
8656.17 6162.89 0.884978
8712.32 6212.58 0.884978
8768.84 6262.6 0.884978
8825.73 6312.95 0.884978
8882.99 6363.62 0.884978
8940.61 6414.61 0.884978
8998.61 6465.94 0.884978
9056.99 6517.61 0.884978
9115.75 6569.6 0.884978
9174.89 6621.94 0.884978
9234.41 6674.61 0.884978
9294.31 6727.63 0.884978
9354.61 6780.99 0.884978
9415.29 6834.7 0.884978
9476.38 6888.75 0.884978
9537.85 6943.16 0.884978
9599.73 6997.91 0.884978
9662 7053.03 0.884978
9724.68 7108.5 0.884978
9787.77 7164.33 0.884978
9851.27 7220.52 0.884978
9915.18 7277.08 0.884978
9979.5 7334.01 0.884978
10044.2 7391.3 0.884978
10109.4 7448.97 0.884978
10175 7507.01 0.884978
10241 7565.42 0.884978
10307.4 7624.22 0.884978
10374.3 7683.39 0.884978
10441.6 7742.95 0.884978
10509.3 7802.9 0.884978
10577.5 7863.24 0.884978
10646.1 7923.97 0.884978
10715.2 7985.09 0.884978
10784.7 8046.6 0.884978
10854.7 8108.52 0.884978
10925.1 8170.84 0.884978
10996 8233.56 0.884978
11067.3 8296.69 0.884978
11139.1 8360.23 0.884978
11211.4 8424.18 0.884978
11284.1 8488.55 0.884978
11357.3 8553.33 0.884978
11431 8618.54 0.884978
11505.1 8684.16 0.884978
11579.8 8750.22 0.884978
11654.9 8816.7 0.884978
11730.5 8883.61 0.884978
11806.6 8950.96 0.884978
11883.2 9018.74 0.884978
11960.3 9086.97 0.884978
12037.9 9155.63 0.884978
12116 9224.74 0.884978
12194.6 9294.3 0.884978
12273.7 9364.31 0.884978
12353.3 9434.78 0.884978
12433.5 9505.7 0.884978
12514.1 9577.08 0.884978
12595.3 9648.93 0.884978
12677 9721.24 0.884978
12759.2 9794.02 0.884978
12842 9867.28 0.884978
12925.3 9941 0.884978
13009.2 10015.2 0.884978
13093.6 10089.9 0.884978
13178.5 10165.1 0.884978
13264 10240.7 0.884978
13350.1 10316.9 0.884978
13436.7 10393.5 0.884978
13523.8 10470.7 0.884978
13611.6 10548.3 0.884978
13699.9 10626.5 0.884978
13788.8 10705.1 0.884978
13878.2 10784.3 0.884978
13968.2 10864 0.884978
14058.9 10944.1 0.884978
14150.1 11024.9 0.884978
14241.9 11106.1 0.884978
14334.2 11187.9 0.884978
14427.2 11270.2 0.884978
14520.8 11353 0.884978
14615 11436.4 0.884978
14709.8 11520.3 0.884978
14805.3 11604.7 0.884978
14901.3 11689.7 0.884978
14998 11775.3 0.884978
15095.3 11861.4 0.884978
15193.2 11948 0.884978
15291.8 12035.3 0.884978
15391 12123.1 0.884978
15490.8 12211.4 0.884978
15591.3 12300.4 0.884978
15692.5 12389.9 0.884978
15794.3 12480 0.884978
15896.7 12570.6 0.884978
15999.9 12661.9 0.884978
16103.7 12753.8 0.884978
16208.1 12846.2 0.884978
16313.3 12939.3 0.884978
16419.1 13032.9 0.884978
16525.6 13127.2 0.884978
16632.8 13222.1 0.884978
16740.7 13317.6 0.884978
16849.3 13413.7 0.884978
16958.7 13510.4 0.884978
17068.7 13607.8 0.884978
17179.4 13705.8 0.884978
17290.8 13804.4 0.884978
17403 13903.7 0.884978
17515.9 14003.6 0.884978
17629.6 14104.1 0.884978
17743.9 14205.3 0.884978
17859 14307.2 0.884978
17974.9 14409.8 0.884978
18091.5 14512.9 0.884978
18208.9 14616.8 0.884978
18327 14721.4 0.884978
18445.9 14826.6 0.884978
18565.5 14932.5 0.884978
18686 15039.1 0.884978
18807.2 15146.3 0.884978
18929.2 15254.3 0.884978
19052 15363 0.884978
19175.6 15472.4 0.884978
19300 15582.5 0.884978
19425.2 15693.3 0.884978
19551.2 15804.8 0.884978
19678.1 15917 0.884978
19805.7 16030 0.884978
19934.2 16143.7 0.884978
20063.5 16258.2 0.884978
20193.7 16373.4 0.884978
20324.7 16489.3 0.884978
20456.6 16606 0.884978
20589.3 16723.4 0.884978
20722.8 16841.6 0.884978
20857.3 16960.6 0.884978
20992.6 17080.3 0.884978
21128.8 17200.9 0.884978
21265.8 17322.2 0.884978
21403.8 17444.3 0.884978
21542.7 17567.1 0.884978
21682.4 17690.8 0.884978
21823.1 17815.3 0.884978
21964.6 17940.6 0.884978
22107.1 18066.7 0.884978
22250.6 18193.6 0.884978
22394.9 18321.4 0.884978
22540.2 18449.9 0.884978
22686.4 18579.3 0.884978
22833.6 18709.6 0.884978
22981.7 18840.7 0.884978
23130.8 18972.6 0.884978
23280.9 19105.4 0.884978
23431.9 19239.1 0.884978
23583.9 19373.6 0.884978
23736.9 19509 0.884978
23890.9 19645.3 0.884978
24045.9 19782.5 0.884978
24201.9 19920.5 0.884978
24358.9 20059.5 0.884978
24516.9 20199.3 0.884978
24676 20340.1 0.884978
24836 20481.7 0.884978
24997.2 20624.3 0.884978
25159.3 20767.8 0.884978
25322.5 20912.3 0.884978
25486.8 21057.6 0.884978
25652.2 21204 0.884978
25818.6 21351.2 0.884978
25986.1 21499.5 0.884978
26154.7 21648.7 0.884978
26324.3 21798.8 0.884978
26495.1 21950 0.884978
26667 22102.1 0.884978
26840 22255.2 0.884978
27014.1 22409.3 0.884978
27189.4 22564.4 0.884978
27365.7 22720.5 0.884978
27543.3 22877.6 0.884978
27722 23035.7 0.884978
27901.8 23194.9 0.884978
28082.8 23355 0.884978
28265 23516.3 0.884978
28448.4 23678.5 0.884978
28632.9 23841.9 0.884978
28818.7 24006.3 0.884978
29005.6 24171.7 0.884978
29193.8 24338.2 0.884978
29383.2 24505.8 0.884978
29573.8 24674.5 0.884978
29765.7 24844.3 0.884978
29958.8 25015.2 0.884978
30153.1 25187.2 0.884978
30348.7 25360.3 0.884978
30545.6 25534.6 0.884978
30743.8 25709.9 0.884978
30943.2 25886.4 0.884978
31143.9 26064.1 0.884978
31346 26242.9 0.884978
31549.3 26422.8 0.884978
31754 26604 0.884978
31960 26786.3 0.884978
32167.3 26969.8 0.884978
32376 27154.5 0.884978
32586.1 27340.3 0.884978
32797.5 27527.4 0.884978
33010.2 27715.7 0.884978
33224.4 27905.2 0.884978
33439.9 28096 0.884978
33656.9 28288 0.884978
33875.2 28481.2 0.884978
34095 28675.7 0.884978
34316.1 28871.4 0.884978
34538.8 29068.4 0.884978
34762.8 29266.7 0.884978
34988.3 29466.3 0.884978
35215.3 29667.2 0.884978
35443.8 29869.3 0.884978
35673.7 30072.8 0.884978
35905.1 30277.6 0.884978
36138.1 30483.8 0.884978
36372.5 30691.3 0.884978
36608.5 30900.1 0.884978
36846 31110.3 0.884978
37085 31321.8 0.884978
37325.6 31534.7 0.884978
37567.7 31749 0.884978
37811.4 31964.7 0.884978
38056.7 32181.8 0.884978
38303.6 32400.3 0.884978
38552.1 32620.2 0.884978
38802.2 32841.5 0.884978
39053.9 33064.3 0.884978
39307.3 33288.5 0.884978
39562.3 33514.2 0.884978
39819 33741.3 0.884978
40077.3 33969.9 0.884978
40337.3 34200 0.884978
40599 34431.6 0.884978
40862.3 34664.7 0.884978
41127.4 34899.2 0.884978
41394.2 35135.4 0.884978
41662.8 35373 0.884978
41933.1 35612.2 0.884978
42205.1 35853 0.884978
42478.9 36095.3 0.884978
42754.5 36339.1 0.884978
43031.8 36584.6 0.884978
43311 36831.7 0.884978
43592 37080.3 0.884978
43874.8 37330.6 0.884978
44159.4 37582.5 0.884978
44445.9 37836 0.884978
44734.2 38091.2 0.884978
45024.4 38348 0.884978
45316.5 38606.5 0.884978
45610.5 38866.7 0.884978
45906.4 39128.5 0.884978
46204.2 39392.1 0.884978
46503.9 39657.3 0.884978
46805.6 39924.3 0.884978
47109.3 40193 0.884978
47414.9 40463.5 0.884978
47722.5 40735.7 0.884978
48032.1 41009.7 0.884978
48343.7 41285.5 0.884978
48657.3 41563 0.884978
48972.9 41842.4 0.884978
49290.7 42123.5 0.884978
49610.4 42406.5 0.884978
49932.3 42691.3 0.884978
50256.2 42978 0.884978
50582.2 43266.5 0.884978
50910.4 43556.9 0.884978
51240.6 43849.2 0.884978
51573.1 44143.4 0.884978
51907.6 44439.5 0.884978
52244.4 44737.5 0.884978
52583.3 45037.4 0.884978
52924.4 45339.3 0.884978
53267.8 45643.2 0.884978
53613.3 45949 0.884978
53961.1 46256.8 0.884978
54311.2 46566.6 0.884978
54663.5 46878.4 0.884978
55018.2 47192.2 0.884978
55375.1 47508.1 0.884978
55734.3 47826 0.884978
56095.9 48146 0.884978
