5.78741e-09 5.95396e-15 4.29514e-06
5.8738e-08 3.33166e-13 8.58285e-06
5.86595e-07 1.45059e-11 3.56977e-05
4.6076e-06 3.38009e-10 8.97843e-05
5.86875e-06 4.61297e-10 0.000114002
2.3369e-05 3.31505e-09 0.000192532
7.39119e-05 1.62978e-08 0.000292274
0.000147358 4.17301e-08 0.000330144
0.000152693 4.34471e-08 0.000292479
0.000165528 4.67976e-08 0.000304172
0.000294481 1.01986e-07 0.000463041
0.000466785 1.89679e-07 0.00054542
0.000739961 3.52227e-07 0.00041641
0.000792747 3.70702e-07 0.000446592
0.000859333 4.13069e-07 0.00055442
0.000931697 4.48502e-07 0.00055104
0.00117285 6.10601e-07 0.000697128
0.00147667 8.31244e-07 0.000750516
0.0017323 1.02935e-06 0.000535855
0.00185963 1.08409e-06 0.000525282
0.00294795 2.00733e-06 0.000908255
0.00467391 3.71532e-06 0.00105104
0.00633042 5.56999e-06 0.00091467
0.0070765 6.16755e-06 0.00093479
0.00933155 8.92099e-06 0.00127133
0.0117504 1.21316e-05 0.00137956
0.0154948 1.7543e-05 0.00122736
0.0177925 2.00421e-05 0.00125466
0.0234638 2.89812e-05 0.00164107
0.0295474 3.94039e-05 0.00177172
0.0354913 5.03041e-05 0.00128079
0.0389653 5.38549e-05 0.00125817
0.0549487 8.51279e-05 0.00191362
0.0590129 9.27925e-05 0.00199187
0.0713035 0.000119369 0.00114686
0.0787306 0.000125461 0.00110854
0.10265 0.000178607 0.00176378
0.112568 0.000193736 0.00180901
0.132297 0.000240204 0.00240921
0.146764 0.000275794 0.00181491
0.15911 0.000293738 0.00177613
0.191354 0.000375514 0.00260957
0.227502 0.000472769 0.000973271
0.245257 0.000484229 0.000805937
0.256566 0.000495831 0.00103354
0.268397 0.000508152 0.00104919
0.280773 0.000521236 0.00106507
0.293719 0.00053513 0.0010812
0.307263 0.000549885 0.00109757
0.321432 0.000565555 0.00111419
0.336253 0.000582195 0.00113106
0.351758 0.000599866 0.00114818
0.367978 0.000618631 0.00116556
0.384946 0.000638559 0.00118321
0.402697 0.000659722 0.00120112
0.421266 0.000682195 0.00121931
0.440691 0.000706061 0.00123777
0.461012 0.000731406 0.00125651
0.48227 0.00075832 0.00127553
0.504508 0.000786902 0.00129484
0.527771 0.000817254 0.00131445
0.552107 0.000849487 0.00133435
0.577566 0.000883717 0.00135455
0.604198 0.000920067 0.00137506
0.632059 0.000958668 0.00139588
0.661204 0.000999662 0.00141701
0.691693 0.00104319 0.00143847
0.723588 0.00108942 0.00146024
0.756953 0.00113852 0.00148235
0.791857 0.00119065 0.00150479
0.828371 0.00124602 0.00152758
0.866568 0.00130481 0.00155071
0.906527 0.00136725 0.00157418
0.948328 0.00143355 0.00159802
0.992057 0.00150396 0.00162221
1.0378 0.00157874 0.00164677
1.08566 0.00165815 0.0016717
1.13572 0.00174247 0.00169701
1.18809 0.00183202 0.00172271
1.24287 0.00192712 0.00174879
1.30018 0.00202811 0.00177526
1.36014 0.00213535 0.00180214
1.42285 0.00224924 0.00182943
1.48846 0.00237018 0.00185712
1.5571 0.00249862 0.00188524
1.6289 0.00263501 0.00191378
1.70401 0.00277985 0.00194276
1.78258 0.00293367 0.00197217
1.86478 0.00309701 0.00200203
1.95077 0.00327047 0.00203234
2.04072 0.00345468 0.00206311
2.13482 0.0036503 0.00209435
2.23326 0.00385804 0.00212606
2.33624 0.00407865 0.00215824
2.44396 0.00431292 0.00219092
2.55666 0.00456171 0.00222409
2.67455 0.00482591 0.00225776
2.79788 0.00510648 0.00229195
2.92689 0.00540443 0.00232665
3.06185 0.00572083 0.00236187
3.20304 0.00605684 0.00239763
3.35074 0.00641366 0.00243393
3.50524 0.00679259 0.00247078
3.66688 0.00719499 0.00250819
3.83596 0.00762232 0.00254616
4.01284 0.00807613 0.00258471
4.19788 0.00855804 0.00262385
4.39145 0.00906982 0.00266357
4.59395 0.00961329 0.0027039
4.80578 0.0101904 0.00274483
5.02738 0.0108033 0.00278639
5.2592 0.0114542 0.00282858
5.50171 0.0121454 0.0028714
5.7554 0.0128794 0.00291488
6.02079 0.0136589 0.00295901
6.29841 0.0144866 0.00300381
6.58884 0.0153657 0.00304928
6.89266 0.0162992 0.00309545
7.21049 0.0172905 0.00314232
7.54298 0.0183433 0.00318989
7.8908 0.0194612 0.00323819
8.25465 0.0206484 0.00328721
8.63529 0.0219092 0.00333698
9.03347 0.0232481 0.0033875
9.45002 0.0246699 0.00343879
9.88577 0.0261798 0.00349085
10.3416 0.0277832 0.00354371
10.8185 0.029486 0.00359736
11.3173 0.0312942 0.00365182
11.8392 0.0332145 0.00370711
12.3851 0.0352537 0.00376324
12.9562 0.0374193 0.00382021
13.5536 0.039719 0.00387805
14.1786 0.0421611 0.00393677
14.8324 0.0447546 0.00399637
15.5164 0.0475087 0.00405687
16.2318 0.0504335 0.00411829
16.9803 0.0535394 0.00418065
17.7633 0.0568378 0.00424394
18.5824 0.0603405 0.0043082
19.4392 0.0640601 0.00437342
20.3356 0.0680102 0.00443964
21.2733 0.072205 0.00450685
22.2543 0.0766597 0.00457509
23.2804 0.0813904 0.00464435
24.3539 0.0864141 0.00471467
25.4769 0.091749 0.00478605
26.6517 0.0974144 0.00485851
27.8806 0.103431 0.00493207
29.1662 0.10982 0.00500674
30.5111 0.116605 0.00508254
31.9181 0.12381 0.00515949
33.3898 0.131462 0.00523761
34.9295 0.139587 0.00531691
36.5401 0.148216 0.0053974
38.225 0.15738 0.00547912
39.9877 0.167111 0.00556208
41.8315 0.177445 0.00564629
43.7605 0.188419 0.00573177
45.7783 0.200073 0.00581855
47.8892 0.212449 0.00590664
50.0974 0.225592 0.00599607
52.4075 0.239549 0.00608685
54.8241 0.254371 0.00617901
57.3521 0.27011 0.00627256
59.9967 0.286825 0.00636752
62.7632 0.304575 0.00646393
65.6573 0.323425 0.00656179
68.6849 0.343443 0.00666114
71.852 0.364701 0.00676199
75.1652 0.387275 0.00686552
75.1652 0.387275 0.00686451
75.6528 0.390699 0.00717765
76.1436 0.394299 0.00749252
76.6376 0.398078 0.00780914
77.1348 0.40204 0.00812752
77.6352 0.406187 0.00844766
78.1388 0.410523 0.00876958
78.6457 0.41505 0.00909326
79.1559 0.419773 0.00941874
79.6694 0.424693 0.009746
80.1863 0.429816 0.0100751
80.7065 0.435143 0.0104059
81.23 0.440678 0.0107386
81.757 0.446425 0.0110731
82.2874 0.452387 0.0114094
82.8212 0.458568 0.0117476
83.3585 0.464971 0.0120875
83.8993 0.4716 0.0124294
84.4436 0.478459 0.0127731
84.9914 0.485551 0.0131186
85.5428 0.49288 0.013466
86.0977 0.50045 0.0138153
86.6563 0.508264 0.0141665
87.2184 0.516327 0.0145195
87.7842 0.524643 0.0148744
88.3537 0.533216 0.0152313
88.9269 0.542049 0.01559
89.5038 0.551147 0.0159506
90.0845 0.560514 0.0163132
90.6689 0.570154 0.0166777
91.2571 0.580071 0.0170441
91.8491 0.590271 0.0174124
92.4449 0.600756 0.0177827
93.0447 0.611533 0.0181549
93.6483 0.622604 0.0185291
94.2558 0.633975 0.0189053
94.8673 0.645651 0.0192834
95.4827 0.657636 0.0196635
96.1021 0.669934 0.0200455
96.7256 0.682551 0.0204295
97.3531 0.695492 0.0208156
97.9847 0.708761 0.0212036
98.6203 0.722363 0.0215936
99.2601 0.736303 0.0219856
99.904 0.750588 0.0223796
100.552 0.76522 0.0227756
101.204 0.780207 0.0231737
101.861 0.795553 0.0235737
102.522 0.811264 0.0239758
103.187 0.827344 0.0243799
103.856 0.8438 0.0247861
104.53 0.860638 0.0251943
105.208 0.877862 0.0256045
105.891 0.895478 0.0260168
106.578 0.913493 0.0264312
107.269 0.931911 0.0268476
107.965 0.95074 0.0272661
108.665 0.969985 0.0276866
109.37 0.989651 0.0281092
110.08 1.00975 0.0285339
110.794 1.03028 0.0289606
111.513 1.05125 0.0293894
112.236 1.07266 0.0298203
112.964 1.09453 0.0302533
113.697 1.11686 0.0306884
114.435 1.13966 0.0311256
115.177 1.16293 0.0315649
115.924 1.18668 0.0320062
116.676 1.21092 0.0324497
117.433 1.23565 0.0328952
118.195 1.26088 0.0333429
118.962 1.28662 0.0337927
119.734 1.31287 0.0342445
120.51 1.33965 0.0346985
121.292 1.36695 0.0351546
122.079 1.39479 0.0356128
122.871 1.42318 0.0360731
123.668 1.45212 0.0365355
124.47 1.48162 0.037
125.278 1.51168 0.0374667
126.091 1.54232 0.0379354
126.909 1.57355 0.0384063
127.732 1.60536 0.0388793
128.561 1.63777 0.0393543
129.395 1.6708 0.0398315
130.234 1.70443 0.0403108
131.079 1.73869 0.0407922
131.929 1.77359 0.0412757
132.785 1.80912 0.0417614
133.646 1.84531 0.0422491
134.513 1.88215 0.0427389
135.386 1.91966 0.0432308
136.264 1.95785 0.0437248
137.148 1.99672 0.0442209
138.038 2.03628 0.0447191
138.934 2.07655 0.0452194
139.835 2.11754 0.0457218
140.742 2.15924 0.0462262
141.655 2.20168 0.0467327
142.574 2.24486 0.0472413
143.499 2.28879 0.0477519
144.43 2.33348 0.0482646
145.367 2.37895 0.0487794
146.31 2.42519 0.0492962
147.259 2.47223 0.049815
148.215 2.52007 0.0503359
149.176 2.56872 0.0508588
150.144 2.61819 0.0513837
151.118 2.6685 0.0519106
152.098 2.71965 0.0524395
153.085 2.77165 0.0529704
154.078 2.82452 0.0535033
155.078 2.87827 0.0540382
156.084 2.9329 0.054575
157.096 2.98844 0.0551138
158.115 3.04488 0.0556545
159.141 3.10225 0.0561972
160.173 3.16055 0.0567418
161.213 3.21979 0.0572883
162.258 3.27999 0.0578367
163.311 3.34116 0.058387
164.37 3.40331 0.0589391
165.437 3.46646 0.0594931
166.51 3.53061 0.060049
167.59 3.59577 0.0606067
168.678 3.66197 0.0611661
169.772 3.72921 0.0617274
170.873 3.7975 0.0622905
171.982 3.86687 0.0628553
173.097 3.93731 0.0634219
174.22 4.00885 0.0639902
175.351 4.08149 0.0645603
176.488 4.15526 0.065132
177.633 4.23016 0.0657054
178.785 4.30621 0.0662804
179.945 4.38342 0.066857
181.113 4.4618 0.0674353
182.288 4.54138 0.0680152
183.47 4.62215 0.0685966
184.66 4.70415 0.0691796
185.858 4.78737 0.069764
187.064 4.87184 0.07035
188.278 4.95757 0.0709375
189.499 5.04457 0.0715263
190.728 5.13287 0.0721166
191.966 5.22247 0.0727083
193.211 5.31338 0.0733013
194.464 5.40563 0.0738957
195.726 5.49923 0.0744913
196.996 5.5942 0.0750883
198.274 5.69054 0.0756864
199.56 5.78828 0.0762858
200.855 5.88743 0.0768863
202.158 5.988 0.077488
203.469 6.09002 0.0780908
204.789 6.1935 0.0786946
206.118 6.29845 0.0792995
207.455 6.40489 0.0799053
208.801 6.51284 0.0805122
210.155 6.62231 0.0811199
211.519 6.73332 0.0817285
212.891 6.84588 0.0823379
214.272 6.96002 0.0829482
215.662 7.07575 0.0835591
217.061 7.19308 0.0841708
218.469 7.31204 0.0847832
219.886 7.43264 0.0853961
221.313 7.55489 0.0860096
222.749 7.67882 0.0866237
224.194 7.80444 0.0872382
225.648 7.93176 0.0878531
227.112 8.06082 0.0884684
228.585 8.19162 0.089084
230.068 8.32418 0.0896999
231.561 8.45852 0.090316
233.063 8.59466 0.0909322
234.575 8.73261 0.0915485
236.097 8.87239 0.0921648
237.628 9.01403 0.0927812
239.17 9.15753 0.0933974
240.722 9.30292 0.0940135
242.283 9.45022 0.0946293
243.855 9.59944 0.0952449
245.437 9.7506 0.0958602
247.029 9.90372 0.096475
248.632 10.0588 0.0970893
250.245 10.2159 0.0977031
251.868 10.375 0.0983163
253.502 10.5362 0.0989288
255.147 10.6994 0.0995405
256.802 10.8646 0.100151
258.468 11.032 0.100761
260.145 11.2015 0.10137
261.832 11.3731 0.101978
263.531 11.5468 0.102585
265.24 11.7227 0.10319
266.961 11.9008 0.103794
268.693 12.081 0.104397
270.436 12.2635 0.104998
272.191 12.4483 0.105597
273.956 12.6353 0.106195
275.734 12.8245 0.106791
277.522 13.0161 0.107385
279.323 13.21 0.107977
281.135 13.4062 0.108567
282.959 13.6047 0.109155
284.794 13.8056 0.109741
286.642 14.0089 0.110324
288.501 14.2146 0.110905
290.373 14.4227 0.111483
292.257 14.6333 0.112058
294.153 14.8463 0.112631
296.061 15.0617 0.1132
297.982 15.2797 0.113767
299.915 15.5002 0.11433
301.86 15.7232 0.11489
303.819 15.9487 0.115446
305.79 16.1768 0.115999
307.773 16.4074 0.116549
309.77 16.6407 0.117094
311.78 16.8765 0.117636
313.802 17.115 0.118173
315.838 17.3561 0.118707
317.887 17.5999 0.119235
319.949 17.8463 0.11976
322.025 18.0954 0.12028
324.114 18.3473 0.120795
326.217 18.6018 0.121305
328.333 18.859 0.12181
330.463 19.119 0.122309
332.607 19.3818 0.122804
334.764 19.6473 0.123293
336.936 19.9155 0.123776
339.122 20.1866 0.124253
341.322 20.4605 0.124724
343.536 20.7372 0.125189
345.765 21.0167 0.125648
348.008 21.299 0.1261
350.266 21.5842 0.126546
352.538 21.8723 0.126984
354.825 22.1632 0.127416
357.127 22.457 0.12784
359.444 22.7536 0.128257
361.776 23.0532 0.128666
364.123 23.3556 0.129067
366.485 23.661 0.12946
368.862 23.9692 0.129845
371.255 24.2804 0.130222
373.664 24.5945 0.13059
376.088 24.9115 0.13095
378.528 25.2314 0.1313
380.983 25.5542 0.131641
383.455 25.88 0.131972
385.942 26.2087 0.132294
388.446 26.5403 0.132606
390.966 26.8749 0.132908
393.502 27.2123 0.1332
396.055 27.5527 0.133481
398.625 27.896 0.133752
401.211 28.2423 0.134011
403.813 28.5914 0.134259
406.433 28.9434 0.134496
409.07 29.2983 0.134721
411.724 29.6561 0.134934
414.395 30.0168 0.135135
417.083 30.3804 0.135323
419.789 30.7467 0.135499
422.512 31.116 0.135661
425.253 31.488 0.135811
428.012 31.8629 0.135947
430.788 32.2405 0.136069
433.583 32.6209 0.136177
436.396 33.0041 0.136271
439.227 33.39 0.136351
442.076 33.7786 0.136415
444.944 34.1699 0.136465
447.831 34.5639 0.136499
450.736 34.9605 0.136518
453.66 35.3597 0.136521
456.603 35.7614 0.136507
459.565 36.1658 0.136477
462.547 36.5726 0.136431
465.547 36.9819 0.136367
468.567 37.3936 0.136286
471.607 37.8077 0.136187
474.667 38.2242 0.136071
477.746 38.643 0.135936
480.845 39.0641 0.135782
483.965 39.4874 0.13561
487.104 39.9128 0.135419
490.264 40.3404 0.135208
493.445 40.7701 0.134978
496.646 41.2018 0.134727
499.868 41.6354 0.134457
503.111 42.071 0.134165
506.375 42.5084 0.133853
509.66 42.9475 0.133519
512.966 43.3884 0.133164
516.294 43.8309 0.132787
519.643 44.275 0.132388
523.014 44.7206 0.131966
526.407 45.1676 0.131522
529.822 45.6159 0.131054
533.26 46.0655 0.130563
536.719 46.5163 0.130049
540.201 46.9682 0.12951
543.705 47.4211 0.128947
547.233 47.8749 0.12836
550.783 48.3295 0.127748
554.356 48.7848 0.12711
557.952 49.2407 0.126447
561.572 49.6972 0.125759
565.215 50.154 0.125044
568.882 50.6112 0.124303
572.572 51.0685 0.123536
576.287 51.5259 0.122741
580.025 51.9832 0.12192
583.788 52.4404 0.121071
587.575 52.8973 0.120194
591.387 53.3537 0.11929
595.224 53.8096 0.118358
599.085 54.2647 0.117397
602.971 54.7191 0.116407
606.883 55.1724 0.115389
610.82 55.6247 0.114342
614.783 56.0756 0.113266
618.771 56.5252 0.11216
622.785 56.9731 0.111025
626.826 57.4193 0.10986
630.892 57.8637 0.108665
634.985 58.3059 0.107441
639.104 58.7459 0.106186
643.25 59.1835 0.104901
647.423 59.6185 0.103585
651.623 60.0507 0.102239
655.851 60.48 0.100863
660.105 60.9062 0.0994559
664.388 61.329 0.0980184
668.698 61.7483 0.0965503
673.036 62.1639 0.0950517
677.402 62.5756 0.0935225
681.797 62.9831 0.0919629
686.22 63.3864 0.0903729
690.671 63.7851 0.0887527
695.152 64.1791 0.0871022
699.662 64.5681 0.0854218
704.201 64.9519 0.0837117
708.769 65.3304 0.0819719
713.367 65.7032 0.0802028
717.995 66.0702 0.0784048
722.653 66.4312 0.076578
727.341 66.7858 0.0747228
732.06 67.134 0.0728397
736.809 67.4754 0.0709291
741.589 67.8098 0.0689915
746.4 68.137 0.0670273
751.242 68.4567 0.0650373
756.115 68.7687 0.0630219
761.021 69.0729 0.0609819
765.958 69.3688 0.0589179
770.927 69.6564 0.0568308
775.928 69.9354 0.0547214
780.962 70.2055 0.0525905
786.028 70.4665 0.0504392
791.127 70.7181 0.0482684
796.26 70.9602 0.0460793
801.425 71.1926 0.043873
806.624 71.4149 0.0416507
811.857 71.627 0.0394138
817.124 71.8287 0.0371635
822.425 72.0197 0.0349015
827.76 72.1998 0.0326293
833.13 72.3689 0.0303484
838.535 72.5267 0.0280607
843.975 72.6732 0.0257679
849.45 72.808 0.0234721
854.961 72.931 0.0211753
860.507 73.0421 0.0188796
866.09 73.1411 0.0165872
871.708 73.2278 0.0143006
877.363 73.3023 0.0120223
883.055 73.3642 0.00975492
888.784 73.4137 0.00750117
894.55 73.4505 0.00526399
900.353 73.4746 0.0030464
906.194 73.486 0.000851588
912.073 73.4885 0
917.99 73.4885 0
923.945 73.4885 0
929.939 73.4885 0
935.972 73.4885 0
942.044 73.4885 0
948.155 73.4885 0
954.306 73.4885 0
960.497 73.4885 0
966.728 73.4885 0
973 73.4885 0
979.312 73.4885 0
985.665 73.4885 0
992.059 73.4885 0
998.495 73.4885 0
1004.97 73.4885 0
1011.49 73.4885 0
1018.05 73.4885 0
1024.66 73.4885 0
1031.31 73.4885 0
1038 73.4885 0
1044.73 73.4885 0
1051.51 73.4885 0
1058.33 73.4885 0
1065.2 73.4885 0
1072.11 73.4885 0
1079.06 73.4885 0
1086.06 73.4885 0
1093.11 73.4885 0
1100.2 73.4885 0
1107.34 73.4885 0
1114.52 73.4885 0
1121.75 73.4885 0
1129.03 73.4885 0
1136.35 73.4885 0
1143.72 73.4885 0
1151.14 73.4885 0
1158.61 73.4885 0
1166.13 73.4885 0
1173.69 73.4885 0
1181.31 73.4885 0
1188.97 73.4885 0
1196.68 73.4998 0.00294575
1204.45 73.5411 0.00768378
1212.26 73.621 0.0127648
1220.12 73.7427 0.0181961
1228.04 73.9097 0.0239847
1236.01 74.1252 0.0301365
1244.02 74.393 0.0366572
1252.09 74.7167 0.0435516
1260.22 75.1 0.0508234
1268.39 75.5468 0.0584756
1276.62 76.061 0.0665102
1284.9 76.6467 0.074928
1293.24 77.3079 0.0837287
1301.63 78.0489 0.0929107
1310.07 78.8738 0.102471
1318.57 79.7869 0.112406
1327.13 80.7925 0.122709
1335.74 81.8949 0.133372
1344.4 83.0983 0.144389
1353.12 84.4072 0.155747
1361.9 85.8256 0.167435
1370.74 87.358 0.179439
1379.63 89.0084 0.191744
1388.58 90.7808 0.204333
1397.59 92.6794 0.217188
1406.65 94.7079 0.230288
1415.78 96.8702 0.243612
1424.96 99.1698 0.257137
1434.21 101.61 0.270839
1443.51 104.195 0.284693
1452.88 106.926 0.298671
1462.3 109.807 0.312748
1471.79 112.841 0.326894
1481.34 116.03 0.34108
1490.95 119.376 0.355279
1500.62 122.881 0.36946
1510.35 126.547 0.383595
1520.15 130.374 0.397653
1530.01 134.365 0.411606
1539.94 138.519 0.425426
1549.93 142.837 0.439086
1559.98 147.32 0.452558
1570.1 151.967 0.465817
1580.29 156.778 0.478839
1590.54 161.752 0.491601
1600.86 166.889 0.504081
1611.25 172.187 0.516261
1621.7 177.646 0.528121
1632.22 183.262 0.539645
1642.81 189.036 0.55082
1653.47 194.964 0.561632
1664.19 201.044 0.572072
1674.99 207.275 0.58213
1685.85 213.653 0.5918
1696.79 220.176 0.601076
1707.8 226.841 0.609956
1718.88 233.646 0.618438
1730.03 240.587 0.626523
1741.25 247.662 0.634212
1752.55 254.867 0.641508
1763.92 262.2 0.648417
1775.36 269.657 0.654944
1786.88 277.236 0.661096
1798.47 284.933 0.666881
1810.14 292.746 0.672309
1821.88 300.67 0.677389
1833.7 308.705 0.682133
1845.6 316.845 0.68655
1857.57 325.09 0.690653
1869.62 333.436 0.694454
1881.75 341.88 0.697966
1893.96 350.42 0.7012
1906.24 359.054 0.70417
1918.61 367.779 0.706888
1931.06 376.593 0.709367
1943.58 385.493 0.71162
1956.19 394.479 0.71366
1968.88 403.547 0.715498
1981.66 412.697 0.717147
1994.51 421.926 0.718618
2007.45 431.232 0.719924
2020.47 440.615 0.721075
2033.58 450.074 0.722082
2046.77 459.605 0.722956
2060.05 469.21 0.723706
2073.42 478.886 0.724342
2086.87 488.633 0.724874
2100.41 498.449 0.72531
2114.03 508.335 0.725658
2127.75 518.288 0.725926
2141.55 528.31 0.726122
2155.44 538.399 0.726253
2169.43 548.555 0.726326
2183.5 558.777 0.726346
2197.66 569.066 0.726319
2211.92 579.42 0.726251
2226.27 589.841 0.726147
2240.71 600.327 0.726012
2255.25 610.88 0.72585
2269.88 621.498 0.725665
2284.61 632.182 0.725461
2299.43 642.933 0.72524
2314.34 653.75 0.725007
2329.36 664.633 0.724764
2344.47 675.583 0.724514
2359.68 686.601 0.724258
2374.99 697.686 0.724
2390.39 708.839 0.72374
2405.9 720.06 0.723481
2421.51 731.35 0.723224
2437.22 742.709 0.72297
2453.03 754.138 0.72272
2468.94 765.638 0.722476
2484.96 777.207 0.722238
2501.08 788.849 0.722007
2517.31 800.562 0.721784
2533.64 812.347 0.721568
2550.07 824.206 0.721361
2566.62 836.138 0.721162
2583.27 848.144 0.720971
2600.03 860.225 0.72079
2616.89 872.381 0.720617
2633.87 884.613 0.720453
2650.96 896.922 0.720298
2668.15 909.308 0.720152
2685.46 921.773 0.720014
2702.89 934.315 0.719884
2720.42 946.937 0.719762
2738.07 959.639 0.719648
2755.83 972.421 0.719541
2773.71 985.284 0.719442
2791.7 998.229 0.71935
2809.81 1011.26 0.719264
2828.04 1024.37 0.719185
2846.39 1037.56 0.719111
2864.85 1050.84 0.719043
2883.44 1064.2 0.718981
2902.15 1077.65 0.718924
2920.97 1091.18 0.718871
2939.92 1104.81 0.718823
2958.99 1118.52 0.718779
2978.19 1132.31 0.718739
2997.51 1146.2 0.718703
3016.96 1160.17 0.71867
3036.53 1174.24 0.71864
3056.23 1188.4 0.718613
3076.05 1202.64 0.718589
3096.01 1216.98 0.718567
3116.1 1231.42 0.718547
3136.31 1245.94 0.71853
3156.66 1260.56 0.718514
3177.14 1275.27 0.7185
3197.75 1290.08 0.718488
3218.49 1304.99 0.718477
3239.37 1319.99 0.718467
3260.39 1335.09 0.718458
3281.54 1350.28 0.718451
3302.83 1365.58 0.718444
3324.25 1380.97 0.718438
3345.82 1396.47 0.718433
3367.52 1412.06 0.718428
3389.37 1427.75 0.718425
3411.36 1443.55 0.718421
3433.49 1459.45 0.718418
3455.76 1475.45 0.718416
3478.18 1491.56 0.718414
3500.75 1507.77 0.718412
3523.46 1524.08 0.71841
3546.31 1540.51 0.718409
3569.32 1557.03 0.718408
3592.48 1573.67 0.718407
3615.78 1590.41 0.718406
3639.24 1607.26 0.718406
3662.85 1624.22 0.718405
3686.61 1641.3 0.718405
3710.53 1658.48 0.718404
3734.6 1675.77 0.718404
3758.82 1693.18 0.718404
3783.21 1710.69 0.718404
3807.75 1728.32 0.718403
3832.45 1746.07 0.718403
3857.32 1763.93 0.718403
3882.34 1781.91 0.718403
3907.53 1800 0.718403
3932.88 1818.21 0.718403
3958.39 1836.54 0.718403
3984.07 1854.99 0.718403
4009.92 1873.56 0.718403
4035.93 1892.25 0.718403
4062.11 1911.06 0.718403
4088.47 1929.99 0.718403
4114.99 1949.04 0.718403
4141.68 1968.22 0.718403
4168.55 1987.52 0.718403
4195.6 2006.95 0.718403
4222.81 2026.51 0.718403
4250.21 2046.19 0.718403
4277.78 2065.99 0.718403
4305.53 2085.93 0.718403
4333.46 2106 0.718403
4361.58 2126.19 0.718403
4389.87 2146.52 0.718403
4418.35 2166.98 0.718403
4447.01 2187.57 0.718403
4475.86 2208.3 0.718403
4504.9 2229.16 0.718403
4534.12 2250.15 0.718403
4563.54 2271.28 0.718403
4593.14 2292.55 0.718403
4622.94 2313.96 0.718403
4652.93 2335.5 0.718403
4683.12 2357.19 0.718403
4713.5 2379.02 0.718403
4744.08 2400.98 0.718403
4774.85 2423.09 0.718403
4805.83 2445.35 0.718403
4837.01 2467.74 0.718403
4868.39 2490.29 0.718403
4899.97 2512.98 0.718403
4931.76 2535.81 0.718403
4963.75 2558.8 0.718403
4995.95 2581.93 0.718403
5028.36 2605.22 0.718403
5060.98 2628.65 0.718403
5093.82 2652.24 0.718403
5126.86 2675.98 0.718403
5160.12 2699.87 0.718403
5193.6 2723.92 0.718403
5227.29 2748.12 0.718403
5261.2 2772.49 0.718403
5295.33 2797.01 0.718403
5329.68 2821.69 0.718403
5364.26 2846.52 0.718403
5399.06 2871.53 0.718403
5434.09 2896.69 0.718403
5469.34 2922.01 0.718403
5504.82 2947.5 0.718403
5540.53 2973.16 0.718403
5576.48 2998.98 0.718403
5612.65 3024.97 0.718403
5649.06 3051.13 0.718403
5685.71 3077.46 0.718403
5722.6 3103.95 0.718403
5759.72 3130.62 0.718403
5797.09 3157.47 0.718403
5834.69 3184.49 0.718403
5872.55 3211.68 0.718403
5910.64 3239.05 0.718403
5948.99 3266.59 0.718403
5987.58 3294.32 0.718403
6026.42 3322.23 0.718403
6065.52 3350.31 0.718403
6104.87 3378.58 0.718403
6144.47 3407.03 0.718403
6184.33 3435.67 0.718403
6224.45 3464.49 0.718403
6264.83 3493.5 0.718403
6305.48 3522.7 0.718403
6346.38 3552.08 0.718403
6387.55 3581.66 0.718403
6428.99 3611.43 0.718403
6470.7 3641.39 0.718403
6512.68 3671.55 0.718403
6554.93 3701.9 0.718403
6597.45 3732.45 0.718403
6640.25 3763.2 0.718403
6683.33 3794.15 0.718403
6726.69 3825.3 0.718403
6770.32 3856.65 0.718403
6814.25 3888.2 0.718403
6858.45 3919.96 0.718403
6902.95 3951.92 0.718403
6947.73 3984.09 0.718403
6992.8 4016.47 0.718403
7038.16 4049.06 0.718403
7083.82 4081.86 0.718403
7129.78 4114.88 0.718403
7176.03 4148.11 0.718403
7222.59 4181.55 0.718403
7269.44 4215.21 0.718403
7316.6 4249.09 0.718403
7364.07 4283.19 0.718403
7411.84 4317.51 0.718403
7459.92 4352.06 0.718403
7508.32 4386.82 0.718403
7557.03 4421.82 0.718403
7606.05 4457.03 0.718403
7655.39 4492.48 0.718403
7705.06 4528.16 0.718403
7755.04 4564.07 0.718403
7805.35 4600.21 0.718403
7855.99 4636.59 0.718403
7906.95 4673.2 0.718403
7958.25 4710.05 0.718403
8009.88 4747.14 0.718403
8061.84 4784.47 0.718403
8114.14 4822.05 0.718403
8166.78 4859.86 0.718403
8219.76 4897.92 0.718403
8273.08 4936.23 0.718403
8326.76 4974.79 0.718403
8380.77 5013.6 0.718403
8435.14 5052.66 0.718403
8489.86 5091.97 0.718403
8544.94 5131.54 0.718403
8600.38 5171.36 0.718403
8656.17 5211.44 0.718403
8712.32 5251.78 0.718403
8768.84 5292.39 0.718403
8825.73 5333.26 0.718403
8882.99 5374.39 0.718403
8940.61 5415.79 0.718403
8998.61 5457.46 0.718403
9056.99 5499.4 0.718403
9115.75 5541.61 0.718403
9174.89 5584.09 0.718403
9234.41 5626.85 0.718403
9294.31 5669.89 0.718403
9354.61 5713.2 0.718403
9415.29 5756.8 0.718403
9476.38 5800.68 0.718403
9537.85 5844.85 0.718403
9599.73 5889.3 0.718403
9662 5934.04 0.718403
9724.68 5979.07 0.718403
9787.77 6024.39 0.718403
9851.27 6070.01 0.718403
9915.18 6115.92 0.718403
9979.5 6162.13 0.718403
10044.2 6208.64 0.718403
10109.4 6255.45 0.718403
10175 6302.56 0.718403
10241 6349.99 0.718403
10307.4 6397.71 0.718403
10374.3 6445.75 0.718403
10441.6 6494.1 0.718403
10509.3 6542.77 0.718403
10577.5 6591.74 0.718403
10646.1 6641.04 0.718403
10715.2 6690.66 0.718403
10784.7 6740.6 0.718403
10854.7 6790.86 0.718403
10925.1 6841.45 0.718403
10996 6892.37 0.718403
11067.3 6943.61 0.718403
11139.1 6995.19 0.718403
11211.4 7047.11 0.718403
11284.1 7099.36 0.718403
11357.3 7151.95 0.718403
11431 7204.88 0.718403
11505.1 7258.15 0.718403
11579.8 7311.77 0.718403
11654.9 7365.74 0.718403
11730.5 7420.06 0.718403
11806.6 7474.73 0.718403
11883.2 7529.75 0.718403
11960.3 7585.14 0.718403
12037.9 7640.88 0.718403
12116 7696.98 0.718403
12194.6 7753.45 0.718403
12273.7 7810.28 0.718403
12353.3 7867.48 0.718403
12433.5 7925.06 0.718403
12514.1 7983 0.718403
12595.3 8041.33 0.718403
12677 8100.03 0.718403
12759.2 8159.11 0.718403
12842 8218.57 0.718403
12925.3 8278.42 0.718403
13009.2 8338.66 0.718403
13093.6 8399.29 0.718403
13178.5 8460.32 0.718403
13264 8521.73 0.718403
13350.1 8583.55 0.718403
13436.7 8645.77 0.718403
13523.8 8708.39 0.718403
13611.6 8771.42 0.718403
13699.9 8834.86 0.718403
13788.8 8898.71 0.718403
13878.2 8962.97 0.718403
13968.2 9027.65 0.718403
14058.9 9092.75 0.718403
14150.1 9158.27 0.718403
14241.9 9224.22 0.718403
14334.2 9290.59 0.718403
14427.2 9357.4 0.718403
14520.8 9424.64 0.718403
14615 9492.31 0.718403
14709.8 9560.42 0.718403
14805.3 9628.98 0.718403
14901.3 9697.98 0.718403
14998 9767.43 0.718403
15095.3 9837.33 0.718403
15193.2 9907.68 0.718403
15291.8 9978.49 0.718403
15391 10049.8 0.718403
15490.8 10121.5 0.718403
15591.3 10193.7 0.718403
15692.5 10266.3 0.718403
15794.3 10339.5 0.718403
15896.7 10413.1 0.718403
15999.9 10487.2 0.718403
16103.7 10561.7 0.718403
16208.1 10636.8 0.718403
16313.3 10712.3 0.718403
16419.1 10788.4 0.718403
16525.6 10864.9 0.718403
16632.8 10941.9 0.718403
16740.7 11019.4 0.718403
16849.3 11097.4 0.718403
16958.7 11176 0.718403
17068.7 11255 0.718403
17179.4 11334.6 0.718403
17290.8 11414.6 0.718403
17403 11495.2 0.718403
17515.9 11576.3 0.718403
17629.6 11657.9 0.718403
17743.9 11740.1 0.718403
17859 11822.8 0.718403
17974.9 11906 0.718403
18091.5 11989.8 0.718403
18208.9 12074.1 0.718403
18327 12159 0.718403
18445.9 12244.4 0.718403
18565.5 12330.4 0.718403
18686 12416.9 0.718403
18807.2 12504 0.718403
18929.2 12591.6 0.718403
19052 12679.9 0.718403
19175.6 12768.6 0.718403
19300 12858 0.718403
19425.2 12948 0.718403
19551.2 13038.5 0.718403
19678.1 13129.6 0.718403
19805.7 13221.3 0.718403
19934.2 13313.6 0.718403
20063.5 13406.5 0.718403
20193.7 13500 0.718403
20324.7 13594.2 0.718403
20456.6 13688.9 0.718403
20589.3 13784.2 0.718403
20722.8 13880.2 0.718403
20857.3 13976.8 0.718403
20992.6 14074 0.718403
21128.8 14171.8 0.718403
21265.8 14270.3 0.718403
21403.8 14369.4 0.718403
21542.7 14469.1 0.718403
21682.4 14569.5 0.718403
21823.1 14670.6 0.718403
21964.6 14772.3 0.718403
22107.1 14874.7 0.718403
22250.6 14977.7 0.718403
22394.9 15081.4 0.718403
22540.2 15185.8 0.718403
22686.4 15290.8 0.718403
22833.6 15396.5 0.718403
22981.7 15503 0.718403
23130.8 15610.1 0.718403
23280.9 15717.9 0.718403
23431.9 15826.4 0.718403
23583.9 15935.6 0.718403
23736.9 16045.5 0.718403
23890.9 16156.1 0.718403
24045.9 16267.5 0.718403
24201.9 16379.5 0.718403
24358.9 16492.3 0.718403
24516.9 16605.8 0.718403
24676 16720.1 0.718403
24836 16835.1 0.718403
24997.2 16950.9 0.718403
25159.3 17067.4 0.718403
25322.5 17184.6 0.718403
25486.8 17302.6 0.718403
25652.2 17421.4 0.718403
25818.6 17541 0.718403
25986.1 17661.3 0.718403
26154.7 17782.4 0.718403
26324.3 17904.3 0.718403
26495.1 18027 0.718403
26667 18150.5 0.718403
26840 18274.8 0.718403
27014.1 18399.8 0.718403
27189.4 18525.7 0.718403
27365.7 18652.5 0.718403
27543.3 18780 0.718403
27722 18908.4 0.718403
27901.8 19037.6 0.718403
28082.8 19167.6 0.718403
28265 19298.5 0.718403
28448.4 19430.2 0.718403
28632.9 19562.8 0.718403
28818.7 19696.2 0.718403
29005.6 19830.5 0.718403
29193.8 19965.7 0.718403
29383.2 20101.8 0.718403
29573.8 20238.7 0.718403
29765.7 20376.6 0.718403
29958.8 20515.3 0.718403
30153.1 20654.9 0.718403
30348.7 20795.4 0.718403
30545.6 20936.9 0.718403
30743.8 21079.2 0.718403
30943.2 21222.5 0.718403
31143.9 21366.7 0.718403
31346 21511.9 0.718403
31549.3 21658 0.718403
31754 21805 0.718403
31960 21953 0.718403
32167.3 22101.9 0.718403
32376 22251.9 0.718403
32586.1 22402.8 0.718403
32797.5 22554.6 0.718403
33010.2 22707.5 0.718403
33224.4 22861.3 0.718403
33439.9 23016.2 0.718403
33656.9 23172 0.718403
33875.2 23328.9 0.718403
34095 23486.7 0.718403
34316.1 23645.6 0.718403
34538.8 23805.6 0.718403
34762.8 23966.5 0.718403
34988.3 24128.6 0.718403
35215.3 24291.6 0.718403
35443.8 24455.8 0.718403
35673.7 24620.9 0.718403
35905.1 24787.2 0.718403
36138.1 24954.5 0.718403
36372.5 25123 0.718403
36608.5 25292.5 0.718403
36846 25463.1 0.718403
37085 25634.8 0.718403
37325.6 25807.6 0.718403
37567.7 25981.6 0.718403
37811.4 26156.7 0.718403
38056.7 26332.9 0.718403
38303.6 26510.3 0.718403
38552.1 26688.8 0.718403
38802.2 26868.5 0.718403
39053.9 27049.3 0.718403
39307.3 27231.3 0.718403
39562.3 27414.5 0.718403
39819 27598.9 0.718403
40077.3 27784.5 0.718403
40337.3 27971.2 0.718403
40599 28159.2 0.718403
40862.3 28348.5 0.718403
41127.4 28538.9 0.718403
41394.2 28730.6 0.718403
41662.8 28923.5 0.718403
41933.1 29117.7 0.718403
42205.1 29313.1 0.718403
42478.9 29509.8 0.718403
42754.5 29707.8 0.718403
43031.8 29907 0.718403
43311 30107.6 0.718403
43592 30309.4 0.718403
43874.8 30512.6 0.718403
44159.4 30717.1 0.718403
44445.9 30922.9 0.718403
44734.2 31130 0.718403
45024.4 31338.5 0.718403
45316.5 31548.3 0.718403
45610.5 31759.5 0.718403
45906.4 31972.1 0.718403
46204.2 32186.1 0.718403
46503.9 32401.4 0.718403
46805.6 32618.1 0.718403
47109.3 32836.3 0.718403
47414.9 33055.8 0.718403
47722.5 33276.8 0.718403
48032.1 33499.2 0.718403
48343.7 33723.1 0.718403
48657.3 33948.4 0.718403
48972.9 34175.1 0.718403
49290.7 34403.4 0.718403
49610.4 34633.1 0.718403
49932.3 34864.3 0.718403
50256.2 35097 0.718403
50582.2 35331.2 0.718403
50910.4 35567 0.718403
51240.6 35804.3 0.718403
51573.1 36043.1 0.718403
51907.6 36283.4 0.718403
52244.4 36525.3 0.718403
52583.3 36768.8 0.718403
52924.4 37013.9 0.718403
53267.8 37260.5 0.718403
53613.3 37508.8 0.718403
53961.1 37758.7 0.718403
54311.2 38010.2 0.718403
54663.5 38263.3 0.718403
55018.2 38518 0.718403
55375.1 38774.5 0.718403
55734.3 39032.5 0.718403
56095.9 39292.3 0.718403
