5.78741e-09 5.95396e-15 4.29514e-06
5.8738e-08 3.33166e-13 8.58285e-06
5.86595e-07 1.45059e-11 3.56977e-05
4.6076e-06 3.38009e-10 8.97843e-05
5.86875e-06 4.61297e-10 0.000114002
2.3369e-05 3.31505e-09 0.000192532
7.39119e-05 1.62978e-08 0.000292274
0.000147358 4.17301e-08 0.000330144
0.000152693 4.34471e-08 0.000292479
0.000165528 4.67976e-08 0.000304172
0.000294481 1.01986e-07 0.000463041
0.000466785 1.89679e-07 0.00054542
0.000739961 3.52227e-07 0.00041641
0.000792747 3.70702e-07 0.000446592
0.000859333 4.13069e-07 0.00055442
0.000931697 4.48502e-07 0.00055104
0.00117285 6.10601e-07 0.000697128
0.00147667 8.31244e-07 0.000750516
0.0017323 1.02935e-06 0.000535855
0.00185963 1.08409e-06 0.000525282
0.00294795 2.00733e-06 0.000908255
0.00467391 3.71532e-06 0.00105104
0.00633042 5.56999e-06 0.00091467
0.0070765 6.16755e-06 0.00093479
0.00933155 8.92099e-06 0.00127133
0.0117504 1.21316e-05 0.00137956
0.0154948 1.7543e-05 0.00122736
0.0177925 2.00421e-05 0.00125466
0.0234638 2.89812e-05 0.00164107
0.0295474 3.94039e-05 0.00177172
0.0354913 5.03041e-05 0.00128079
0.0389653 5.38549e-05 0.00125817
0.0549487 8.51279e-05 0.00191362
0.0590129 9.27925e-05 0.00199187
0.0713035 0.000119369 0.00114686
0.0787306 0.000125461 0.00110854
0.10265 0.000178607 0.00176378
0.112568 0.000193736 0.00180901
0.132297 0.000240204 0.00240921
0.146764 0.000275794 0.00181491
0.15911 0.000293738 0.00177613
0.191354 0.000375514 0.00260957
0.227502 0.000472769 0.000973271
0.245257 0.000484229 0.000805937
0.256566 0.000495831 0.00103354
0.268397 0.000508152 0.00104919
0.280773 0.000521236 0.00106507
0.293719 0.00053513 0.0010812
0.307263 0.000549885 0.00109757
0.321432 0.000565555 0.00111419
0.336253 0.000582195 0.00113106
0.351758 0.000599866 0.00114818
0.367978 0.000618631 0.00116556
0.384946 0.000638559 0.00118321
0.402697 0.000659722 0.00120112
0.421266 0.000682195 0.00121931
0.440691 0.000706061 0.00123777
0.461012 0.000731406 0.00125651
0.48227 0.00075832 0.00127553
0.504508 0.000786902 0.00129484
0.527771 0.000817254 0.00131445
0.552107 0.000849487 0.00133435
0.577566 0.000883717 0.00135455
0.604198 0.000920067 0.00137506
0.632059 0.000958668 0.00139588
0.661204 0.000999662 0.00141701
0.691693 0.00104319 0.00143847
0.723588 0.00108942 0.00146024
0.756953 0.00113852 0.00148235
0.791857 0.00119065 0.00150479
0.828371 0.00124602 0.00152758
0.866568 0.00130481 0.00155071
0.906527 0.00136725 0.00157418
0.948328 0.00143355 0.00159802
0.992057 0.00150396 0.00162221
1.0378 0.00157874 0.00164677
1.08566 0.00165815 0.0016717
1.13572 0.00174247 0.00169701
1.18809 0.00183202 0.00172271
1.24287 0.00192712 0.00174879
1.30018 0.00202811 0.00177526
1.36014 0.00213535 0.00180214
1.42285 0.00224924 0.00182943
1.48846 0.00237018 0.00185712
1.5571 0.00249862 0.00188524
1.6289 0.00263501 0.00191378
1.70401 0.00277985 0.00194276
1.78258 0.00293367 0.00197217
1.86478 0.00309701 0.00200203
1.95077 0.00327047 0.00203234
2.04072 0.00345468 0.00206311
2.13482 0.0036503 0.00209435
2.23326 0.00385804 0.00212606
2.33624 0.00407865 0.00215824
2.44396 0.00431292 0.00219092
2.55666 0.00456171 0.00222409
2.67455 0.00482591 0.00225776
2.79788 0.00510648 0.00229195
2.92689 0.00540443 0.00232665
3.06185 0.00572083 0.00236187
3.20304 0.00605684 0.00239763
3.35074 0.00641366 0.00243393
3.50524 0.00679259 0.00247078
3.66688 0.00719499 0.00250819
3.83596 0.00762232 0.00254616
4.01284 0.00807613 0.00258471
4.19788 0.00855804 0.00262385
4.39145 0.00906982 0.00266357
4.59395 0.00961329 0.0027039
4.80578 0.0101904 0.00274483
5.02738 0.0108033 0.00278639
5.2592 0.0114542 0.00282858
5.50171 0.0121454 0.0028714
5.7554 0.0128794 0.00291488
6.02079 0.0136589 0.00295901
6.29841 0.0144866 0.00300381
6.58884 0.0153657 0.00304928
6.89266 0.0162992 0.00309545
7.21049 0.0172905 0.00314232
7.54298 0.0183433 0.00318989
7.8908 0.0194612 0.00323819
8.25465 0.0206484 0.00328721
8.63529 0.0219092 0.00333698
9.03347 0.0232481 0.0033875
9.45002 0.0246699 0.00343879
9.88577 0.0261798 0.00349085
10.3416 0.0277832 0.00354371
10.8185 0.029486 0.00359736
11.3173 0.0312942 0.00365182
11.8392 0.0332145 0.00370711
12.3851 0.0352537 0.00376324
12.9562 0.0374193 0.00382021
13.5536 0.039719 0.00387805
14.1786 0.0421611 0.00393677
14.8324 0.0447546 0.00399637
15.5164 0.0475087 0.00405687
16.2318 0.0504335 0.00411829
16.9803 0.0535394 0.00418065
17.7633 0.0568378 0.00424394
18.5824 0.0603405 0.0043082
19.4392 0.0640601 0.00437342
20.3356 0.0680102 0.00443964
21.2733 0.072205 0.00450685
22.2543 0.0766597 0.00457509
23.2804 0.0813904 0.00464435
24.3539 0.0864141 0.00471467
25.4769 0.091749 0.00478605
26.6517 0.0974144 0.00485851
27.8806 0.103431 0.00493207
29.1662 0.10982 0.00500674
30.5111 0.116605 0.00508254
31.9181 0.12381 0.00515949
33.3898 0.131462 0.00523761
34.9295 0.139587 0.00531691
36.5401 0.148216 0.0053974
38.225 0.15738 0.00547912
39.9877 0.167111 0.00556208
41.8315 0.177445 0.00564629
43.7605 0.188419 0.00573177
45.7783 0.200073 0.00581855
47.8892 0.212449 0.00590664
50.0974 0.225592 0.00599607
52.4075 0.239549 0.00608685
54.8241 0.254371 0.00617901
57.3521 0.27011 0.00627256
59.9967 0.286825 0.00636752
62.7632 0.304575 0.00646393
65.6573 0.323425 0.00656179
68.6849 0.343443 0.00666114
71.852 0.364701 0.00676199
75.1652 0.387275 0.00686552
75.1652 0.387275 0.00686451
75.6528 0.390756 0.00740959
76.1436 0.394527 0.00795807
76.6376 0.398594 0.00850999
77.1348 0.402963 0.00906536
77.6352 0.407639 0.00962419
78.1388 0.412628 0.0101865
78.6457 0.417935 0.0107523
79.1559 0.423566 0.0113217
79.6694 0.429527 0.0118946
80.1863 0.435824 0.0124711
80.7065 0.442462 0.0130511
81.23 0.449448 0.0136348
81.757 0.456788 0.014222
82.2874 0.464488 0.0148129
82.8212 0.472554 0.0154075
83.3585 0.480993 0.0160058
83.8993 0.489811 0.0166077
84.4436 0.499015 0.0172134
84.9914 0.508612 0.0178228
85.5428 0.518608 0.018436
86.0977 0.52901 0.0190529
86.6563 0.539826 0.0196736
87.2184 0.551061 0.0202982
87.7842 0.562724 0.0209266
88.3537 0.574821 0.0215588
88.9269 0.587361 0.022195
89.5038 0.60035 0.022835
90.0845 0.613796 0.0234789
90.6689 0.627706 0.0241268
91.2571 0.642089 0.0247786
91.8491 0.656953 0.0254344
92.4449 0.672305 0.0260942
93.0447 0.688153 0.026758
93.6483 0.704506 0.0274258
94.2558 0.721372 0.0280977
94.8673 0.73876 0.0287737
95.4827 0.756677 0.0294537
96.1021 0.775134 0.0301379
96.7256 0.794138 0.0308261
97.3531 0.813698 0.0315186
97.9847 0.833824 0.0322152
98.6203 0.854525 0.032916
99.2601 0.87581 0.033621
99.904 0.897688 0.0343302
100.552 0.920169 0.0350436
101.204 0.943262 0.0357614
101.861 0.966978 0.0364834
102.522 0.991327 0.0372097
103.187 1.01632 0.0379403
103.856 1.04196 0.0386753
104.53 1.06827 0.0394146
105.208 1.09525 0.0401583
105.891 1.12291 0.0409064
106.578 1.15127 0.041659
107.269 1.18034 0.0424159
107.965 1.21012 0.0431773
108.665 1.24063 0.0439432
109.37 1.27188 0.0447135
110.08 1.30388 0.0454884
110.794 1.33664 0.0462678
111.513 1.37018 0.0470517
112.236 1.4045 0.0478402
112.964 1.43962 0.0486333
113.697 1.47556 0.0494309
114.435 1.51231 0.0502332
115.177 1.5499 0.05104
115.924 1.58834 0.0518516
116.676 1.62764 0.0526678
117.433 1.66782 0.0534886
118.195 1.70888 0.0543142
118.962 1.75085 0.0551444
119.734 1.79373 0.0559794
120.51 1.83754 0.0568191
121.292 1.88229 0.0576636
122.079 1.928 0.0585129
122.871 1.97467 0.0593669
123.668 2.02234 0.0602257
124.47 2.071 0.0610893
125.278 2.12068 0.0619578
126.091 2.17139 0.0628311
126.909 2.22315 0.0637093
127.732 2.27596 0.0645923
128.561 2.32985 0.0654802
129.395 2.38484 0.066373
130.234 2.44093 0.0672707
131.079 2.49815 0.0681733
131.929 2.5565 0.0690809
132.785 2.61602 0.0699933
133.646 2.67671 0.0709108
134.513 2.73859 0.0718332
135.386 2.80168 0.0727605
136.264 2.86599 0.0736929
137.148 2.93155 0.0746302
138.038 2.99837 0.0755725
138.934 3.06647 0.0765199
139.835 3.13587 0.0774722
140.742 3.20658 0.0784296
141.655 3.27863 0.0793919
142.574 3.35203 0.0803594
143.499 3.42681 0.0813318
144.43 3.50298 0.0823093
145.367 3.58056 0.0832919
146.31 3.65957 0.0842795
147.259 3.74004 0.0852722
148.215 3.82198 0.0862699
149.176 3.90541 0.0872727
150.144 3.99036 0.0882805
151.118 4.07684 0.0892934
152.098 4.16488 0.0903114
153.085 4.25449 0.0913344
154.078 4.34571 0.0923626
155.078 4.43855 0.0933957
156.084 4.53303 0.094434
157.096 4.62918 0.0954772
158.115 4.72702 0.0965256
159.141 4.82657 0.097579
160.173 4.92786 0.0986374
161.213 5.0309 0.0997009
162.258 5.13573 0.100769
163.311 5.24237 0.101843
164.37 5.35084 0.102921
165.437 5.46117 0.104005
166.51 5.57337 0.105093
167.59 5.68749 0.106187
168.678 5.80353 0.107285
169.772 5.92154 0.108389
170.873 6.04152 0.109497
171.982 6.16352 0.110611
173.097 6.28755 0.111729
174.22 6.41365 0.112852
175.351 6.54183 0.11398
176.488 6.67214 0.115113
177.633 6.80459 0.11625
178.785 6.93921 0.117393
179.945 7.07603 0.11854
181.113 7.21508 0.119692
182.288 7.35639 0.120848
183.47 7.49999 0.12201
184.66 7.6459 0.123176
185.858 7.79417 0.124347
187.064 7.9448 0.125522
188.278 8.09785 0.126702
189.499 8.25333 0.127886
190.728 8.41127 0.129075
191.966 8.57172 0.130269
193.211 8.73469 0.131466
194.464 8.90023 0.132669
195.726 9.06836 0.133875
196.996 9.23912 0.135086
198.274 9.41253 0.136301
199.56 9.58864 0.13752
200.855 9.76746 0.138744
202.158 9.94905 0.139971
203.469 10.1334 0.141203
204.789 10.3206 0.142439
206.118 10.5107 0.143678
207.455 10.7036 0.144921
208.801 10.8995 0.146169
210.155 11.0984 0.147419
211.519 11.3002 0.148674
212.891 11.5051 0.149932
214.272 11.713 0.151194
215.662 11.9241 0.152459
217.061 12.1382 0.153728
218.469 12.3556 0.155
219.886 12.5762 0.156275
221.313 12.8 0.157553
222.749 13.0272 0.158835
224.194 13.2576 0.160119
225.648 13.4914 0.161406
227.112 13.7286 0.162696
228.585 13.9693 0.163989
230.068 14.2135 0.165284
231.561 14.4611 0.166582
233.063 14.7123 0.167882
234.575 14.9671 0.169185
236.097 15.2256 0.17049
237.628 15.4877 0.171796
239.17 15.7536 0.173105
240.722 16.0232 0.174416
242.283 16.2966 0.175728
243.855 16.5738 0.177042
245.437 16.8549 0.178357
247.029 17.14 0.179673
248.632 17.429 0.180991
250.245 17.722 0.18231
251.868 18.019 0.18363
253.502 18.3201 0.18495
255.147 18.6254 0.186271
256.802 18.9348 0.187593
258.468 19.2484 0.188914
260.145 19.5663 0.190236
261.832 19.8884 0.191558
263.531 20.2149 0.19288
265.24 20.5458 0.194201
266.961 20.8811 0.195522
268.693 21.2209 0.196842
270.436 21.5652 0.19816
272.191 21.914 0.199478
273.956 22.2674 0.200795
275.734 22.6254 0.20211
277.522 22.9881 0.203423
279.323 23.3555 0.204734
281.135 23.7277 0.206043
282.959 24.1047 0.20735
284.794 24.4865 0.208654
286.642 24.8732 0.209955
288.501 25.2648 0.211254
290.373 25.6614 0.212548
292.257 26.063 0.21384
294.153 26.4697 0.215127
296.061 26.8814 0.21641
297.982 27.2983 0.21769
299.915 27.7204 0.218964
301.86 28.1476 0.220234
303.819 28.5801 0.221498
305.79 29.0179 0.222757
307.773 29.4611 0.22401
309.77 29.9096 0.225257
311.78 30.3635 0.226498
313.802 30.8229 0.227732
315.838 31.2877 0.22896
317.887 31.7581 0.23018
319.949 32.2341 0.231392
322.025 32.7156 0.232597
324.114 33.2028 0.233793
326.217 33.6956 0.23498
328.333 34.1941 0.236159
330.463 34.6984 0.237328
332.607 35.2084 0.238487
334.764 35.7243 0.239637
336.936 36.2459 0.240776
339.122 36.7734 0.241904
341.322 37.3069 0.24302
343.536 37.8462 0.244126
345.765 38.3915 0.245219
348.008 38.9427 0.246299
350.266 39.5 0.247367
352.538 40.0633 0.248421
354.825 40.6326 0.249462
357.127 41.2081 0.250488
359.444 41.7896 0.2515
361.776 42.3772 0.252496
364.123 42.9709 0.253477
366.485 43.5708 0.254442
368.862 44.1769 0.25539
371.255 44.7891 0.256321
373.664 45.4076 0.257234
376.088 46.0322 0.25813
378.528 46.6631 0.259007
380.983 47.3002 0.259865
383.455 47.9435 0.260703
385.942 48.593 0.26152
388.446 49.2488 0.262318
390.966 49.9108 0.263093
393.502 50.5791 0.263847
396.055 51.2535 0.264579
398.625 51.9342 0.265287
401.211 52.6212 0.265972
403.813 53.3143 0.266633
406.433 54.0136 0.267269
409.07 54.7191 0.267879
411.724 55.4308 0.268464
414.395 56.1486 0.269022
417.083 56.8725 0.269552
419.789 57.6026 0.270055
422.512 58.3387 0.270529
425.253 59.0808 0.270973
428.012 59.8289 0.271388
430.788 60.583 0.271772
433.583 61.343 0.272125
436.396 62.1089 0.272446
439.227 62.8806 0.272734
442.076 63.6581 0.272989
444.944 64.4413 0.27321
447.831 65.2302 0.273396
450.736 66.0247 0.273546
453.66 66.8248 0.273661
456.603 67.6303 0.273738
459.565 68.4412 0.273777
462.547 69.2574 0.273778
465.547 70.0789 0.27374
468.567 70.9055 0.273662
471.607 71.7372 0.273543
474.667 72.5738 0.273383
477.746 73.4154 0.27318
480.845 74.2617 0.272934
483.965 75.1126 0.272645
487.104 75.9681 0.27231
490.264 76.828 0.271931
493.445 77.6922 0.271505
496.646 78.5606 0.271032
499.868 79.433 0.270511
503.111 80.3093 0.269942
506.375 81.1893 0.269323
509.66 82.0729 0.268654
512.966 82.96 0.267933
516.294 83.8504 0.267161
519.643 84.7438 0.266337
523.014 85.6402 0.265459
526.407 86.5393 0.264526
529.822 87.441 0.263539
533.26 88.345 0.262495
536.719 89.2512 0.261395
540.201 90.1593 0.260238
543.705 91.0692 0.259022
547.233 91.9805 0.257747
550.783 92.8932 0.256412
554.356 93.8069 0.255017
557.952 94.7214 0.25356
561.572 95.6364 0.252041
565.215 96.5518 0.250459
568.882 97.4671 0.248813
572.572 98.3822 0.247103
576.287 99.2968 0.245327
580.025 100.211 0.243486
583.788 101.123 0.241578
587.575 102.034 0.239603
591.387 102.944 0.237559
595.224 103.851 0.235447
599.085 104.756 0.233266
602.971 105.658 0.231014
606.883 106.557 0.228692
610.82 107.453 0.226299
614.783 108.345 0.223834
618.771 109.233 0.221296
622.785 110.116 0.218685
626.826 110.994 0.216001
630.892 111.866 0.213242
634.985 112.733 0.21041
639.104 113.594 0.207502
643.25 114.448 0.204518
647.423 115.295 0.201459
651.623 116.135 0.198323
655.851 116.967 0.195111
660.105 117.79 0.191822
664.388 118.604 0.188455
668.698 119.409 0.185011
673.036 120.204 0.181489
677.402 120.988 0.177889
681.797 121.762 0.174211
686.22 122.524 0.170455
690.671 123.274 0.16662
695.152 124.012 0.162706
699.662 124.737 0.158714
704.201 125.448 0.154644
708.769 126.145 0.150495
713.367 126.827 0.146268
717.995 127.494 0.141963
722.653 128.145 0.137579
727.341 128.78 0.133118
732.06 129.397 0.12858
736.809 129.997 0.123964
741.589 130.578 0.119272
746.4 131.141 0.114503
751.242 131.683 0.109659
756.115 132.206 0.104739
761.021 132.707 0.0997442
765.958 133.187 0.0946755
770.927 133.645 0.0895335
775.928 134.08 0.0843188
780.962 134.491 0.0790323
786.028 134.878 0.0736749
791.127 135.24 0.0682474
796.26 135.576 0.0627509
801.425 135.885 0.0571864
806.624 136.168 0.051555
811.857 136.423 0.0458579
817.124 136.649 0.0400962
822.425 136.846 0.0342713
827.76 137.014 0.0283845
833.13 137.15 0.0224372
838.535 137.255 0.0164309
843.975 137.328 0.010367
849.45 137.368 0.00424732
854.961 137.38 0
860.507 137.38 0
866.09 137.38 0
871.708 137.38 0
877.363 137.38 0
883.055 137.38 0
888.784 137.38 0
894.55 137.38 0
900.353 137.38 0
906.194 137.38 0
912.073 137.38 0
917.99 137.38 0
923.945 137.38 0
929.939 137.38 0
935.972 137.38 0
942.044 137.38 0
948.155 137.38 0
954.306 137.38 0
960.497 137.38 0
966.728 137.38 0
973 137.38 0
979.312 137.38 0
985.665 137.38 0
992.059 137.38 0
998.495 137.38 0
1004.97 137.38 0
1011.49 137.38 0
1018.05 137.38 0
1024.66 137.38 0
1031.31 137.38 0
1038 137.38 0
1044.73 137.38 0
1051.51 137.38 0
1058.33 137.38 0
1065.2 137.38 0
1072.11 137.38 0
1079.06 137.38 0
1086.06 137.38 0
1093.11 137.38 0
1100.2 137.38 0
1107.34 137.38 0
1114.52 137.38 0
1121.75 137.38 0
1129.03 137.38 0
1136.35 137.38 0
1143.72 137.38 0
1151.14 137.38 0
1158.61 137.38 0
1166.13 137.38 0
1173.69 137.38 0
1181.31 137.38 0
1188.97 137.38 0
1196.68 137.38 0
1204.45 137.38 0
1212.26 137.38 0
1220.12 137.38 0
1228.04 137.38 0
1236.01 137.38 0
1244.02 137.38 0
1252.09 137.38 0
1260.22 137.38 0
1268.39 137.38 0
1276.62 137.38 0
1284.9 137.38 0
1293.24 137.38 0
1301.63 137.38 0
1310.07 137.38 0
1318.57 137.38 0
1327.13 137.38 0
1335.74 137.38 0
1344.4 137.38 0
1353.12 137.38 0
1361.9 137.38 0
1370.74 137.38 0
1379.63 137.38 0
1388.58 137.38 0
1397.59 137.38 0
1406.65 137.38 0
1415.78 137.38 0
1424.96 137.38 0
1434.21 137.38 0
1443.51 137.38 0
1452.88 137.38 0
1462.3 137.38 0
1471.79 137.38 0
1481.34 137.38 0
1490.95 137.38 0
1500.62 137.38 0
1510.35 137.38 0
1520.15 137.38 0
1530.01 137.38 0
1539.94 137.38 0
1549.93 137.38 0
1559.98 137.38 0
1570.1 137.38 0
1580.29 137.38 0
1590.54 137.38 0
1600.86 137.38 0
1611.25 137.38 0
1621.7 137.38 0
1632.22 137.38 0
1642.81 137.38 0
1653.47 137.38 0
1664.19 137.38 0
1674.99 137.38 0
1685.85 137.38 0
1696.79 137.38 0
1707.8 137.38 0
1718.88 137.38 0
1730.03 137.38 0
1741.25 137.38 0
1752.55 137.38 0
1763.92 137.38 0
1775.36 137.38 0
1786.88 137.38 0
1798.47 137.38 0
1810.14 137.38 0
1821.88 137.38 0
1833.7 137.38 0
1845.6 137.38 0
1857.57 137.38 0
1869.62 137.38 0
1881.75 137.38 0
1893.96 137.38 0
1906.24 137.38 0
1918.61 137.38 0
1931.06 137.38 0
1943.58 137.38 0
1956.19 137.38 0
1968.88 137.38 0
1981.66 137.38 0
1994.51 137.38 0
2007.45 137.38 0
2020.47 137.38 0
2033.58 137.38 0
2046.77 137.38 0
2060.05 137.38 0
2073.42 137.38 0
2086.87 137.38 0
2100.41 137.38 0
2114.03 137.38 0
2127.75 137.38 0
2141.55 137.38 0
2155.44 137.38 0
2169.43 137.38 0
2183.5 137.38 0
2197.66 137.38 0
2211.92 137.38 0
2226.27 137.38 0
2240.71 137.38 0
2255.25 137.38 0
2269.88 137.38 0
2284.61 137.38 0
2299.43 137.38 0
2314.34 137.38 0
2329.36 137.38 0
2344.47 137.38 0
2359.68 137.38 0
2374.99 137.38 0
2390.39 137.38 0
2405.9 137.38 0
2421.51 137.38 0
2437.22 137.38 0
2453.03 137.38 0
2468.94 137.38 0
2484.96 137.38 0
2501.08 137.38 0
2517.31 137.38 0
2533.64 137.38 0
2550.07 137.38 0
2566.62 137.38 0
2583.27 137.38 0
2600.03 137.38 0
2616.89 137.38 0
2633.87 137.38 0
2650.96 137.38 0
2668.15 137.38 0
2685.46 137.38 0
2702.89 137.38 0
2720.42 137.38 0
2738.07 137.38 0
2755.83 137.38 0
2773.71 137.38 0
2791.7 137.38 0
2809.81 137.38 0
2828.04 137.38 0
2846.39 137.38 0
2864.85 137.38 0
2883.44 137.38 0
2902.15 137.38 0
2920.97 137.38 0
2939.92 137.38 0
2958.99 137.38 0
2978.19 137.38 0
2997.51 137.38 0
3016.96 137.38 0
3036.53 137.38 0
3056.23 137.38 0
3076.05 137.38 0
3096.01 137.38 0
3116.1 137.38 0
3136.31 137.38 0
3156.66 137.38 0
3177.14 137.38 0
3197.75 137.38 0
3218.49 137.38 0
3239.37 137.38 0
3260.39 137.38 0
3281.54 137.38 0
3302.83 137.38 0
3324.25 137.38 0
3345.82 137.38 0
3367.52 137.38 0
3389.37 137.38 0
3411.36 137.38 0
3433.49 137.38 0
3455.76 137.38 0
3478.18 137.38 0
3500.75 137.38 0
3523.46 137.38 0
3546.31 137.38 0
3569.32 137.38 0
3592.48 137.38 0
3615.78 137.38 0
3639.24 137.38 0
3662.85 137.38 0
3686.61 137.38 0
3710.53 137.38 0
3734.6 137.38 0
3758.82 137.38 0
3783.21 137.38 0
3807.75 137.38 0
3832.45 137.38 0
3857.32 137.38 0
3882.34 137.38 0
3907.53 137.38 0
3932.88 137.38 0
3958.39 137.38 0
3984.07 137.38 0
4009.92 137.38 0
4035.93 137.38 0
4062.11 137.38 0
4088.47 137.38 0
4114.99 137.38 0
4141.68 137.38 0
4168.55 137.38 0
4195.6 137.38 0
4222.81 137.38 0
4250.21 137.38 0
4277.78 137.38 0
4305.53 137.38 0
4333.46 137.38 0
4361.58 137.38 0
4389.87 137.38 0
4418.35 137.38 0
4447.01 137.38 0
4475.86 137.38 0
4504.9 137.38 0
4534.12 137.38 0
4563.54 137.38 0
4593.14 137.38 0
4622.94 137.38 0
4652.93 137.38 0
4683.12 137.38 0
4713.5 137.38 0
4744.08 137.38 0
4774.85 137.38 0
4805.83 137.38 0
4837.01 137.38 0
4868.39 137.38 0
4899.97 137.38 0
4931.76 137.38 0
4963.75 137.38 0
4995.95 137.38 0
5028.36 137.38 0
5060.98 137.38 0
5093.82 138.072 0.0421484
5126.86 140.551 0.107884
5160.12 145.273 0.176059
5193.6 152.33 0.245589
5227.29 161.779 0.315288
5261.2 173.635 0.38394
5295.33 187.873 0.450388
5329.68 204.431 0.513607
5364.26 223.212 0.572766
5399.06 244.092 0.627261
5434.09 266.929 0.676724
5469.34 291.566 0.721012
5504.82 317.843 0.760178
5540.53 345.602 0.794425
5576.48 374.689 0.824072
5612.65 404.961 0.849508
5649.06 436.287 0.871158
5685.71 468.548 0.889457
5722.6 501.639 0.904828
5759.72 535.469 0.917671
5797.09 569.958 0.928349
5834.69 605.037 0.937191
5872.55 640.649 0.944483
5910.64 676.746 0.950479
5948.99 713.286 0.955392
5987.58 750.235 0.959409
6026.42 787.565 0.962683
6065.52 825.254 0.965346
6104.87 863.282 0.967508
6144.47 901.634 0.969259
6184.33 940.298 0.970674
6224.45 979.265 0.971817
6264.83 1018.53 0.972737
6305.48 1058.07 0.973476
6346.38 1097.91 0.97407
6387.55 1138.02 0.974546
6428.99 1178.41 0.974927
6470.7 1219.08 0.975231
6512.68 1260.02 0.975474
6554.93 1301.24 0.975667
6597.45 1342.73 0.975821
6640.25 1384.5 0.975943
6683.33 1426.55 0.976039
6726.69 1468.87 0.976116
6770.32 1511.46 0.976176
6814.25 1554.34 0.976224
6858.45 1597.49 0.976262
6902.95 1640.93 0.976291
6947.73 1684.65 0.976314
6992.8 1728.66 0.976332
7038.16 1772.95 0.976347
7083.82 1817.53 0.976358
7129.78 1862.4 0.976366
7176.03 1907.56 0.976373
7222.59 1953.01 0.976378
7269.44 1998.76 0.976382
7316.6 2044.81 0.976386
7364.07 2091.15 0.976388
7411.84 2137.8 0.97639
7459.92 2184.74 0.976391
7508.32 2232 0.976392
7557.03 2279.56 0.976393
7606.05 2327.42 0.976394
7655.39 2375.6 0.976394
7705.06 2424.09 0.976395
7755.04 2472.9 0.976395
7805.35 2522.02 0.976395
7855.99 2571.46 0.976395
7906.95 2621.22 0.976396
7958.25 2671.31 0.976396
8009.88 2721.72 0.976396
8061.84 2772.45 0.976396
8114.14 2823.52 0.976396
8166.78 2874.92 0.976396
8219.76 2926.65 0.976396
8273.08 2978.71 0.976396
8326.76 3031.12 0.976396
8380.77 3083.86 0.976396
8435.14 3136.95 0.976396
8489.86 3190.38 0.976396
8544.94 3244.15 0.976396
8600.38 3298.28 0.976396
8656.17 3352.75 0.976396
8712.32 3407.58 0.976396
8768.84 3462.77 0.976396
8825.73 3518.31 0.976396
8882.99 3574.22 0.976396
8940.61 3630.49 0.976396
8998.61 3687.12 0.976396
9056.99 3744.12 0.976396
9115.75 3801.49 0.976396
9174.89 3859.23 0.976396
9234.41 3917.34 0.976396
9294.31 3975.84 0.976396
9354.61 4034.71 0.976396
9415.29 4093.96 0.976396
9476.38 4153.6 0.976396
9537.85 4213.63 0.976396
9599.73 4274.04 0.976396
9662 4334.85 0.976396
9724.68 4396.05 0.976396
9787.77 4457.65 0.976396
9851.27 4519.65 0.976396
9915.18 4582.05 0.976396
9979.5 4644.85 0.976396
10044.2 4708.06 0.976396
10109.4 4771.69 0.976396
10175 4835.72 0.976396
10241 4900.17 0.976396
10307.4 4965.04 0.976396
10374.3 5030.33 0.976396
10441.6 5096.04 0.976396
10509.3 5162.18 0.976396
10577.5 5228.75 0.976396
10646.1 5295.75 0.976396
10715.2 5363.19 0.976396
10784.7 5431.06 0.976396
10854.7 5499.37 0.976396
10925.1 5568.13 0.976396
10996 5637.33 0.976396
11067.3 5706.98 0.976396
11139.1 5777.08 0.976396
11211.4 5847.64 0.976396
11284.1 5918.66 0.976396
11357.3 5990.13 0.976396
11431 6062.07 0.976396
11505.1 6134.48 0.976396
11579.8 6207.36 0.976396
11654.9 6280.7 0.976396
11730.5 6354.53 0.976396
11806.6 6428.83 0.976396
11883.2 6503.62 0.976396
11960.3 6578.89 0.976396
12037.9 6654.65 0.976396
12116 6730.9 0.976396
12194.6 6807.64 0.976396
12273.7 6884.89 0.976396
12353.3 6962.63 0.976396
12433.5 7040.88 0.976396
12514.1 7119.64 0.976396
12595.3 7198.9 0.976396
12677 7278.69 0.976396
12759.2 7358.98 0.976396
12842 7439.8 0.976396
12925.3 7521.15 0.976396
13009.2 7603.02 0.976396
13093.6 7685.42 0.976396
13178.5 7768.36 0.976396
13264 7851.84 0.976396
13350.1 7935.85 0.976396
13436.7 8020.42 0.976396
13523.8 8105.53 0.976396
13611.6 8191.19 0.976396
13699.9 8277.41 0.976396
13788.8 8364.19 0.976396
13878.2 8451.53 0.976396
13968.2 8539.44 0.976396
14058.9 8627.91 0.976396
14150.1 8716.97 0.976396
14241.9 8806.6 0.976396
14334.2 8896.81 0.976396
14427.2 8987.6 0.976396
14520.8 9078.99 0.976396
14615 9170.97 0.976396
14709.8 9263.54 0.976396
14805.3 9356.72 0.976396
14901.3 9450.5 0.976396
14998 9544.89 0.976396
15095.3 9639.89 0.976396
15193.2 9735.5 0.976396
15291.8 9831.74 0.976396
15391 9928.6 0.976396
15490.8 10026.1 0.976396
15591.3 10124.2 0.976396
15692.5 10223 0.976396
15794.3 10322.4 0.976396
15896.7 10422.4 0.976396
15999.9 10523.1 0.976396
16103.7 10624.5 0.976396
16208.1 10726.5 0.976396
16313.3 10829.1 0.976396
16419.1 10932.5 0.976396
16525.6 11036.5 0.976396
16632.8 11141.1 0.976396
16740.7 11246.5 0.976396
16849.3 11352.5 0.976396
16958.7 11459.3 0.976396
17068.7 11566.7 0.976396
17179.4 11674.8 0.976396
17290.8 11783.6 0.976396
17403 11893.1 0.976396
17515.9 12003.4 0.976396
17629.6 12114.3 0.976396
17743.9 12226 0.976396
17859 12338.4 0.976396
17974.9 12451.5 0.976396
18091.5 12565.4 0.976396
18208.9 12680 0.976396
18327 12795.3 0.976396
18445.9 12911.4 0.976396
18565.5 13028.2 0.976396
18686 13145.8 0.976396
18807.2 13264.2 0.976396
18929.2 13383.3 0.976396
19052 13503.2 0.976396
19175.6 13623.9 0.976396
19300 13745.4 0.976396
19425.2 13867.6 0.976396
19551.2 13990.7 0.976396
19678.1 14114.5 0.976396
19805.7 14239.1 0.976396
19934.2 14364.6 0.976396
20063.5 14490.9 0.976396
20193.7 14618 0.976396
20324.7 14745.9 0.976396
20456.6 14874.6 0.976396
20589.3 15004.2 0.976396
20722.8 15134.6 0.976396
20857.3 15265.9 0.976396
20992.6 15398 0.976396
21128.8 15531 0.976396
21265.8 15664.8 0.976396
21403.8 15799.5 0.976396
21542.7 15935.1 0.976396
21682.4 16071.5 0.976396
21823.1 16208.9 0.976396
21964.6 16347.1 0.976396
22107.1 16486.2 0.976396
22250.6 16626.3 0.976396
22394.9 16767.2 0.976396
22540.2 16909.1 0.976396
22686.4 17051.8 0.976396
22833.6 17195.5 0.976396
22981.7 17340.2 0.976396
23130.8 17485.7 0.976396
23280.9 17632.2 0.976396
23431.9 17779.7 0.976396
23583.9 17928.1 0.976396
23736.9 18077.5 0.976396
23890.9 18227.9 0.976396
24045.9 18379.2 0.976396
24201.9 18531.5 0.976396
24358.9 18684.8 0.976396
24516.9 18839.1 0.976396
24676 18994.4 0.976396
24836 19150.7 0.976396
24997.2 19308 0.976396
25159.3 19466.4 0.976396
25322.5 19625.7 0.976396
25486.8 19786.1 0.976396
25652.2 19947.6 0.976396
25818.6 20110.1 0.976396
25986.1 20273.6 0.976396
26154.7 20438.2 0.976396
26324.3 20603.9 0.976396
26495.1 20770.6 0.976396
26667 20938.4 0.976396
26840 21107.4 0.976396
27014.1 21277.4 0.976396
27189.4 21448.5 0.976396
27365.7 21620.7 0.976396
27543.3 21794 0.976396
27722 21968.5 0.976396
27901.8 22144.1 0.976396
28082.8 22320.8 0.976396
28265 22498.7 0.976396
28448.4 22677.8 0.976396
28632.9 22858 0.976396
28818.7 23039.3 0.976396
29005.6 23221.9 0.976396
29193.8 23405.6 0.976396
29383.2 23590.5 0.976396
29573.8 23776.6 0.976396
29765.7 23964 0.976396
29958.8 24152.5 0.976396
30153.1 24342.3 0.976396
30348.7 24533.3 0.976396
30545.6 24725.5 0.976396
30743.8 24919 0.976396
30943.2 25113.7 0.976396
31143.9 25309.7 0.976396
31346 25507 0.976396
31549.3 25705.6 0.976396
31754 25905.4 0.976396
31960 26106.5 0.976396
32167.3 26309 0.976396
32376 26512.7 0.976396
32586.1 26717.8 0.976396
32797.5 26924.2 0.976396
33010.2 27132 0.976396
33224.4 27341.1 0.976396
33439.9 27551.5 0.976396
33656.9 27763.3 0.976396
33875.2 27976.5 0.976396
34095 28191.1 0.976396
34316.1 28407.1 0.976396
34538.8 28624.4 0.976396
34762.8 28843.2 0.976396
34988.3 29063.4 0.976396
35215.3 29285 0.976396
35443.8 29508.1 0.976396
35673.7 29732.6 0.976396
35905.1 29958.6 0.976396
36138.1 30186 0.976396
36372.5 30414.9 0.976396
36608.5 30645.3 0.976396
36846 30877.2 0.976396
37085 31110.6 0.976396
37325.6 31345.5 0.976396
37567.7 31581.9 0.976396
37811.4 31819.9 0.976396
38056.7 32059.4 0.976396
38303.6 32300.4 0.976396
38552.1 32543 0.976396
38802.2 32787.2 0.976396
39053.9 33033 0.976396
39307.3 33280.4 0.976396
39562.3 33529.4 0.976396
39819 33780 0.976396
40077.3 34032.2 0.976396
40337.3 34286.1 0.976396
40599 34541.6 0.976396
40862.3 34798.7 0.976396
41127.4 35057.6 0.976396
41394.2 35318.1 0.976396
41662.8 35580.3 0.976396
41933.1 35844.2 0.976396
42205.1 36109.8 0.976396
42478.9 36377.1 0.976396
42754.5 36646.2 0.976396
43031.8 36917 0.976396
43311 37189.6 0.976396
43592 37463.9 0.976396
43874.8 37740 0.976396
44159.4 38018 0.976396
44445.9 38297.7 0.976396
44734.2 38579.2 0.976396
45024.4 38862.6 0.976396
45316.5 39147.8 0.976396
45610.5 39434.8 0.976396
45906.4 39723.7 0.976396
46204.2 40014.5 0.976396
46503.9 40307.2 0.976396
46805.6 40601.7 0.976396
47109.3 40898.2 0.976396
47414.9 41196.6 0.976396
47722.5 41496.9 0.976396
48032.1 41799.2 0.976396
48343.7 42103.5 0.976396
48657.3 42409.7 0.976396
48972.9 42717.9 0.976396
49290.7 43028.1 0.976396
49610.4 43340.3 0.976396
49932.3 43654.6 0.976396
50256.2 43970.8 0.976396
50582.2 44289.2 0.976396
50910.4 44609.6 0.976396
51240.6 44932.1 0.976396
51573.1 45256.6 0.976396
51907.6 45583.3 0.976396
52244.4 45912.1 0.976396
52583.3 46243 0.976396
52924.4 46576.1 0.976396
53267.8 46911.3 0.976396
53613.3 47248.7 0.976396
53961.1 47588.3 0.976396
54311.2 47930.1 0.976396
54663.5 48274.2 0.976396
55018.2 48620.4 0.976396
55375.1 48968.9 0.976396
55734.3 49319.7 0.976396
56095.9 49672.7 0.976396
