5.78741e-09 5.95396e-15 4.29514e-06
5.8738e-08 3.33166e-13 8.58285e-06
5.86595e-07 1.45059e-11 3.56977e-05
4.6076e-06 3.38009e-10 8.97843e-05
5.86875e-06 4.61297e-10 0.000114002
2.3369e-05 3.31505e-09 0.000192532
7.39119e-05 1.62978e-08 0.000292274
0.000147358 4.17301e-08 0.000330144
0.000152693 4.34471e-08 0.000292479
0.000165528 4.67976e-08 0.000304172
0.000294481 1.01986e-07 0.000463041
0.000466785 1.89679e-07 0.00054542
0.000739961 3.52227e-07 0.00041641
0.000792747 3.70702e-07 0.000446592
0.000859333 4.13069e-07 0.00055442
0.000931697 4.48502e-07 0.00055104
0.00117285 6.10601e-07 0.000697128
0.00147667 8.31244e-07 0.000750516
0.0017323 1.02935e-06 0.000535855
0.00185963 1.08409e-06 0.000525282
0.00294795 2.00733e-06 0.000908255
0.00467391 3.71532e-06 0.00105104
0.00633042 5.56999e-06 0.00091467
0.0070765 6.16755e-06 0.00093479
0.00933155 8.92099e-06 0.00127133
0.0117504 1.21316e-05 0.00137956
0.0154948 1.7543e-05 0.00122736
0.0177925 2.00421e-05 0.00125466
0.0234638 2.89812e-05 0.00164107
0.0295474 3.94039e-05 0.00177172
0.0354913 5.03041e-05 0.00128079
0.0389653 5.38549e-05 0.00125817
0.0549487 8.51279e-05 0.00191362
0.0590129 9.27925e-05 0.00199187
0.0713035 0.000119369 0.00114686
0.0787306 0.000125461 0.00110854
0.10265 0.000178607 0.00176378
0.112568 0.000193736 0.00180901
0.132297 0.000240204 0.00240921
0.146764 0.000275794 0.00181491
0.15911 0.000293738 0.00177613
0.191354 0.000375514 0.00260957
0.227502 0.000472769 0.000973271
0.245257 0.000484229 0.000805937
0.256566 0.000495831 0.00103354
0.268397 0.000508152 0.00104919
0.280773 0.000521236 0.00106507
0.293719 0.00053513 0.0010812
0.307263 0.000549885 0.00109757
0.321432 0.000565555 0.00111419
0.336253 0.000582195 0.00113106
0.351758 0.000599866 0.00114818
0.367978 0.000618631 0.00116556
0.384946 0.000638559 0.00118321
0.402697 0.000659722 0.00120112
0.421266 0.000682195 0.00121931
0.440691 0.000706061 0.00123777
0.461012 0.000731406 0.00125651
0.48227 0.00075832 0.00127553
0.504508 0.000786902 0.00129484
0.527771 0.000817254 0.00131445
0.552107 0.000849487 0.00133435
0.577566 0.000883717 0.00135455
0.604198 0.000920067 0.00137506
0.632059 0.000958668 0.00139588
0.661204 0.000999662 0.00141701
0.691693 0.00104319 0.00143847
0.723588 0.00108942 0.00146024
0.756953 0.00113852 0.00148235
0.791857 0.00119065 0.00150479
0.828371 0.00124602 0.00152758
0.866568 0.00130481 0.00155071
0.906527 0.00136725 0.00157418
0.948328 0.00143355 0.00159802
0.992057 0.00150396 0.00162221
1.0378 0.00157874 0.00164677
1.08566 0.00165815 0.0016717
1.13572 0.00174247 0.00169701
1.18809 0.00183202 0.00172271
1.24287 0.00192712 0.00174879
1.30018 0.00202811 0.00177526
1.36014 0.00213535 0.00180214
1.42285 0.00224924 0.00182943
1.48846 0.00237018 0.00185712
1.5571 0.00249862 0.00188524
1.6289 0.00263501 0.00191378
1.70401 0.00277985 0.00194276
1.78258 0.00293367 0.00197217
1.86478 0.00309701 0.00200203
1.95077 0.00327047 0.00203234
2.04072 0.00345468 0.00206311
2.13482 0.0036503 0.00209435
2.23326 0.00385804 0.00212606
2.33624 0.00407865 0.00215824
2.44396 0.00431292 0.00219092
2.55666 0.00456171 0.00222409
2.67455 0.00482591 0.00225776
2.79788 0.00510648 0.00229195
2.92689 0.00540443 0.00232665
3.06185 0.00572083 0.00236187
3.20304 0.00605684 0.00239763
3.35074 0.00641366 0.00243393
3.50524 0.00679259 0.00247078
3.66688 0.00719499 0.00250819
3.83596 0.00762232 0.00254616
4.01284 0.00807613 0.00258471
4.19788 0.00855804 0.00262385
4.39145 0.00906982 0.00266357
4.59395 0.00961329 0.0027039
4.80578 0.0101904 0.00274483
5.02738 0.0108033 0.00278639
5.2592 0.0114542 0.00282858
5.50171 0.0121454 0.0028714
5.7554 0.0128794 0.00291488
6.02079 0.0136589 0.00295901
6.29841 0.0144866 0.00300381
6.58884 0.0153657 0.00304928
6.89266 0.0162992 0.00309545
7.21049 0.0172905 0.00314232
7.54298 0.0183433 0.00318989
7.8908 0.0194612 0.00323819
8.25465 0.0206484 0.00328721
8.63529 0.0219092 0.00333698
9.03347 0.0232481 0.0033875
9.45002 0.0246699 0.00343879
9.88577 0.0261798 0.00349085
10.3416 0.0277832 0.00354371
10.8185 0.029486 0.00359736
11.3173 0.0312942 0.00365182
11.8392 0.0332145 0.00370711
12.3851 0.0352537 0.00376324
12.9562 0.0374193 0.00382021
13.5536 0.039719 0.00387805
14.1786 0.0421611 0.00393677
14.8324 0.0447546 0.00399637
15.5164 0.0475087 0.00405687
16.2318 0.0504335 0.00411829
16.9803 0.0535394 0.00418065
17.7633 0.0568378 0.00424394
18.5824 0.0603405 0.0043082
19.4392 0.0640601 0.00437342
20.3356 0.0680102 0.00443964
21.2733 0.072205 0.00450685
22.2543 0.0766597 0.00457509
23.2804 0.0813904 0.00464435
24.3539 0.0864141 0.00471467
25.4769 0.091749 0.00478605
26.6517 0.0974144 0.00485851
27.8806 0.103431 0.00493207
29.1662 0.10982 0.00500674
30.5111 0.116605 0.00508254
31.9181 0.12381 0.00515949
33.3898 0.131462 0.00523761
34.9295 0.139587 0.00531691
36.5401 0.148216 0.0053974
38.225 0.15738 0.00547912
39.9877 0.167111 0.00556208
41.8315 0.177445 0.00564629
43.7605 0.188419 0.00573177
45.7783 0.200073 0.00581855
47.8892 0.212449 0.00590664
50.0974 0.225592 0.00599607
52.4075 0.239549 0.00608685
54.8241 0.254371 0.00617901
57.3521 0.27011 0.00627256
59.9967 0.286825 0.00636752
62.7632 0.304575 0.00646393
65.6573 0.323425 0.00656179
68.6849 0.343443 0.00666114
71.852 0.364701 0.00676199
75.1652 0.387275 0.00686552
75.1652 0.387275 0.00686451
75.6528 0.390653 0.00699088
76.1436 0.394116 0.00711934
76.6376 0.397665 0.00724993
77.1348 0.401303 0.00738269
77.6352 0.405031 0.00751766
78.1388 0.408851 0.0076549
78.6457 0.412767 0.00779443
79.1559 0.41678 0.00793631
79.6694 0.420893 0.00808059
80.1863 0.425107 0.0082273
80.7065 0.429425 0.00837649
81.23 0.433851 0.00852822
81.757 0.438386 0.00868253
82.2874 0.443032 0.00883948
82.8212 0.447794 0.00899911
83.3585 0.452672 0.00916148
83.8993 0.457671 0.00932665
84.4436 0.462794 0.00949466
84.9914 0.468042 0.00966557
85.5428 0.473419 0.00983945
86.0977 0.478928 0.0100163
86.6563 0.484573 0.0101963
87.2184 0.490357 0.0103794
87.7842 0.496282 0.0105658
88.3537 0.502353 0.0107553
88.9269 0.508573 0.0109483
89.5038 0.514946 0.0111446
90.0845 0.521475 0.0113444
90.6689 0.528164 0.0115477
91.2571 0.535017 0.0117546
91.8491 0.542039 0.0119652
92.4449 0.549232 0.0121796
93.0447 0.556602 0.0123978
93.6483 0.564152 0.0126199
94.2558 0.571888 0.012846
94.8673 0.579813 0.0130761
95.4827 0.587933 0.0133104
96.1021 0.596252 0.0135489
96.7256 0.604774 0.0137918
97.3531 0.613506 0.014039
97.9847 0.622452 0.0142908
98.6203 0.631618 0.0145471
99.2601 0.641008 0.0148082
99.904 0.65063 0.0150739
100.552 0.660487 0.0153446
101.204 0.670586 0.0156203
101.861 0.680934 0.015901
102.522 0.691536 0.0161869
103.187 0.702399 0.016478
103.856 0.713528 0.0167746
104.53 0.724932 0.0170767
105.208 0.736617 0.0173844
105.891 0.748589 0.0176978
106.578 0.760856 0.0180171
107.269 0.773426 0.0183423
107.965 0.786305 0.0186736
108.665 0.799502 0.0190112
109.37 0.813026 0.0193551
110.08 0.826883 0.0197054
110.794 0.841082 0.0200624
111.513 0.855633 0.0204261
112.236 0.870544 0.0207967
112.964 0.885824 0.0211744
113.697 0.901482 0.0215592
114.435 0.917529 0.0219513
115.177 0.933973 0.0223509
115.924 0.950826 0.0227581
116.676 0.968097 0.023173
117.433 0.985797 0.023596
118.195 1.00394 0.024027
118.962 1.02253 0.0244663
119.734 1.04158 0.024914
120.51 1.06111 0.0253703
121.292 1.08113 0.0258355
122.079 1.10164 0.0263096
122.871 1.12267 0.0267928
123.668 1.14423 0.0272854
124.47 1.16632 0.0277875
125.278 1.18896 0.0282994
126.091 1.21217 0.0288212
126.909 1.23597 0.0293531
127.732 1.26036 0.0298953
128.561 1.28536 0.0304481
129.395 1.31099 0.0310116
130.234 1.33726 0.0315862
131.079 1.36419 0.0321719
131.929 1.39181 0.032769
132.785 1.42011 0.0333779
133.646 1.44913 0.0339986
134.513 1.47888 0.0346314
135.386 1.50939 0.0352767
136.264 1.54066 0.0359345
137.148 1.57272 0.0366052
138.038 1.60559 0.0372891
138.934 1.6393 0.0379864
139.835 1.67386 0.0386973
140.742 1.70929 0.0394222
141.655 1.74562 0.0401613
142.574 1.78287 0.0409149
143.499 1.82107 0.0416833
144.43 1.86024 0.0424667
145.367 1.90041 0.0432655
146.31 1.94159 0.04408
147.259 1.98382 0.0449104
148.215 2.02713 0.0457571
149.176 2.07154 0.0466204
150.144 2.11709 0.0475006
151.118 2.16379 0.048398
152.098 2.21169 0.049313
153.085 2.26081 0.0502458
154.078 2.31118 0.0511969
155.078 2.36284 0.0521666
156.084 2.41582 0.0531551
157.096 2.47015 0.0541629
158.115 2.52587 0.0551904
159.141 2.58302 0.0562378
160.173 2.64163 0.0573055
161.213 2.70174 0.058394
162.258 2.7634 0.0595035
163.311 2.82663 0.0606345
164.37 2.89148 0.0617873
165.437 2.95799 0.0629623
166.51 3.02621 0.0641599
167.59 3.09617 0.0653805
168.678 3.16793 0.0666245
169.772 3.24153 0.0678922
170.873 3.31701 0.0691841
171.982 3.39444 0.0705006
173.097 3.47384 0.0718421
174.22 3.55528 0.073209
175.351 3.63881 0.0746016
176.488 3.72448 0.0760205
177.633 3.81235 0.077466
178.785 3.90247 0.0789384
179.945 3.9949 0.0804384
181.113 4.08969 0.0819661
182.288 4.18691 0.0835221
183.47 4.28661 0.0851068
184.66 4.38887 0.0867206
185.858 4.49374 0.0883638
187.064 4.6013 0.090037
188.278 4.71159 0.0917404
189.499 4.82471 0.0934745
190.728 4.9407 0.0952397
191.966 5.05966 0.0970364
193.211 5.18164 0.098865
194.464 5.30673 0.100726
195.726 5.43499 0.102619
196.996 5.56652 0.104546
198.274 5.70138 0.106506
199.56 5.83965 0.108499
200.855 5.98143 0.110527
202.158 6.12679 0.112588
203.469 6.27582 0.114685
204.789 6.42861 0.116817
206.118 6.58525 0.118984
207.455 6.74582 0.121186
208.801 6.91042 0.123425
210.155 7.07915 0.125699
211.519 7.2521 0.12801
212.891 7.42936 0.130357
214.272 7.61104 0.132741
215.662 7.79724 0.135162
217.061 7.98806 0.13762
218.469 8.18361 0.140115
219.886 8.38399 0.142647
221.313 8.5893 0.145217
222.749 8.79967 0.147824
224.194 9.01519 0.150468
225.648 9.23599 0.15315
227.112 9.46217 0.155869
228.585 9.69385 0.158625
230.068 9.93115 0.161418
231.561 10.1742 0.164248
233.063 10.4231 0.167115
234.575 10.6779 0.170019
236.097 10.9389 0.172958
237.628 11.2061 0.175933
239.17 11.4796 0.178943
240.722 11.7596 0.181989
242.283 12.0462 0.185069
243.855 12.3396 0.188183
245.437 12.6398 0.19133
247.029 12.9469 0.194509
248.632 13.2612 0.197721
250.245 13.5828 0.200963
251.868 13.9117 0.204236
253.502 14.2481 0.207538
255.147 14.5921 0.210869
256.802 14.9439 0.214226
258.468 15.3036 0.21761
260.145 15.6714 0.221018
261.832 16.0473 0.22445
263.531 16.4315 0.227904
265.24 16.8241 0.231379
266.961 17.2252 0.234873
268.693 17.635 0.238384
270.436 18.0536 0.241911
272.191 18.4811 0.245452
273.956 18.9177 0.249005
275.734 19.3634 0.252568
277.522 19.8184 0.256139
279.323 20.2828 0.259715
281.135 20.7566 0.263295
282.959 21.2401 0.266876
284.794 21.7333 0.270455
286.642 22.2362 0.27403
288.501 22.7491 0.277598
290.373 23.272 0.281156
292.257 23.805 0.284702
294.153 24.3481 0.288232
296.061 24.9015 0.291743
297.982 25.4652 0.295233
299.915 26.0393 0.298697
301.86 26.6238 0.302132
303.819 27.2187 0.305534
305.79 27.8243 0.308901
307.773 28.4404 0.312228
309.77 29.067 0.315512
311.78 29.7043 0.318747
313.802 30.3523 0.321932
315.838 31.0108 0.325061
317.887 31.68 0.32813
319.949 32.3598 0.331135
322.025 33.0501 0.334071
324.114 33.751 0.336935
326.217 34.4624 0.339722
328.333 35.1842 0.342426
330.463 35.9164 0.345045
332.607 36.6588 0.347572
334.764 37.4114 0.350004
336.936 38.1741 0.352335
339.122 38.9466 0.354561
341.322 39.729 0.356678
343.536 40.521 0.35868
345.765 41.3225 0.360563
348.008 42.1332 0.362322
350.266 42.9531 0.363952
352.538 43.7818 0.36545
354.825 44.6191 0.366809
357.127 45.4649 0.368026
359.444 46.3188 0.369097
361.776 47.1805 0.370017
364.123 48.0498 0.370781
366.485 48.9264 0.371386
368.862 49.8099 0.371828
371.255 50.7 0.372103
373.664 51.5963 0.372206
376.088 52.4985 0.372136
378.528 53.4061 0.371888
380.983 54.3188 0.371459
383.455 55.2361 0.370846
385.942 56.1577 0.370047
388.446 57.0829 0.369059
390.966 58.0115 0.367881
393.502 58.9428 0.36651
396.055 59.8764 0.364945
398.625 60.8118 0.363184
401.211 61.7485 0.361227
403.813 62.6859 0.359073
406.433 63.6235 0.356722
409.07 64.5607 0.354173
411.724 65.4969 0.351428
414.395 66.4317 0.348488
417.083 67.3643 0.345353
419.789 68.2942 0.342025
422.512 69.2209 0.338506
425.253 70.1437 0.334799
428.012 71.0619 0.330907
430.788 71.9751 0.326832
433.583 72.8825 0.322579
436.396 73.7837 0.318152
439.227 74.6779 0.313555
442.076 75.5645 0.308793
444.944 76.4431 0.303873
447.831 77.3129 0.298798
450.736 78.1734 0.293576
453.66 79.024 0.288213
456.603 79.8641 0.282717
459.565 80.6932 0.277093
462.547 81.5108 0.271351
465.547 82.3162 0.265498
468.567 83.1091 0.259542
471.607 83.8888 0.253492
474.667 84.655 0.247356
477.746 85.4071 0.241145
480.845 86.1448 0.234866
483.965 86.8675 0.228529
487.104 87.575 0.222145
490.264 88.2669 0.215723
493.445 88.9427 0.209272
496.646 89.6023 0.202802
499.868 90.2452 0.196324
503.111 90.8714 0.189848
506.375 91.4805 0.183383
509.66 92.0723 0.176939
512.966 92.6467 0.170525
516.294 93.2036 0.164153
519.643 93.7428 0.15783
523.014 94.2643 0.151566
526.407 94.7681 0.14537
529.822 95.2541 0.139251
533.26 95.7223 0.133216
536.719 96.1729 0.127275
540.201 96.6059 0.121435
543.705 97.0214 0.115702
547.233 97.4196 0.110085
550.783 97.8007 0.104589
554.356 98.1648 0.09922
557.952 98.5122 0.093984
561.572 98.8431 0.0888859
565.215 99.1579 0.0839302
568.882 99.4569 0.0791208
572.572 99.7403 0.0744612
576.287 100.008 0.0699543
580.025 100.262 0.0656025
583.788 100.501 0.0614078
587.575 100.726 0.0573715
591.387 100.937 0.0534943
595.224 101.135 0.0497767
599.085 101.321 0.0462184
602.971 101.494 0.0428189
606.883 101.655 0.0395769
610.82 101.804 0.0364909
614.783 101.943 0.033559
618.771 102.072 0.0307787
622.785 102.19 0.0281472
626.826 102.298 0.0256615
630.892 102.398 0.0233181
634.985 102.489 0.0211132
639.104 102.572 0.0190429
643.25 102.647 0.0171029
647.423 102.714 0.0152889
651.623 102.775 0.0135961
655.851 102.829 0.0120199
660.105 102.877 0.0105553
664.388 102.919 0.00919757
668.698 102.956 0.00794156
673.036 102.988 0.00678231
677.402 103.015 0.0057148
681.797 103.038 0.00473403
686.22 103.057 0.00383508
690.671 103.073 0.00301308
695.152 103.084 0.00226325
699.662 103.093 0.00158093
704.201 103.099 0.000961583
708.769 103.102 0.00040082
713.367 103.103 0
717.995 103.103 0
722.653 103.103 0
727.341 103.103 0
732.06 103.103 0
736.809 103.103 0
741.589 103.103 0
746.4 103.103 0
751.242 103.103 0
756.115 103.103 0
761.021 103.103 0
765.958 103.103 0
770.927 103.103 0
775.928 103.103 0
780.962 103.103 0
786.028 103.103 0
791.127 103.103 0
796.26 103.103 0
801.425 103.103 0
806.624 103.103 0
811.857 103.103 0
817.124 103.103 0
822.425 103.103 0
827.76 103.103 0
833.13 103.103 0
838.535 103.103 0
843.975 103.103 0
849.45 103.103 0
854.961 103.103 0
860.507 103.103 0
866.09 103.103 0
871.708 103.103 0
877.363 103.103 0
883.055 103.103 0
888.784 103.103 0
894.55 103.103 0
900.353 103.103 0
906.194 103.103 0
912.073 103.103 0
917.99 103.103 0
923.945 103.103 0
929.939 103.103 0
935.972 103.103 0
942.044 103.103 0
948.155 103.103 0
954.306 103.103 0
960.497 103.103 0
966.728 103.103 0
973 103.103 0
979.312 103.103 0
985.665 103.103 0
992.059 103.103 0
998.495 103.103 0
1004.97 103.103 0
1011.49 103.103 0
1018.05 103.103 0
1024.66 103.103 0
1031.31 103.103 0
1038 103.103 0
1044.73 103.103 0
1051.51 103.103 0
1058.33 103.103 0
1065.2 103.103 0
1072.11 103.103 0
1079.06 103.103 0
1086.06 103.103 0
1093.11 103.103 0
1100.2 103.103 0
1107.34 103.103 0
1114.52 103.103 0
1121.75 103.103 0
1129.03 103.103 0
1136.35 103.103 0
1143.72 103.103 0
1151.14 103.103 0
1158.61 103.103 0
1166.13 103.103 0
1173.69 103.103 0
1181.31 103.103 0
1188.97 103.103 0
1196.68 103.103 0
1204.45 103.103 0
1212.26 103.103 0
1220.12 103.103 0
1228.04 103.103 0
1236.01 103.103 0
1244.02 103.103 0
1252.09 103.103 0
1260.22 103.103 0
1268.39 103.103 0
1276.62 103.103 0
1284.9 103.103 0
1293.24 103.103 0
1301.63 103.103 0
1310.07 103.103 0
1318.57 103.103 0
1327.13 103.103 0
1335.74 103.103 0
1344.4 103.103 0
1353.12 103.103 0
1361.9 103.103 0
1370.74 103.103 0
1379.63 103.103 0
1388.58 103.103 0
1397.59 103.103 0
1406.65 103.103 0
1415.78 103.103 0
1424.96 103.103 0
1434.21 103.103 0
1443.51 103.103 0
1452.88 103.103 0
1462.3 103.103 0
1471.79 103.103 0
1481.34 103.103 0
1490.95 103.103 0
1500.62 103.103 0
1510.35 103.103 0
1520.15 103.103 0
1530.01 103.103 0
1539.94 103.103 0
1549.93 103.103 6.34678e-05
1559.98 103.105 0.000315089
1570.1 103.11 0.000583989
1580.29 103.117 0.000871456
1590.54 103.128 0.00117888
1600.86 103.141 0.00150777
1611.25 103.159 0.00185973
1621.7 103.18 0.00223653
1632.22 103.206 0.00264005
1642.81 103.236 0.00307235
1653.47 103.271 0.00353563
1664.19 103.312 0.00403228
1674.99 103.358 0.00456489
1685.85 103.411 0.00513625
1696.79 103.471 0.0057494
1707.8 103.538 0.00640759
1718.88 103.613 0.00711436
1730.03 103.696 0.00787356
1741.25 103.789 0.00868931
1752.55 103.892 0.00956609
1763.92 104.006 0.0105088
1775.36 104.132 0.0115226
1786.88 104.271 0.0126132
1798.47 104.424 0.0137867
1810.14 104.593 0.0150498
1821.88 104.777 0.0164096
1833.7 104.98 0.0178738
1845.6 105.202 0.0194509
1857.57 105.445 0.0211499
1869.62 105.711 0.0229804
1881.75 106.002 0.024953
1893.96 106.319 0.027079
1906.24 106.666 0.0293706
1918.61 107.044 0.0318408
1931.06 107.457 0.0345037
1943.58 107.908 0.0373743
1956.19 108.398 0.0404688
1968.88 108.933 0.0438045
1981.66 109.515 0.0473997
1994.51 110.15 0.0512741
2007.45 110.84 0.0554483
2020.47 111.592 0.0599446
2033.58 112.409 0.0647862
2046.77 113.298 0.0699975
2060.05 114.265 0.0756041
2073.42 115.315 0.0816329
2086.87 116.457 0.0881116
2100.41 117.697 0.0950688
2114.03 119.043 0.102534
2127.75 120.504 0.110536
2141.55 122.089 0.119106
2155.44 123.808 0.128274
2169.43 125.67 0.138068
2183.5 127.687 0.148517
2197.66 129.869 0.159647
2211.92 132.23 0.171482
2226.27 134.78 0.184046
2240.71 137.535 0.197354
2255.25 140.506 0.211422
2269.88 143.707 0.226257
2284.61 147.154 0.241861
2299.43 150.86 0.258231
2314.34 154.84 0.275354
2329.36 159.108 0.29321
2344.47 163.679 0.31177
2359.68 168.567 0.330994
2374.99 173.786 0.350835
2390.39 179.348 0.371235
2405.9 185.267 0.392127
2421.51 191.554 0.413435
2437.22 198.219 0.435075
2453.03 205.271 0.456957
2468.94 212.718 0.478984
2484.96 220.566 0.501057
2501.08 228.821 0.523073
2517.31 237.486 0.54493
2533.64 246.561 0.566528
2550.07 256.047 0.587768
2566.62 265.943 0.608559
2583.27 276.244 0.628817
2600.03 286.947 0.648463
2616.89 298.045 0.66743
2633.87 309.53 0.685661
2650.96 321.395 0.703109
2668.15 333.63 0.719737
2685.46 346.225 0.735518
2702.89 359.169 0.750438
2720.42 372.45 0.76449
2738.07 386.059 0.777676
2755.83 399.982 0.790007
2773.71 414.209 0.801499
2791.7 428.727 0.812176
2809.81 443.525 0.822066
2828.04 458.594 0.8312
2846.39 473.92 0.839613
2864.85 489.496 0.847342
2883.44 505.31 0.854425
2902.15 521.353 0.860902
2920.97 537.617 0.86681
2939.92 554.093 0.872189
2958.99 570.775 0.877076
2978.19 587.654 0.881509
2997.51 604.724 0.885521
3016.96 621.979 0.889148
3036.53 639.413 0.892419
3056.23 657.022 0.895367
3076.05 674.801 0.898019
3096.01 692.745 0.9004
3116.1 710.851 0.902537
3136.31 729.115 0.904451
3156.66 747.535 0.906164
3177.14 766.107 0.907695
3197.75 784.83 0.909061
3218.49 803.701 0.910279
3239.37 822.718 0.911364
3260.39 841.881 0.912329
3281.54 861.187 0.913187
3302.83 880.635 0.913948
3324.25 900.225 0.914624
3345.82 919.956 0.915222
3367.52 939.827 0.915752
3389.37 959.838 0.91622
3411.36 979.989 0.916633
3433.49 1000.28 0.916998
3455.76 1020.71 0.91732
3478.18 1041.28 0.917604
3500.75 1061.98 0.917853
3523.46 1082.83 0.918072
3546.31 1103.82 0.918265
3569.32 1124.95 0.918434
3592.48 1146.21 0.918582
3615.78 1167.62 0.918712
3639.24 1189.18 0.918825
3662.85 1210.87 0.918924
3686.61 1232.71 0.919011
3710.53 1254.69 0.919087
3734.6 1276.81 0.919153
3758.82 1299.08 0.91921
3783.21 1321.5 0.91926
3807.75 1344.06 0.919304
3832.45 1366.77 0.919341
3857.32 1389.62 0.919374
3882.34 1412.63 0.919402
3907.53 1435.79 0.919427
3932.88 1459.1 0.919448
3958.39 1482.55 0.919466
3984.07 1506.17 0.919482
4009.92 1529.93 0.919496
4035.93 1553.85 0.919508
4062.11 1577.93 0.919518
4088.47 1602.16 0.919527
4114.99 1626.55 0.919534
4141.68 1651.09 0.91954
4168.55 1675.8 0.919546
4195.6 1700.67 0.919551
4222.81 1725.7 0.919555
4250.21 1750.89 0.919558
4277.78 1776.24 0.919561
4305.53 1801.76 0.919564
4333.46 1827.45 0.919566
4361.58 1853.3 0.919567
4389.87 1879.32 0.919569
4418.35 1905.51 0.91957
4447.01 1931.86 0.919571
4475.86 1958.39 0.919572
4504.9 1985.09 0.919573
4534.12 2011.97 0.919574
4563.54 2039.02 0.919574
4593.14 2066.24 0.919575
4622.94 2093.64 0.919575
4652.93 2121.22 0.919576
4683.12 2148.98 0.919576
4713.5 2176.92 0.919576
4744.08 2205.03 0.919576
4774.85 2233.34 0.919577
4805.83 2261.82 0.919577
4837.01 2290.49 0.919577
4868.39 2319.35 0.919577
4899.97 2348.39 0.919577
4931.76 2377.62 0.919577
4963.75 2407.04 0.919577
4995.95 2436.65 0.919577
5028.36 2466.46 0.919577
5060.98 2496.46 0.919577
5093.82 2526.65 0.919577
5126.86 2557.03 0.919577
5160.12 2587.62 0.919577
5193.6 2618.4 0.919577
5227.29 2649.39 0.919577
5261.2 2680.57 0.919577
5295.33 2711.96 0.919577
5329.68 2743.55 0.919577
5364.26 2775.34 0.919577
5399.06 2807.34 0.919577
5434.09 2839.55 0.919577
5469.34 2871.97 0.919577
5504.82 2904.6 0.919577
5540.53 2937.44 0.919577
5576.48 2970.49 0.919577
5612.65 3003.76 0.919577
5649.06 3037.24 0.919577
5685.71 3070.94 0.919577
5722.6 3104.86 0.919577
5759.72 3139 0.919577
5797.09 3173.36 0.919577
5834.69 3207.94 0.919577
5872.55 3242.75 0.919577
5910.64 3277.78 0.919577
5948.99 3313.04 0.919577
5987.58 3348.53 0.919577
6026.42 3384.25 0.919577
6065.52 3420.2 0.919577
6104.87 3456.39 0.919577
6144.47 3492.81 0.919577
6184.33 3529.46 0.919577
6224.45 3566.36 0.919577
6264.83 3603.49 0.919577
6305.48 3640.86 0.919577
6346.38 3678.48 0.919577
6387.55 3716.34 0.919577
6428.99 3754.44 0.919577
6470.7 3792.8 0.919577
6512.68 3831.4 0.919577
6554.93 3870.25 0.919577
6597.45 3909.36 0.919577
6640.25 3948.71 0.919577
6683.33 3988.33 0.919577
6726.69 4028.2 0.919577
6770.32 4068.33 0.919577
6814.25 4108.72 0.919577
6858.45 4149.37 0.919577
6902.95 4190.28 0.919577
6947.73 4231.46 0.919577
6992.8 4272.91 0.919577
7038.16 4314.63 0.919577
7083.82 4356.61 0.919577
7129.78 4398.87 0.919577
7176.03 4441.41 0.919577
7222.59 4484.22 0.919577
7269.44 4527.3 0.919577
7316.6 4570.67 0.919577
7364.07 4614.32 0.919577
7411.84 4658.25 0.919577
7459.92 4702.46 0.919577
7508.32 4746.97 0.919577
7557.03 4791.76 0.919577
7606.05 4836.84 0.919577
7655.39 4882.22 0.919577
7705.06 4927.89 0.919577
7755.04 4973.85 0.919577
7805.35 5020.12 0.919577
7855.99 5066.68 0.919577
7906.95 5113.54 0.919577
7958.25 5160.71 0.919577
8009.88 5208.19 0.919577
8061.84 5255.97 0.919577
8114.14 5304.07 0.919577
8166.78 5352.47 0.919577
8219.76 5401.19 0.919577
8273.08 5450.23 0.919577
8326.76 5499.58 0.919577
8380.77 5549.26 0.919577
8435.14 5599.26 0.919577
8489.86 5649.58 0.919577
8544.94 5700.22 0.919577
8600.38 5751.2 0.919577
8656.17 5802.51 0.919577
8712.32 5854.15 0.919577
8768.84 5906.12 0.919577
8825.73 5958.43 0.919577
8882.99 6011.08 0.919577
8940.61 6064.08 0.919577
8998.61 6117.41 0.919577
9056.99 6171.09 0.919577
9115.75 6225.12 0.919577
9174.89 6279.51 0.919577
9234.41 6334.24 0.919577
9294.31 6389.33 0.919577
9354.61 6444.77 0.919577
9415.29 6500.58 0.919577
9476.38 6556.75 0.919577
9537.85 6613.28 0.919577
9599.73 6670.18 0.919577
9662 6727.45 0.919577
9724.68 6785.09 0.919577
9787.77 6843.1 0.919577
9851.27 6901.49 0.919577
9915.18 6960.26 0.919577
9979.5 7019.41 0.919577
10044.2 7078.95 0.919577
10109.4 7138.87 0.919577
10175 7199.18 0.919577
10241 7259.88 0.919577
10307.4 7320.97 0.919577
10374.3 7382.46 0.919577
10441.6 7444.35 0.919577
10509.3 7506.64 0.919577
10577.5 7569.33 0.919577
10646.1 7632.44 0.919577
10715.2 7695.95 0.919577
10784.7 7759.87 0.919577
10854.7 7824.21 0.919577
10925.1 7888.96 0.919577
10996 7954.14 0.919577
11067.3 8019.73 0.919577
11139.1 8085.76 0.919577
11211.4 8152.21 0.919577
11284.1 8219.09 0.919577
11357.3 8286.41 0.919577
11431 8354.16 0.919577
11505.1 8422.36 0.919577
11579.8 8490.99 0.919577
11654.9 8560.07 0.919577
11730.5 8629.6 0.919577
11806.6 8699.58 0.919577
11883.2 8770.01 0.919577
11960.3 8840.9 0.919577
12037.9 8912.26 0.919577
12116 8984.07 0.919577
12194.6 9056.35 0.919577
12273.7 9129.1 0.919577
12353.3 9202.32 0.919577
12433.5 9276.01 0.919577
12514.1 9350.19 0.919577
12595.3 9424.84 0.919577
12677 9499.98 0.919577
12759.2 9575.61 0.919577
12842 9651.72 0.919577
12925.3 9728.33 0.919577
13009.2 9805.44 0.919577
13093.6 9883.05 0.919577
13178.5 9961.16 0.919577
13264 10039.8 0.919577
13350.1 10118.9 0.919577
13436.7 10198.5 0.919577
13523.8 10278.7 0.919577
13611.6 10359.4 0.919577
13699.9 10440.6 0.919577
13788.8 10522.3 0.919577
13878.2 10604.6 0.919577
13968.2 10687.4 0.919577
14058.9 10770.7 0.919577
14150.1 10854.6 0.919577
14241.9 10939 0.919577
14334.2 11023.9 0.919577
14427.2 11109.5 0.919577
14520.8 11195.5 0.919577
14615 11282.1 0.919577
14709.8 11369.3 0.919577
14805.3 11457.1 0.919577
14901.3 11545.4 0.919577
14998 11634.3 0.919577
15095.3 11723.8 0.919577
15193.2 11813.8 0.919577
15291.8 11904.5 0.919577
15391 11995.7 0.919577
15490.8 12087.5 0.919577
15591.3 12179.9 0.919577
15692.5 12272.9 0.919577
15794.3 12366.5 0.919577
15896.7 12460.8 0.919577
15999.9 12555.6 0.919577
16103.7 12651.1 0.919577
16208.1 12747.1 0.919577
16313.3 12843.8 0.919577
16419.1 12941.1 0.919577
16525.6 13039.1 0.919577
16632.8 13137.7 0.919577
16740.7 13236.9 0.919577
16849.3 13336.8 0.919577
16958.7 13437.3 0.919577
17068.7 13538.4 0.919577
17179.4 13640.3 0.919577
17290.8 13742.8 0.919577
17403 13845.9 0.919577
17515.9 13949.7 0.919577
17629.6 14054.2 0.919577
17743.9 14159.4 0.919577
17859 14265.2 0.919577
17974.9 14371.8 0.919577
18091.5 14479 0.919577
18208.9 14586.9 0.919577
18327 14695.6 0.919577
18445.9 14804.9 0.919577
18565.5 14914.9 0.919577
18686 15025.7 0.919577
18807.2 15137.2 0.919577
18929.2 15249.4 0.919577
19052 15362.3 0.919577
19175.6 15476 0.919577
19300 15590.4 0.919577
19425.2 15705.5 0.919577
19551.2 15821.4 0.919577
19678.1 15938 0.919577
19805.7 16055.4 0.919577
19934.2 16173.6 0.919577
20063.5 16292.5 0.919577
20193.7 16412.2 0.919577
20324.7 16532.6 0.919577
20456.6 16653.9 0.919577
20589.3 16775.9 0.919577
20722.8 16898.7 0.919577
20857.3 17022.4 0.919577
20992.6 17146.8 0.919577
21128.8 17272 0.919577
21265.8 17398.1 0.919577
21403.8 17524.9 0.919577
21542.7 17652.6 0.919577
21682.4 17781.1 0.919577
21823.1 17910.5 0.919577
21964.6 18040.7 0.919577
22107.1 18171.7 0.919577
22250.6 18303.6 0.919577
22394.9 18436.3 0.919577
22540.2 18569.9 0.919577
22686.4 18704.4 0.919577
22833.6 18839.7 0.919577
22981.7 18976 0.919577
23130.8 19113.1 0.919577
23280.9 19251 0.919577
23431.9 19389.9 0.919577
23583.9 19529.7 0.919577
23736.9 19670.4 0.919577
23890.9 19812 0.919577
24045.9 19954.5 0.919577
24201.9 20098 0.919577
24358.9 20242.4 0.919577
24516.9 20387.7 0.919577
24676 20533.9 0.919577
24836 20681.1 0.919577
24997.2 20829.3 0.919577
25159.3 20978.4 0.919577
25322.5 21128.5 0.919577
25486.8 21279.6 0.919577
25652.2 21431.6 0.919577
25818.6 21584.7 0.919577
25986.1 21738.7 0.919577
26154.7 21893.7 0.919577
26324.3 22049.7 0.919577
26495.1 22206.8 0.919577
26667 22364.8 0.919577
26840 22523.9 0.919577
27014.1 22684 0.919577
27189.4 22845.2 0.919577
27365.7 23007.4 0.919577
27543.3 23170.7 0.919577
27722 23335 0.919577
27901.8 23500.3 0.919577
28082.8 23666.8 0.919577
28265 23834.3 0.919577
28448.4 24002.9 0.919577
28632.9 24172.7 0.919577
28818.7 24343.5 0.919577
29005.6 24515.4 0.919577
29193.8 24688.4 0.919577
29383.2 24862.6 0.919577
29573.8 25037.9 0.919577
29765.7 25214.3 0.919577
29958.8 25391.9 0.919577
30153.1 25570.6 0.919577
30348.7 25750.5 0.919577
30545.6 25931.5 0.919577
30743.8 26113.8 0.919577
30943.2 26297.2 0.919577
31143.9 26481.8 0.919577
31346 26667.5 0.919577
31549.3 26854.5 0.919577
31754 27042.8 0.919577
31960 27232.2 0.919577
32167.3 27422.9 0.919577
32376 27614.8 0.919577
32586.1 27807.9 0.919577
32797.5 28002.3 0.919577
33010.2 28197.9 0.919577
33224.4 28394.9 0.919577
33439.9 28593.1 0.919577
33656.9 28792.6 0.919577
33875.2 28993.4 0.919577
34095 29195.4 0.919577
34316.1 29398.8 0.919577
34538.8 29603.6 0.919577
34762.8 29809.6 0.919577
34988.3 30017 0.919577
35215.3 30225.7 0.919577
35443.8 30435.8 0.919577
35673.7 30647.2 0.919577
35905.1 30860.1 0.919577
36138.1 31074.2 0.919577
36372.5 31289.8 0.919577
36608.5 31506.8 0.919577
36846 31725.2 0.919577
37085 31945 0.919577
37325.6 32166.3 0.919577
37567.7 32388.9 0.919577
37811.4 32613 0.919577
38056.7 32838.6 0.919577
38303.6 33065.6 0.919577
38552.1 33294.1 0.919577
38802.2 33524.1 0.919577
39053.9 33755.6 0.919577
39307.3 33988.6 0.919577
39562.3 34223.1 0.919577
39819 34459.1 0.919577
40077.3 34696.6 0.919577
40337.3 34935.7 0.919577
40599 35176.4 0.919577
40862.3 35418.6 0.919577
41127.4 35662.3 0.919577
41394.2 35907.7 0.919577
41662.8 36154.6 0.919577
41933.1 36403.2 0.919577
42205.1 36653.3 0.919577
42478.9 36905.1 0.919577
42754.5 37158.5 0.919577
43031.8 37413.6 0.919577
43311 37670.3 0.919577
43592 37928.7 0.919577
43874.8 38188.7 0.919577
44159.4 38450.5 0.919577
44445.9 38713.9 0.919577
44734.2 38979.1 0.919577
45024.4 39245.9 0.919577
45316.5 39514.5 0.919577
45610.5 39784.9 0.919577
45906.4 40057 0.919577
46204.2 40330.8 0.919577
46503.9 40606.4 0.919577
46805.6 40883.9 0.919577
47109.3 41163.1 0.919577
47414.9 41444.1 0.919577
47722.5 41727 0.919577
48032.1 42011.7 0.919577
48343.7 42298.2 0.919577
48657.3 42586.6 0.919577
48972.9 42876.9 0.919577
49290.7 43169.1 0.919577
49610.4 43463.1 0.919577
49932.3 43759.1 0.919577
50256.2 44056.9 0.919577
50582.2 44356.7 0.919577
50910.4 44658.5 0.919577
51240.6 44962.2 0.919577
51573.1 45267.9 0.919577
51907.6 45575.6 0.919577
52244.4 45885.2 0.919577
52583.3 46196.9 0.919577
52924.4 46510.6 0.919577
53267.8 46826.3 0.919577
53613.3 47144.1 0.919577
53961.1 47463.9 0.919577
54311.2 47785.8 0.919577
54663.5 48109.8 0.919577
55018.2 48435.9 0.919577
55375.1 48764.2 0.919577
55734.3 49094.5 0.919577
56095.9 49427 0.919577
