5.78741e-09 5.95396e-15 4.29514e-06
5.8738e-08 3.33166e-13 8.58285e-06
5.86595e-07 1.45059e-11 3.56977e-05
4.6076e-06 3.38009e-10 8.97843e-05
5.86875e-06 4.61297e-10 0.000114002
2.3369e-05 3.31505e-09 0.000192532
7.39119e-05 1.62978e-08 0.000292274
0.000147358 4.17301e-08 0.000330144
0.000152693 4.34471e-08 0.000292479
0.000165528 4.67976e-08 0.000304172
0.000294481 1.01986e-07 0.000463041
0.000466785 1.89679e-07 0.00054542
0.000739961 3.52227e-07 0.00041641
0.000792747 3.70702e-07 0.000446592
0.000859333 4.13069e-07 0.00055442
0.000931697 4.48502e-07 0.00055104
0.00117285 6.10601e-07 0.000697128
0.00147667 8.31244e-07 0.000750516
0.0017323 1.02935e-06 0.000535855
0.00185963 1.08409e-06 0.000525282
0.00294795 2.00733e-06 0.000908255
0.00467391 3.71532e-06 0.00105104
0.00633042 5.56999e-06 0.00091467
0.0070765 6.16755e-06 0.00093479
0.00933155 8.92099e-06 0.00127133
0.0117504 1.21316e-05 0.00137956
0.0154948 1.7543e-05 0.00122736
0.0177925 2.00421e-05 0.00125466
0.0234638 2.89812e-05 0.00164107
0.0295474 3.94039e-05 0.00177172
0.0354913 5.03041e-05 0.00128079
0.0389653 5.38549e-05 0.00125817
0.0549487 8.51279e-05 0.00191362
0.0590129 9.27925e-05 0.00199187
0.0713035 0.000119369 0.00114686
0.0787306 0.000125461 0.00110854
0.10265 0.000178607 0.00176378
0.112568 0.000193736 0.00180901
0.132297 0.000240204 0.00240921
0.146764 0.000275794 0.00181491
0.15911 0.000293738 0.00177613
0.191354 0.000375514 0.00260957
0.227502 0.000472769 0.000973271
0.245257 0.000484229 0.000805937
0.256566 0.000495831 0.00103354
0.268397 0.000508152 0.00104919
0.280773 0.000521236 0.00106507
0.293719 0.00053513 0.0010812
0.307263 0.000549885 0.00109757
0.321432 0.000565555 0.00111419
0.336253 0.000582195 0.00113106
0.351758 0.000599866 0.00114818
0.367978 0.000618631 0.00116556
0.384946 0.000638559 0.00118321
0.402697 0.000659722 0.00120112
0.421266 0.000682195 0.00121931
0.440691 0.000706061 0.00123777
0.461012 0.000731406 0.00125651
0.48227 0.00075832 0.00127553
0.504508 0.000786902 0.00129484
0.527771 0.000817254 0.00131445
0.552107 0.000849487 0.00133435
0.577566 0.000883717 0.00135455
0.604198 0.000920067 0.00137506
0.632059 0.000958668 0.00139588
0.661204 0.000999662 0.00141701
0.691693 0.00104319 0.00143847
0.723588 0.00108942 0.00146024
0.756953 0.00113852 0.00148235
0.791857 0.00119065 0.00150479
0.828371 0.00124602 0.00152758
0.866568 0.00130481 0.00155071
0.906527 0.00136725 0.00157418
0.948328 0.00143355 0.00159802
0.992057 0.00150396 0.00162221
1.0378 0.00157874 0.00164677
1.08566 0.00165815 0.0016717
1.13572 0.00174247 0.00169701
1.18809 0.00183202 0.00172271
1.24287 0.00192712 0.00174879
1.30018 0.00202811 0.00177526
1.36014 0.00213535 0.00180214
1.42285 0.00224924 0.00182943
1.48846 0.00237018 0.00185712
1.5571 0.00249862 0.00188524
1.6289 0.00263501 0.00191378
1.70401 0.00277985 0.00194276
1.78258 0.00293367 0.00197217
1.86478 0.00309701 0.00200203
1.95077 0.00327047 0.00203234
2.04072 0.00345468 0.00206311
2.13482 0.0036503 0.00209435
2.23326 0.00385804 0.00212606
2.33624 0.00407865 0.00215824
2.44396 0.00431292 0.00219092
2.55666 0.00456171 0.00222409
2.67455 0.00482591 0.00225776
2.79788 0.00510648 0.00229195
2.92689 0.00540443 0.00232665
3.06185 0.00572083 0.00236187
3.20304 0.00605684 0.00239763
3.35074 0.00641366 0.00243393
3.50524 0.00679259 0.00247078
3.66688 0.00719499 0.00250819
3.83596 0.00762232 0.00254616
4.01284 0.00807613 0.00258471
4.19788 0.00855804 0.00262385
4.39145 0.00906982 0.00266357
4.59395 0.00961329 0.0027039
4.80578 0.0101904 0.00274483
5.02738 0.0108033 0.00278639
5.2592 0.0114542 0.00282858
5.50171 0.0121454 0.0028714
5.7554 0.0128794 0.00291488
6.02079 0.0136589 0.00295901
6.29841 0.0144866 0.00300381
6.58884 0.0153657 0.00304928
6.89266 0.0162992 0.00309545
7.21049 0.0172905 0.00314232
7.54298 0.0183433 0.00318989
7.8908 0.0194612 0.00323819
8.25465 0.0206484 0.00328721
8.63529 0.0219092 0.00333698
9.03347 0.0232481 0.0033875
9.45002 0.0246699 0.00343879
9.88577 0.0261798 0.00349085
10.3416 0.0277832 0.00354371
10.8185 0.029486 0.00359736
11.3173 0.0312942 0.00365182
11.8392 0.0332145 0.00370711
12.3851 0.0352537 0.00376324
12.9562 0.0374193 0.00382021
13.5536 0.039719 0.00387805
14.1786 0.0421611 0.00393677
14.8324 0.0447546 0.00399637
15.5164 0.0475087 0.00405687
16.2318 0.0504335 0.00411829
16.9803 0.0535394 0.00418065
17.7633 0.0568378 0.00424394
18.5824 0.0603405 0.0043082
19.4392 0.0640601 0.00437342
20.3356 0.0680102 0.00443964
21.2733 0.072205 0.00450685
22.2543 0.0766597 0.00457509
23.2804 0.0813904 0.00464435
24.3539 0.0864141 0.00471467
25.4769 0.091749 0.00478605
26.6517 0.0974144 0.00485851
27.8806 0.103431 0.00493207
29.1662 0.10982 0.00500674
30.5111 0.116605 0.00508254
31.9181 0.12381 0.00515949
33.3898 0.131462 0.00523761
34.9295 0.139587 0.00531691
36.5401 0.148216 0.0053974
38.225 0.15738 0.00547912
39.9877 0.167111 0.00556208
41.8315 0.177445 0.00564629
43.7605 0.188419 0.00573177
45.7783 0.200073 0.00581855
47.8892 0.212449 0.00590664
50.0974 0.225592 0.00599607
52.4075 0.239549 0.00608685
54.8241 0.254371 0.00617901
57.3521 0.27011 0.00627256
59.9967 0.286825 0.00636752
62.7632 0.304575 0.00646393
65.6573 0.323425 0.00656179
68.6849 0.343443 0.00666114
71.852 0.364701 0.00676199
75.1652 0.387275 0.00686552
75.1652 0.387275 0.00686451
75.6528 0.390645 0.00695703
76.1436 0.394083 0.00705116
76.6376 0.397589 0.00714695
77.1348 0.401167 0.00724443
77.6352 0.404817 0.00734363
78.1388 0.408541 0.00744459
78.6457 0.412341 0.00754735
79.1559 0.416218 0.00765194
79.6694 0.420175 0.0077584
80.1863 0.424213 0.00786677
80.7065 0.428334 0.00797709
81.23 0.43254 0.0080894
81.757 0.436833 0.00820374
82.2874 0.441215 0.00832015
82.8212 0.445688 0.00843868
83.3585 0.450254 0.00855937
83.8993 0.454916 0.00868227
84.4436 0.459676 0.00880742
84.9914 0.464536 0.00893488
85.5428 0.469498 0.00906468
86.0977 0.474565 0.00919689
86.6563 0.479739 0.00933154
87.2184 0.485024 0.0094687
87.7842 0.490421 0.00960841
88.3537 0.495933 0.00975074
88.9269 0.501564 0.00989573
89.5038 0.507315 0.0100434
90.0845 0.513191 0.0101939
90.6689 0.519193 0.0103473
91.2571 0.525325 0.0105035
91.8491 0.531591 0.0106627
92.4449 0.537992 0.010825
93.0447 0.544534 0.0109903
93.6483 0.551219 0.0111588
94.2558 0.55805 0.0113306
94.8673 0.565032 0.0115056
95.4827 0.572168 0.011684
96.1021 0.579462 0.0118659
96.7256 0.586917 0.0120512
97.3531 0.594539 0.0122402
97.9847 0.60233 0.0124329
98.6203 0.610295 0.0126293
99.2601 0.618439 0.0128296
99.904 0.626767 0.0130338
100.552 0.635282 0.013242
101.204 0.643989 0.0134543
101.861 0.652893 0.0136708
102.522 0.662 0.0138916
103.187 0.671314 0.0141168
103.856 0.680841 0.0143465
104.53 0.690586 0.0145807
105.208 0.700554 0.0148197
105.891 0.710752 0.0150634
106.578 0.721186 0.015312
107.269 0.73186 0.0155656
107.965 0.742782 0.0158243
108.665 0.753958 0.0160883
109.37 0.765394 0.0163576
110.08 0.777098 0.0166324
110.794 0.789076 0.0169127
111.513 0.801335 0.0171988
112.236 0.813882 0.0174907
112.964 0.826726 0.0177886
113.697 0.839874 0.0180926
114.435 0.853333 0.0184029
115.177 0.867113 0.0187195
115.924 0.88122 0.0190427
116.676 0.895665 0.0193726
117.433 0.910456 0.0197093
118.195 0.925602 0.0200529
118.962 0.941113 0.0204038
119.734 0.956998 0.0207619
120.51 0.973267 0.0211275
121.292 0.98993 0.0215008
122.079 1.007 0.0218818
122.871 1.02448 0.0222709
123.668 1.04239 0.0226681
124.47 1.06074 0.0230737
125.278 1.07954 0.0234879
126.091 1.0988 0.0239107
126.909 1.11854 0.0243426
127.732 1.13876 0.0247835
128.561 1.15948 0.0252339
129.395 1.18072 0.0256938
130.234 1.20248 0.0261634
131.079 1.22479 0.0266431
131.929 1.24766 0.027133
132.785 1.27109 0.0276334
133.646 1.29512 0.0281445
134.513 1.31975 0.0286665
135.386 1.34499 0.0291997
136.264 1.37088 0.0297443
137.148 1.39742 0.0303007
138.038 1.42463 0.030869
138.934 1.45253 0.0314495
139.835 1.48115 0.0320426
140.742 1.51049 0.0326484
141.655 1.54058 0.0332673
142.574 1.57144 0.0338996
143.499 1.6031 0.0345456
144.43 1.63556 0.0352055
145.367 1.66887 0.0358798
146.31 1.70303 0.0365686
147.259 1.73807 0.0372724
148.215 1.77402 0.0379914
149.176 1.8109 0.038726
150.144 1.84874 0.0394766
151.118 1.88757 0.0402435
152.098 1.92741 0.041027
153.085 1.96828 0.0418276
154.078 2.01023 0.0426456
155.078 2.05327 0.0434813
156.084 2.09745 0.0443352
157.096 2.14278 0.0452077
158.115 2.18931 0.0460991
159.141 2.23706 0.0470099
160.173 2.28608 0.0479405
161.213 2.33638 0.0488913
162.258 2.38803 0.0498627
163.311 2.44103 0.0508552
164.37 2.49545 0.0518692
165.437 2.55131 0.0529053
166.51 2.60866 0.0539637
167.59 2.66754 0.0550451
168.678 2.72798 0.0561499
169.772 2.79004 0.0572785
170.873 2.85376 0.0584315
171.982 2.91919 0.0596093
173.097 2.98637 0.0608125
174.22 3.05535 0.0620416
175.351 3.12618 0.0632971
176.488 3.19891 0.0645795
177.633 3.2736 0.0658894
178.785 3.3503 0.0672272
179.945 3.42907 0.0685936
181.113 3.50995 0.0699891
182.288 3.59302 0.0714143
183.47 3.67834 0.0728696
184.66 3.76595 0.0743558
185.858 3.85594 0.0758733
187.064 3.94835 0.0774227
188.278 4.04327 0.0790047
189.499 4.14075 0.0806197
190.728 4.24088 0.0822685
191.966 4.34371 0.0839516
193.211 4.44933 0.0856696
194.464 4.55781 0.0874231
195.726 4.66923 0.0892127
196.996 4.78367 0.091039
198.274 4.9012 0.0929026
199.56 5.02192 0.0948042
200.855 5.14591 0.0967443
202.158 5.27326 0.0987235
203.469 5.40406 0.100743
204.789 5.5384 0.102802
206.118 5.67637 0.104902
207.455 5.81807 0.107044
208.801 5.9636 0.109228
210.155 6.11307 0.111454
211.519 6.26657 0.113724
212.891 6.42421 0.116038
214.272 6.58609 0.118396
215.662 6.75234 0.120799
217.061 6.92306 0.123248
218.469 7.09837 0.125743
219.886 7.27839 0.128284
221.313 7.46323 0.130872
222.749 7.65302 0.133507
224.194 7.84788 0.136191
225.648 8.04795 0.138923
227.112 8.25334 0.141704
228.585 8.46421 0.144533
230.068 8.68067 0.147413
231.561 8.90288 0.150342
233.063 9.13096 0.153321
234.575 9.36507 0.156351
236.097 9.60534 0.159431
237.628 9.85193 0.162562
239.17 10.105 0.165744
240.722 10.3647 0.168978
242.283 10.6311 0.172262
243.855 10.9045 0.175598
245.437 11.185 0.178985
247.029 11.4727 0.182423
248.632 11.7678 0.185912
250.245 12.0705 0.189451
251.868 12.381 0.193041
253.502 12.6994 0.196682
255.147 13.0259 0.200372
256.802 13.3607 0.204112
258.468 13.7039 0.2079
260.145 14.0557 0.211737
261.832 14.4163 0.215622
263.531 14.7859 0.219553
265.24 15.1646 0.22353
266.961 15.5527 0.227552
268.693 15.9503 0.231618
270.436 16.3577 0.235728
272.191 16.7749 0.239878
273.956 17.2021 0.244069
275.734 17.6397 0.248299
277.522 18.0876 0.252567
279.323 18.5462 0.25687
281.135 19.0156 0.261207
282.959 19.496 0.265576
284.794 19.9875 0.269975
286.642 20.4904 0.274402
288.501 21.0048 0.278854
290.373 21.5309 0.28333
292.257 22.0689 0.287826
294.153 22.6189 0.29234
296.061 23.1811 0.296869
297.982 23.7556 0.301411
299.915 24.3427 0.305961
301.86 24.9424 0.310517
303.819 25.5549 0.315076
305.79 26.1804 0.319633
307.773 26.819 0.324186
309.77 27.4708 0.32873
311.78 28.136 0.33326
313.802 28.8146 0.337774
315.838 29.5068 0.342267
317.887 30.2127 0.346734
319.949 30.9323 0.351171
322.025 31.6658 0.355572
324.114 32.4132 0.359934
326.217 33.1745 0.36425
328.333 33.9499 0.368516
330.463 34.7393 0.372726
332.607 35.5428 0.376875
334.764 36.3604 0.380957
336.936 37.1921 0.384967
339.122 38.0379 0.388899
341.322 38.8977 0.392746
343.536 39.7715 0.396502
345.765 40.6592 0.400162
348.008 41.5608 0.40372
350.266 42.4762 0.407168
352.538 43.4052 0.4105
354.825 44.3477 0.413711
357.127 45.3035 0.416793
359.444 46.2726 0.41974
361.776 47.2546 0.422545
364.123 48.2494 0.425203
366.485 49.2568 0.427706
368.862 50.2765 0.430047
371.255 51.3081 0.432221
373.664 52.3515 0.434221
376.088 53.4063 0.436041
378.528 54.4722 0.437674
380.983 55.5487 0.439115
383.455 56.6356 0.440357
385.942 57.7323 0.441395
388.446 58.8385 0.442223
390.966 59.9536 0.442835
393.502 61.0773 0.443226
396.055 62.209 0.443392
398.625 63.3481 0.443328
401.211 64.4942 0.443029
403.813 65.6466 0.442491
406.433 66.8048 0.441711
409.07 67.9681 0.440685
411.724 69.1359 0.43941
414.395 70.3075 0.437883
417.083 71.4823 0.436102
419.789 72.6595 0.434066
422.512 73.8385 0.431773
425.253 75.0185 0.429223
428.012 76.1987 0.426414
430.788 77.3785 0.423348
433.583 78.557 0.420024
436.396 79.7334 0.416445
439.227 80.9069 0.412611
442.076 82.0768 0.408526
444.944 83.2422 0.404193
447.831 84.4023 0.399614
450.736 85.5563 0.394794
453.66 86.7033 0.389738
456.603 87.8425 0.384452
459.565 88.9732 0.37894
462.547 90.0944 0.37321
465.547 91.2054 0.367268
468.567 92.3053 0.361123
471.607 93.3934 0.354782
474.667 94.4688 0.348254
477.746 95.5309 0.341549
480.845 96.5788 0.334676
483.965 97.6119 0.327646
487.104 98.6293 0.320469
490.264 99.6304 0.313156
493.445 100.615 0.30572
496.646 101.581 0.298171
499.868 102.53 0.290523
503.111 103.459 0.282787
506.375 104.369 0.274977
509.66 105.26 0.267106
512.966 106.13 0.259186
516.294 106.979 0.251232
519.643 107.807 0.243255
523.014 108.614 0.23527
526.407 109.398 0.227291
529.822 110.161 0.21933
533.26 110.901 0.2114
536.719 111.619 0.203514
540.201 112.314 0.195686
543.705 112.986 0.187927
547.233 113.635 0.18025
550.783 114.262 0.172666
554.356 114.866 0.165188
557.952 115.446 0.157825
561.572 116.005 0.150588
565.215 116.54 0.143487
568.882 117.054 0.136531
572.572 117.545 0.129729
576.287 118.014 0.123089
580.025 118.463 0.116618
583.788 118.889 0.110323
587.575 119.296 0.10421
591.387 119.682 0.0982843
595.224 120.048 0.0925502
599.085 120.394 0.0870118
602.971 120.722 0.0816719
606.883 121.032 0.076533
610.82 121.323 0.0715967
614.783 121.598 0.066864
618.771 121.855 0.0623349
622.785 122.097 0.0580092
626.826 122.323 0.0538856
630.892 122.534 0.0499625
634.985 122.731 0.0462375
639.104 122.914 0.0427077
643.25 123.084 0.0393696
647.423 123.242 0.0362194
651.623 123.388 0.0332526
655.851 123.522 0.0304645
660.105 123.646 0.02785
664.388 123.761 0.0254033
668.698 123.865 0.023119
673.036 123.961 0.0209907
677.402 124.048 0.0190125
681.797 124.128 0.0171778
686.22 124.2 0.0154802
690.671 124.265 0.0139131
695.152 124.324 0.0124698
699.662 124.378 0.0111439
704.201 124.425 0.00992868
708.769 124.468 0.00881766
713.367 124.506 0.00780445
717.995 124.54 0.00688278
722.653 124.571 0.00604653
727.341 124.597 0.00528975
732.06 124.62 0.0046067
736.809 124.641 0.00399184
741.589 124.659 0.00343987
746.4 124.674 0.00294572
751.242 124.687 0.00250456
756.115 124.698 0.00211182
761.021 124.708 0.00176318
765.958 124.716 0.00145461
770.927 124.722 0.00118229
775.928 124.728 0.000942689
780.962 124.732 0.000732511
786.028 124.735 0.000548711
791.127 124.738 0.000388479
796.26 124.739 0.000249236
801.425 124.74 0.000128619
806.624 124.741 2.44776e-05
811.857 124.741 0
817.124 124.741 0
822.425 124.741 0
827.76 124.741 0
833.13 124.741 0
838.535 124.741 0
843.975 124.741 0
849.45 124.741 0
854.961 124.741 0
860.507 124.741 0
866.09 124.741 0
871.708 124.741 0
877.363 124.741 0
883.055 124.741 0
888.784 124.741 0
894.55 124.741 0
900.353 124.741 0
906.194 124.741 0
912.073 124.741 0
917.99 124.741 0
923.945 124.741 0
929.939 124.741 0
935.972 124.741 0
942.044 124.741 0
948.155 124.741 0
954.306 124.741 0
960.497 124.741 0
966.728 124.741 0
973 124.741 0
979.312 124.741 0
985.665 124.741 0
992.059 124.741 0
998.495 124.741 0
1004.97 124.741 0
1011.49 124.741 0
1018.05 124.741 0
1024.66 124.741 0
1031.31 124.741 0
1038 124.741 0
1044.73 124.741 0
1051.51 124.741 0
1058.33 124.741 0
1065.2 124.741 0
1072.11 124.741 0
1079.06 124.741 0
1086.06 124.741 0
1093.11 124.741 0
1100.2 124.741 0
1107.34 124.741 0
1114.52 124.741 0
1121.75 124.741 0
1129.03 124.741 0
1136.35 124.741 0
1143.72 124.741 0
1151.14 124.741 0
1158.61 124.741 0
1166.13 124.741 0
1173.69 124.741 0
1181.31 124.741 0
1188.97 124.741 0
1196.68 124.741 0
1204.45 124.741 0
1212.26 124.741 0
1220.12 124.741 0
1228.04 124.741 0
1236.01 124.741 0
1244.02 124.741 0
1252.09 124.741 0
1260.22 124.741 0
1268.39 124.741 0
1276.62 124.741 0
1284.9 124.741 0
1293.24 124.741 0
1301.63 124.741 0
1310.07 124.741 0
1318.57 124.741 0
1327.13 124.741 0
1335.74 124.741 0
1344.4 124.741 0
1353.12 124.741 0
1361.9 124.741 0
1370.74 124.741 0
1379.63 124.741 0
1388.58 124.741 0
1397.59 124.741 0
1406.65 124.741 0
1415.78 124.741 0
1424.96 124.741 0
1434.21 124.741 0
1443.51 124.741 0
1452.88 124.741 0
1462.3 124.741 0
1471.79 124.741 0
1481.34 124.741 0
1490.95 124.741 0
1500.62 124.741 0
1510.35 124.741 0
1520.15 124.741 0
1530.01 124.741 0
1539.94 124.741 0
1549.93 124.741 0
1559.98 124.741 0
1570.1 124.741 0
1580.29 124.741 0
1590.54 124.741 0
1600.86 124.741 0
1611.25 124.741 0
1621.7 124.741 0
1632.22 124.741 0
1642.81 124.741 0
1653.47 124.741 0
1664.19 124.741 0
1674.99 124.741 0
1685.85 124.741 0
1696.79 124.741 0
1707.8 124.741 0
1718.88 124.741 0
1730.03 124.741 0
1741.25 124.741 0
1752.55 124.741 0
1763.92 124.741 0
1775.36 124.741 0
1786.88 124.741 0
1798.47 124.741 0
1810.14 124.741 0
1821.88 124.741 0
1833.7 124.741 0
1845.6 124.741 0
1857.57 124.741 0
1869.62 124.741 0
1881.75 124.741 0
1893.96 124.741 0
1906.24 124.741 0
1918.61 124.741 0
1931.06 124.741 0
1943.58 124.741 0
1956.19 124.741 0
1968.88 124.741 0
1981.66 124.741 0
1994.51 124.741 0
2007.45 124.741 0
2020.47 124.741 0
2033.58 124.741 0
2046.77 124.741 0
2060.05 124.741 0
2073.42 124.741 0
2086.87 124.741 0
2100.41 124.741 0
2114.03 124.741 0
2127.75 124.741 0
2141.55 124.741 0
2155.44 124.741 0
2169.43 124.741 0
2183.5 124.741 0
2197.66 124.741 0
2211.92 124.741 0
2226.27 124.741 0
2240.71 124.741 0
2255.25 124.741 0
2269.88 124.741 0
2284.61 124.741 0
2299.43 124.741 0
2314.34 124.741 0
2329.36 124.741 0
2344.47 124.741 0
2359.68 124.741 0
2374.99 124.741 0
2390.39 124.741 0
2405.9 124.741 0
2421.51 124.741 0
2437.22 124.741 0
2453.03 124.741 0
2468.94 124.741 0
2484.96 124.741 0
2501.08 124.741 0
2517.31 124.741 0
2533.64 124.741 0
2550.07 124.741 0
2566.62 124.741 0
2583.27 124.741 0
2600.03 124.741 0
2616.89 124.741 0
2633.87 124.741 0
2650.96 124.741 0
2668.15 124.741 0
2685.46 124.741 0
2702.89 124.741 0
2720.42 124.741 0
2738.07 124.741 0
2755.83 124.741 0
2773.71 124.741 0
2791.7 124.741 0
2809.81 124.741 0
2828.04 124.741 0
2846.39 124.741 0
2864.85 124.741 0
2883.44 124.741 0
2902.15 124.741 0
2920.97 124.741 0
2939.92 124.741 0
2958.99 124.741 0
2978.19 124.741 0
2997.51 124.741 0
3016.96 124.741 0
3036.53 124.741 0
3056.23 124.741 0
3076.05 124.741 0
3096.01 124.741 0
3116.1 124.741 0
3136.31 124.741 0
3156.66 124.741 0
3177.14 124.741 0
3197.75 124.741 0
3218.49 124.741 0
3239.37 124.741 0
3260.39 124.741 0
3281.54 124.741 0
3302.83 124.741 0
3324.25 124.741 0
3345.82 124.741 0
3367.52 124.741 0
3389.37 124.741 0
3411.36 124.741 0
3433.49 124.741 0
3455.76 124.741 0
3478.18 124.741 0
3500.75 124.741 0
3523.46 124.741 0
3546.31 124.741 0
3569.32 124.741 0
3592.48 124.741 0
3615.78 124.741 0
3639.24 124.741 0
3662.85 124.741 0
3686.61 124.741 0
3710.53 124.741 0
3734.6 124.741 0
3758.82 124.741 0
3783.21 124.741 0
3807.75 124.741 0
3832.45 124.741 0
3857.32 124.741 0
3882.34 124.741 0
3907.53 124.741 5.91237e-05
3932.88 124.744 0.000165378
3958.39 124.75 0.000291163
3984.07 124.76 0.000440217
4009.92 124.773 0.000617023
4035.93 124.792 0.000826957
4062.11 124.817 0.00107647
4088.47 124.849 0.00137333
4114.99 124.89 0.00172685
4141.68 124.942 0.00214825
4168.55 125.006 0.00265103
4195.6 125.086 0.00325146
4222.81 125.185 0.00396913
4250.21 125.305 0.00482764
4277.78 125.452 0.00585543
4305.53 125.632 0.00708677
4333.46 125.85 0.00856289
4361.58 126.116 0.0103334
4389.87 126.439 0.0124579
4418.35 126.83 0.0150078
4447.01 127.304 0.0180687
4475.86 127.878 0.0217423
4504.9 128.573 0.0261497
4534.12 129.415 0.0314335
4563.54 130.432 0.037761
4593.14 131.662 0.0453265
4622.94 133.147 0.0543528
4652.93 134.938 0.0650919
4683.12 137.095 0.0778231
4713.5 139.688 0.0928479
4744.08 142.797 0.110481
4774.85 146.513 0.131033
4805.83 150.94 0.154794
4837.01 156.19 0.181996
4868.39 162.384 0.212785
4899.97 169.648 0.247176
4931.76 178.106 0.285018
4963.75 187.88 0.325965
4995.95 199.077 0.369463
5028.36 211.786 0.414764
5060.98 226.069 0.460966
5093.82 241.961 0.50708
5126.86 259.462 0.55211
5160.12 278.54 0.595142
5193.6 299.137 0.635412
5227.29 321.168 0.672355
5261.2 344.533 0.705623
5295.33 369.119 0.735076
5329.68 394.812 0.760754
5364.26 421.497 0.782837
5399.06 449.066 0.8016
5434.09 477.419 0.817376
5469.34 506.465 0.830518
5504.82 536.126 0.841379
5540.53 566.333 0.850295
5576.48 597.026 0.857569
5612.65 628.156 0.863474
5649.06 659.684 0.868246
5685.71 691.573 0.872087
5722.6 723.797 0.875168
5759.72 756.333 0.877631
5797.09 789.162 0.879596
5834.69 822.271 0.881158
5872.55 855.648 0.882397
5910.64 889.284 0.883378
5948.99 923.171 0.884154
5987.58 957.305 0.884765
6026.42 991.682 0.885245
6065.52 1026.3 0.885623
6104.87 1061.15 0.885919
6144.47 1096.24 0.886151
6184.33 1131.57 0.886332
6224.45 1167.13 0.886473
6264.83 1202.93 0.886583
6305.48 1238.97 0.886668
6346.38 1275.24 0.886735
6387.55 1311.75 0.886786
6428.99 1348.49 0.886826
6470.7 1385.48 0.886856
6512.68 1422.71 0.88688
6554.93 1460.18 0.886898
6597.45 1497.9 0.886912
6640.25 1535.86 0.886923
6683.33 1574.06 0.886931
6726.69 1612.52 0.886937
6770.32 1651.22 0.886942
6814.25 1690.18 0.886945
6858.45 1729.39 0.886948
6902.95 1768.85 0.88695
6947.73 1808.57 0.886952
6992.8 1848.55 0.886953
7038.16 1888.78 0.886954
7083.82 1929.28 0.886954
7129.78 1970.04 0.886955
7176.03 2011.07 0.886955
7222.59 2052.36 0.886956
7269.44 2093.92 0.886956
7316.6 2135.74 0.886956
7364.07 2177.84 0.886956
7411.84 2220.22 0.886956
7459.92 2262.86 0.886956
7508.32 2305.79 0.886956
7557.03 2348.99 0.886956
7606.05 2392.47 0.886956
7655.39 2436.24 0.886956
7705.06 2480.29 0.886956
7755.04 2524.62 0.886956
7805.35 2569.25 0.886956
7855.99 2614.16 0.886956
7906.95 2659.36 0.886956
7958.25 2704.86 0.886956
8009.88 2750.65 0.886956
8061.84 2796.74 0.886956
8114.14 2843.13 0.886956
8166.78 2889.82 0.886956
8219.76 2936.81 0.886956
8273.08 2984.1 0.886956
8326.76 3031.71 0.886956
8380.77 3079.62 0.886956
8435.14 3127.84 0.886956
8489.86 3176.38 0.886956
8544.94 3225.23 0.886956
8600.38 3274.4 0.886956
8656.17 3323.88 0.886956
8712.32 3373.69 0.886956
8768.84 3423.82 0.886956
8825.73 3474.28 0.886956
8882.99 3525.06 0.886956
8940.61 3576.17 0.886956
8998.61 3627.62 0.886956
9056.99 3679.4 0.886956
9115.75 3731.51 0.886956
9174.89 3783.96 0.886956
9234.41 3836.75 0.886956
9294.31 3889.89 0.886956
9354.61 3943.37 0.886956
9415.29 3997.19 0.886956
9476.38 4051.37 0.886956
9537.85 4105.9 0.886956
9599.73 4160.78 0.886956
9662 4216.01 0.886956
9724.68 4271.61 0.886956
9787.77 4327.57 0.886956
9851.27 4383.88 0.886956
9915.18 4440.57 0.886956
9979.5 4497.62 0.886956
10044.2 4555.04 0.886956
10109.4 4612.84 0.886956
10175 4671.01 0.886956
10241 4729.55 0.886956
10307.4 4788.48 0.886956
10374.3 4847.79 0.886956
10441.6 4907.48 0.886956
10509.3 4967.56 0.886956
10577.5 5028.03 0.886956
10646.1 5088.9 0.886956
10715.2 5150.16 0.886956
10784.7 5211.81 0.886956
10854.7 5273.87 0.886956
10925.1 5336.32 0.886956
10996 5399.19 0.886956
11067.3 5462.46 0.886956
11139.1 5526.14 0.886956
11211.4 5590.23 0.886956
11284.1 5654.74 0.886956
11357.3 5719.67 0.886956
11431 5785.02 0.886956
11505.1 5850.8 0.886956
11579.8 5917 0.886956
11654.9 5983.63 0.886956
11730.5 6050.69 0.886956
11806.6 6118.19 0.886956
11883.2 6186.12 0.886956
11960.3 6254.5 0.886956
12037.9 6323.32 0.886956
12116 6392.58 0.886956
12194.6 6462.3 0.886956
12273.7 6532.47 0.886956
12353.3 6603.09 0.886956
12433.5 6674.17 0.886956
12514.1 6745.71 0.886956
12595.3 6817.72 0.886956
12677 6890.19 0.886956
12759.2 6963.14 0.886956
12842 7036.55 0.886956
12925.3 7110.44 0.886956
13009.2 7184.82 0.886956
13093.6 7259.67 0.886956
13178.5 7335.01 0.886956
13264 7410.84 0.886956
13350.1 7487.16 0.886956
13436.7 7563.98 0.886956
13523.8 7641.29 0.886956
13611.6 7719.11 0.886956
13699.9 7797.43 0.886956
13788.8 7876.26 0.886956
13878.2 7955.6 0.886956
13968.2 8035.46 0.886956
14058.9 8115.83 0.886956
14150.1 8196.72 0.886956
14241.9 8278.14 0.886956
14334.2 8360.09 0.886956
14427.2 8442.57 0.886956
14520.8 8525.58 0.886956
14615 8609.14 0.886956
14709.8 8693.23 0.886956
14805.3 8777.87 0.886956
14901.3 8863.06 0.886956
14998 8948.8 0.886956
15095.3 9035.1 0.886956
15193.2 9121.96 0.886956
15291.8 9209.38 0.886956
15391 9297.37 0.886956
15490.8 9385.93 0.886956
15591.3 9475.07 0.886956
15692.5 9564.78 0.886956
15794.3 9655.07 0.886956
15896.7 9745.95 0.886956
15999.9 9837.42 0.886956
16103.7 9929.49 0.886956
16208.1 10022.1 0.886956
16313.3 10115.4 0.886956
16419.1 10209.3 0.886956
16525.6 10303.8 0.886956
16632.8 10398.8 0.886956
16740.7 10494.5 0.886956
16849.3 10590.9 0.886956
16958.7 10687.8 0.886956
17068.7 10785.4 0.886956
17179.4 10883.6 0.886956
17290.8 10982.5 0.886956
17403 11082 0.886956
17515.9 11182.1 0.886956
17629.6 11282.9 0.886956
17743.9 11384.3 0.886956
17859 11486.4 0.886956
17974.9 11589.2 0.886956
18091.5 11692.6 0.886956
18208.9 11796.7 0.886956
18327 11901.5 0.886956
18445.9 12006.9 0.886956
18565.5 12113.1 0.886956
18686 12219.9 0.886956
18807.2 12327.4 0.886956
18929.2 12435.6 0.886956
19052 12544.6 0.886956
19175.6 12654.2 0.886956
19300 12764.5 0.886956
19425.2 12875.6 0.886956
19551.2 12987.3 0.886956
19678.1 13099.8 0.886956
19805.7 13213.1 0.886956
19934.2 13327 0.886956
20063.5 13441.7 0.886956
20193.7 13557.2 0.886956
20324.7 13673.4 0.886956
20456.6 13790.3 0.886956
20589.3 13908 0.886956
20722.8 14026.5 0.886956
20857.3 14145.7 0.886956
20992.6 14265.7 0.886956
21128.8 14386.5 0.886956
21265.8 14508.1 0.886956
21403.8 14630.5 0.886956
21542.7 14753.6 0.886956
21682.4 14877.6 0.886956
21823.1 15002.4 0.886956
21964.6 15127.9 0.886956
22107.1 15254.3 0.886956
22250.6 15381.5 0.886956
22394.9 15509.5 0.886956
22540.2 15638.4 0.886956
22686.4 15768.1 0.886956
22833.6 15898.6 0.886956
22981.7 16030 0.886956
23130.8 16162.3 0.886956
23280.9 16295.4 0.886956
23431.9 16429.3 0.886956
23583.9 16564.1 0.886956
23736.9 16699.8 0.886956
23890.9 16836.4 0.886956
24045.9 16973.9 0.886956
24201.9 17112.2 0.886956
24358.9 17251.5 0.886956
24516.9 17391.7 0.886956
24676 17532.7 0.886956
24836 17674.7 0.886956
24997.2 17817.6 0.886956
25159.3 17961.5 0.886956
25322.5 18106.2 0.886956
25486.8 18251.9 0.886956
25652.2 18398.6 0.886956
25818.6 18546.2 0.886956
25986.1 18694.7 0.886956
26154.7 18844.3 0.886956
26324.3 18994.8 0.886956
26495.1 19146.2 0.886956
26667 19298.7 0.886956
26840 19452.1 0.886956
27014.1 19606.6 0.886956
27189.4 19762 0.886956
27365.7 19918.5 0.886956
27543.3 20075.9 0.886956
27722 20234.4 0.886956
27901.8 20393.9 0.886956
28082.8 20554.5 0.886956
28265 20716.1 0.886956
28448.4 20878.7 0.886956
28632.9 21042.4 0.886956
28818.7 21207.1 0.886956
29005.6 21373 0.886956
29193.8 21539.9 0.886956
29383.2 21707.8 0.886956
29573.8 21876.9 0.886956
29765.7 22047.1 0.886956
29958.8 22218.3 0.886956
30153.1 22390.7 0.886956
30348.7 22564.2 0.886956
30545.6 22738.9 0.886956
30743.8 22914.6 0.886956
30943.2 23091.5 0.886956
31143.9 23269.6 0.886956
31346 23448.8 0.886956
31549.3 23629.1 0.886956
31754 23810.7 0.886956
31960 23993.4 0.886956
32167.3 24177.3 0.886956
32376 24362.4 0.886956
32586.1 24548.7 0.886956
32797.5 24736.2 0.886956
33010.2 24924.9 0.886956
33224.4 25114.8 0.886956
33439.9 25306 0.886956
33656.9 25498.4 0.886956
33875.2 25692.1 0.886956
34095 25887 0.886956
34316.1 26083.2 0.886956
34538.8 26280.6 0.886956
34762.8 26479.4 0.886956
34988.3 26679.4 0.886956
35215.3 26880.7 0.886956
35443.8 27083.3 0.886956
35673.7 27287.3 0.886956
35905.1 27492.5 0.886956
36138.1 27699.1 0.886956
36372.5 27907.1 0.886956
36608.5 28116.4 0.886956
36846 28327 0.886956
37085 28539 0.886956
37325.6 28752.4 0.886956
37567.7 28967.2 0.886956
37811.4 29183.3 0.886956
38056.7 29400.9 0.886956
38303.6 29619.9 0.886956
38552.1 29840.3 0.886956
38802.2 30062.1 0.886956
39053.9 30285.4 0.886956
39307.3 30510.1 0.886956
39562.3 30736.3 0.886956
39819 30963.9 0.886956
40077.3 31193 0.886956
40337.3 31423.6 0.886956
40599 31655.7 0.886956
40862.3 31889.4 0.886956
41127.4 32124.5 0.886956
41394.2 32361.1 0.886956
41662.8 32599.3 0.886956
41933.1 32839 0.886956
42205.1 33080.3 0.886956
42478.9 33323.2 0.886956
42754.5 33567.6 0.886956
43031.8 33813.6 0.886956
43311 34061.2 0.886956
43592 34310.4 0.886956
43874.8 34561.2 0.886956
44159.4 34813.7 0.886956
44445.9 35067.8 0.886956
44734.2 35323.5 0.886956
45024.4 35580.9 0.886956
45316.5 35840 0.886956
45610.5 36100.8 0.886956
45906.4 36363.2 0.886956
46204.2 36627.3 0.886956
46503.9 36893.2 0.886956
46805.6 37160.8 0.886956
47109.3 37430.1 0.886956
47414.9 37701.2 0.886956
47722.5 37974 0.886956
48032.1 38248.6 0.886956
48343.7 38525 0.886956
48657.3 38803.1 0.886956
48972.9 39083.1 0.886956
49290.7 39364.9 0.886956
49610.4 39648.5 0.886956
49932.3 39934 0.886956
50256.2 40221.3 0.886956
50582.2 40510.5 0.886956
50910.4 40801.5 0.886956
51240.6 41094.4 0.886956
51573.1 41389.3 0.886956
51907.6 41686 0.886956
52244.4 41984.7 0.886956
52583.3 42285.3 0.886956
52924.4 42587.9 0.886956
53267.8 42892.4 0.886956
53613.3 43198.9 0.886956
53961.1 43507.4 0.886956
54311.2 43817.9 0.886956
54663.5 44130.4 0.886956
55018.2 44444.9 0.886956
55375.1 44761.5 0.886956
55734.3 45080.1 0.886956
56095.9 45400.8 0.886956
