5.78741e-09 5.95396e-15 4.29514e-06
5.8738e-08 3.33166e-13 8.58285e-06
5.86595e-07 1.45059e-11 3.56977e-05
4.6076e-06 3.38009e-10 8.97843e-05
5.86875e-06 4.61297e-10 0.000114002
2.3369e-05 3.31505e-09 0.000192532
7.39119e-05 1.62978e-08 0.000292274
0.000147358 4.17301e-08 0.000330144
0.000152693 4.34471e-08 0.000292479
0.000165528 4.67976e-08 0.000304172
0.000294481 1.01986e-07 0.000463041
0.000466785 1.89679e-07 0.00054542
0.000739961 3.52227e-07 0.00041641
0.000792747 3.70702e-07 0.000446592
0.000859333 4.13069e-07 0.00055442
0.000931697 4.48502e-07 0.00055104
0.00117285 6.10601e-07 0.000697128
0.00147667 8.31244e-07 0.000750516
0.0017323 1.02935e-06 0.000535855
0.00185963 1.08409e-06 0.000525282
0.00294795 2.00733e-06 0.000908255
0.00467391 3.71532e-06 0.00105104
0.00633042 5.56999e-06 0.00091467
0.0070765 6.16755e-06 0.00093479
0.00933155 8.92099e-06 0.00127133
0.0117504 1.21316e-05 0.00137956
0.0154948 1.7543e-05 0.00122736
0.0177925 2.00421e-05 0.00125466
0.0234638 2.89812e-05 0.00164107
0.0295474 3.94039e-05 0.00177172
0.0354913 5.03041e-05 0.00128079
0.0389653 5.38549e-05 0.00125817
0.0549487 8.51279e-05 0.00191362
0.0590129 9.27925e-05 0.00199187
0.0713035 0.000119369 0.00114686
0.0787306 0.000125461 0.00110854
0.10265 0.000178607 0.00176378
0.112568 0.000193736 0.00180901
0.132297 0.000240204 0.00240921
0.146764 0.000275794 0.00181491
0.15911 0.000293738 0.00177613
0.191354 0.000375514 0.00260957
0.227502 0.000472769 0.000973271
0.245257 0.000484229 0.000805937
0.256566 0.000495831 0.00103354
0.268397 0.000508152 0.00104919
0.280773 0.000521236 0.00106507
0.293719 0.00053513 0.0010812
0.307263 0.000549885 0.00109757
0.321432 0.000565555 0.00111419
0.336253 0.000582195 0.00113106
0.351758 0.000599866 0.00114818
0.367978 0.000618631 0.00116556
0.384946 0.000638559 0.00118321
0.402697 0.000659722 0.00120112
0.421266 0.000682195 0.00121931
0.440691 0.000706061 0.00123777
0.461012 0.000731406 0.00125651
0.48227 0.00075832 0.00127553
0.504508 0.000786902 0.00129484
0.527771 0.000817254 0.00131445
0.552107 0.000849487 0.00133435
0.577566 0.000883717 0.00135455
0.604198 0.000920067 0.00137506
0.632059 0.000958668 0.00139588
0.661204 0.000999662 0.00141701
0.691693 0.00104319 0.00143847
0.723588 0.00108942 0.00146024
0.756953 0.00113852 0.00148235
0.791857 0.00119065 0.00150479
0.828371 0.00124602 0.00152758
0.866568 0.00130481 0.00155071
0.906527 0.00136725 0.00157418
0.948328 0.00143355 0.00159802
0.992057 0.00150396 0.00162221
1.0378 0.00157874 0.00164677
1.08566 0.00165815 0.0016717
1.13572 0.00174247 0.00169701
1.18809 0.00183202 0.00172271
1.24287 0.00192712 0.00174879
1.30018 0.00202811 0.00177526
1.36014 0.00213535 0.00180214
1.42285 0.00224924 0.00182943
1.48846 0.00237018 0.00185712
1.5571 0.00249862 0.00188524
1.6289 0.00263501 0.00191378
1.70401 0.00277985 0.00194276
1.78258 0.00293367 0.00197217
1.86478 0.00309701 0.00200203
1.95077 0.00327047 0.00203234
2.04072 0.00345468 0.00206311
2.13482 0.0036503 0.00209435
2.23326 0.00385804 0.00212606
2.33624 0.00407865 0.00215824
2.44396 0.00431292 0.00219092
2.55666 0.00456171 0.00222409
2.67455 0.00482591 0.00225776
2.79788 0.00510648 0.00229195
2.92689 0.00540443 0.00232665
3.06185 0.00572083 0.00236187
3.20304 0.00605684 0.00239763
3.35074 0.00641366 0.00243393
3.50524 0.00679259 0.00247078
3.66688 0.00719499 0.00250819
3.83596 0.00762232 0.00254616
4.01284 0.00807613 0.00258471
4.19788 0.00855804 0.00262385
4.39145 0.00906982 0.00266357
4.59395 0.00961329 0.0027039
4.80578 0.0101904 0.00274483
5.02738 0.0108033 0.00278639
5.2592 0.0114542 0.00282858
5.50171 0.0121454 0.0028714
5.7554 0.0128794 0.00291488
6.02079 0.0136589 0.00295901
6.29841 0.0144866 0.00300381
6.58884 0.0153657 0.00304928
6.89266 0.0162992 0.00309545
7.21049 0.0172905 0.00314232
7.54298 0.0183433 0.00318989
7.8908 0.0194612 0.00323819
8.25465 0.0206484 0.00328721
8.63529 0.0219092 0.00333698
9.03347 0.0232481 0.0033875
9.45002 0.0246699 0.00343879
9.88577 0.0261798 0.00349085
10.3416 0.0277832 0.00354371
10.8185 0.029486 0.00359736
11.3173 0.0312942 0.00365182
11.8392 0.0332145 0.00370711
12.3851 0.0352537 0.00376324
12.9562 0.0374193 0.00382021
13.5536 0.039719 0.00387805
14.1786 0.0421611 0.00393677
14.8324 0.0447546 0.00399637
15.5164 0.0475087 0.00405687
16.2318 0.0504335 0.00411829
16.9803 0.0535394 0.00418065
17.7633 0.0568378 0.00424394
18.5824 0.0603405 0.0043082
19.4392 0.0640601 0.00437342
20.3356 0.0680102 0.00443964
21.2733 0.072205 0.00450685
22.2543 0.0766597 0.00457509
23.2804 0.0813904 0.00464435
24.3539 0.0864141 0.00471467
25.4769 0.091749 0.00478605
26.6517 0.0974144 0.00485851
27.8806 0.103431 0.00493207
29.1662 0.10982 0.00500674
30.5111 0.116605 0.00508254
31.9181 0.12381 0.00515949
33.3898 0.131462 0.00523761
34.9295 0.139587 0.00531691
36.5401 0.148216 0.0053974
38.225 0.15738 0.00547912
39.9877 0.167111 0.00556208
41.8315 0.177445 0.00564629
43.7605 0.188419 0.00573177
45.7783 0.200073 0.00581855
47.8892 0.212449 0.00590664
50.0974 0.225592 0.00599607
52.4075 0.239549 0.00608685
54.8241 0.254371 0.00617901
57.3521 0.27011 0.00627256
59.9967 0.286825 0.00636752
62.7632 0.304575 0.00646393
65.6573 0.323425 0.00656179
68.6849 0.343443 0.00666114
71.852 0.364701 0.00676199
75.1652 0.387275 0.00686552
75.1652 0.387275 0.00686451
75.6528 0.39065 0.00697685
76.1436 0.394102 0.00709102
76.6376 0.397634 0.00720707
77.1348 0.401246 0.00732503
77.6352 0.404942 0.00744493
78.1388 0.408722 0.00756681
78.6457 0.412589 0.00769072
79.1559 0.416545 0.00781669
79.6694 0.420592 0.00794475
80.1863 0.424732 0.00807496
80.7065 0.428967 0.00820735
81.23 0.433299 0.00834197
81.757 0.437731 0.00847885
82.2874 0.442265 0.00861805
82.8212 0.446903 0.00875961
83.3585 0.451649 0.00890357
83.8993 0.456503 0.00904998
84.4436 0.461469 0.00919889
84.9914 0.46655 0.00935036
85.5428 0.471748 0.00950442
86.0977 0.477066 0.00966113
86.6563 0.482507 0.00982055
87.2184 0.488073 0.00998272
87.7842 0.493768 0.0101477
88.3537 0.499595 0.0103156
88.9269 0.505557 0.0104863
89.5038 0.511656 0.0106601
90.0845 0.517897 0.0108369
90.6689 0.524283 0.0110168
91.2571 0.530817 0.0111999
91.8491 0.537503 0.0113862
92.4449 0.544344 0.0115758
93.0447 0.551344 0.0117688
93.6483 0.558507 0.0119652
94.2558 0.565837 0.0121651
94.8673 0.573338 0.0123686
95.4827 0.581013 0.0125757
96.1021 0.588869 0.0127865
96.7256 0.596907 0.0130011
97.3531 0.605134 0.0132196
97.9847 0.613553 0.0134421
98.6203 0.62217 0.0136686
99.2601 0.630988 0.0138991
99.904 0.640014 0.0141339
100.552 0.649252 0.014373
101.204 0.658707 0.0146165
101.861 0.668385 0.0148644
102.522 0.678291 0.0151168
103.187 0.688431 0.0153739
103.856 0.69881 0.0156358
104.53 0.709434 0.0159025
105.208 0.72031 0.0161741
105.891 0.731444 0.0164508
106.578 0.742841 0.0167326
107.269 0.75451 0.0170197
107.965 0.766455 0.0173121
108.665 0.778685 0.01761
109.37 0.791206 0.0179135
110.08 0.804026 0.0182228
110.794 0.817152 0.0185378
111.513 0.830592 0.0188588
112.236 0.844353 0.0191858
112.964 0.858444 0.0195191
113.697 0.872872 0.0198587
114.435 0.887648 0.0202047
115.177 0.902778 0.0205573
115.924 0.918273 0.0209167
116.676 0.934141 0.021283
117.433 0.950391 0.0216562
118.195 0.967035 0.0220366
118.962 0.98408 0.0224244
119.734 1.00154 0.0228196
120.51 1.01942 0.0232224
121.292 1.03774 0.023633
122.079 1.0565 0.0240515
122.871 1.07571 0.0244782
123.668 1.0954 0.0249132
124.47 1.11556 0.0253566
125.278 1.13622 0.0258086
126.091 1.15738 0.0262695
126.909 1.17906 0.0267393
127.732 1.20128 0.0272183
128.561 1.22403 0.0277068
129.395 1.24735 0.0282048
130.234 1.27124 0.0287125
131.079 1.29571 0.0292303
131.929 1.3208 0.0297583
132.785 1.34649 0.0302966
133.646 1.37283 0.0308456
134.513 1.39982 0.0314054
135.386 1.42747 0.0319763
136.264 1.45581 0.0325584
137.148 1.48485 0.0331521
138.038 1.51462 0.0337576
138.934 1.54513 0.0343751
139.835 1.57639 0.0350049
140.742 1.60844 0.0356471
141.655 1.64129 0.0363022
142.574 1.67495 0.0369703
143.499 1.70946 0.0376517
144.43 1.74484 0.0383467
145.367 1.7811 0.0390555
146.31 1.81827 0.0397785
147.259 1.85638 0.0405159
148.215 1.89544 0.041268
149.176 1.93549 0.0420351
150.144 1.97655 0.0428176
151.118 2.01865 0.0436157
152.098 2.0618 0.0444298
153.085 2.10605 0.0452601
154.078 2.15142 0.0461071
155.078 2.19794 0.0469709
156.084 2.24564 0.0478521
157.096 2.29455 0.0487508
158.115 2.3447 0.0496675
159.141 2.39612 0.0506025
160.173 2.44886 0.0515562
161.213 2.50294 0.0525289
162.258 2.55839 0.053521
163.311 2.61526 0.0545329
164.37 2.67358 0.0555649
165.437 2.7334 0.0566175
166.51 2.79474 0.057691
167.59 2.85765 0.0587859
168.678 2.92217 0.0599025
169.772 2.98834 0.0610412
170.873 3.05621 0.0622025
171.982 3.12582 0.0633868
173.097 3.19721 0.0645944
174.22 3.27044 0.0658259
175.351 3.34555 0.0670816
176.488 3.42258 0.068362
177.633 3.5016 0.0696676
178.785 3.58265 0.0709987
179.945 3.66579 0.0723559
181.113 3.75106 0.0737395
182.288 3.83853 0.07515
183.47 3.92825 0.076588
184.66 4.02028 0.0780538
185.858 4.11468 0.0795479
187.064 4.21151 0.0810708
188.278 4.31083 0.082623
189.499 4.41272 0.0842049
190.728 4.51723 0.085817
191.966 4.62443 0.0874598
193.211 4.73439 0.0891337
194.464 4.84718 0.0908393
195.726 4.96287 0.0925769
196.996 5.08155 0.0943472
198.274 5.20327 0.0961505
199.56 5.32813 0.0979873
200.855 5.4562 0.0998581
202.158 5.58755 0.101763
203.469 5.72229 0.103704
204.789 5.86048 0.105679
206.118 6.00221 0.107691
207.455 6.14758 0.109738
208.801 6.29667 0.111823
210.155 6.44958 0.113944
211.519 6.6064 0.116103
212.891 6.76722 0.118301
214.272 6.93215 0.120536
215.662 7.10128 0.12281
217.061 7.27472 0.125124
218.469 7.45257 0.127477
219.886 7.63494 0.12987
221.313 7.82193 0.132303
222.749 8.01366 0.134777
224.194 8.21023 0.137291
225.648 8.41177 0.139847
227.112 8.61839 0.142444
228.585 8.83021 0.145083
230.068 9.04734 0.147764
231.561 9.26991 0.150487
233.063 9.49805 0.153252
234.575 9.73189 0.156059
236.097 9.97154 0.158909
237.628 10.2171 0.161801
239.17 10.4688 0.164736
240.722 10.7268 0.167713
242.283 10.991 0.170733
243.855 11.2618 0.173796
245.437 11.5392 0.176901
247.029 11.8233 0.180048
248.632 12.1144 0.183237
250.245 12.4126 0.186467
251.868 12.718 0.189739
253.502 13.0307 0.193053
255.147 13.351 0.196406
256.802 13.6789 0.1998
258.468 14.0146 0.203234
260.145 14.3583 0.206706
261.832 14.7101 0.210217
263.531 15.0702 0.213766
265.24 15.4387 0.217351
266.961 15.8158 0.220973
268.693 16.2017 0.224629
270.436 16.5964 0.22832
272.191 17.0003 0.232043
273.956 17.4133 0.235798
275.734 17.8358 0.239584
277.522 18.2677 0.243398
279.323 18.7094 0.247241
281.135 19.1609 0.251109
282.959 19.6225 0.255002
284.794 20.0941 0.258917
286.642 20.5761 0.262854
288.501 21.0686 0.266809
290.373 21.5717 0.270781
292.257 22.0855 0.274768
294.153 22.6103 0.278767
296.061 23.1461 0.282776
297.982 23.693 0.286793
299.915 24.2513 0.290815
301.86 24.8211 0.29484
303.819 25.4024 0.298863
305.79 25.9954 0.302884
307.773 26.6002 0.306897
309.77 27.217 0.310901
311.78 27.8458 0.314892
313.802 28.4867 0.318866
315.838 29.1399 0.32282
317.887 29.8053 0.326751
319.949 30.4832 0.330654
322.025 31.1735 0.334525
324.114 31.8764 0.338361
326.217 32.5918 0.342158
328.333 33.3199 0.34591
330.463 34.0606 0.349615
332.607 34.8141 0.353266
334.764 35.5802 0.356861
336.936 36.3591 0.360393
339.122 37.1506 0.363859
341.322 37.9548 0.367253
343.536 38.7717 0.370571
345.765 39.6012 0.373807
348.008 40.4432 0.376957
350.266 41.2977 0.380015
352.538 42.1646 0.382976
354.825 43.0437 0.385834
357.127 43.935 0.388585
359.444 44.8383 0.391223
361.776 45.7536 0.393742
364.123 46.6805 0.396138
366.485 47.6189 0.398405
368.862 48.5686 0.400537
371.255 49.5295 0.40253
373.664 50.5012 0.404377
376.088 51.4835 0.406074
378.528 52.4761 0.407615
380.983 53.4788 0.408996
383.455 54.4911 0.41021
385.942 55.5129 0.411254
388.446 56.5436 0.412122
390.966 57.583 0.41281
393.502 58.6307 0.413313
396.055 59.6862 0.413627
398.625 60.7491 0.413748
401.211 61.819 0.413671
403.813 62.8953 0.413393
406.433 63.9776 0.412911
409.07 65.0654 0.412221
411.724 66.1582 0.41132
414.395 67.2553 0.410205
417.083 68.3563 0.408875
419.789 69.4605 0.407327
422.512 70.5674 0.405559
425.253 71.6763 0.40357
428.012 72.7866 0.401359
430.788 73.8977 0.398926
433.583 75.0088 0.39627
436.396 76.1194 0.393391
439.227 77.2287 0.390291
442.076 78.3361 0.38697
444.944 79.4408 0.383429
447.831 80.5422 0.379671
450.736 81.6394 0.375699
453.66 82.7319 0.371514
456.603 83.8188 0.367122
459.565 84.8995 0.362524
462.547 85.9732 0.357727
465.547 87.0391 0.352734
468.567 88.0966 0.347551
471.607 89.1449 0.342184
474.667 90.1833 0.336639
477.746 91.2111 0.330923
480.845 92.2277 0.325042
483.965 93.2322 0.319006
487.104 94.224 0.312821
490.264 95.2026 0.306495
493.445 96.1671 0.300039
496.646 97.1171 0.293461
499.868 98.0518 0.28677
503.111 98.9707 0.279977
506.375 99.8733 0.273091
509.66 100.759 0.266123
512.966 101.627 0.259084
516.294 102.478 0.251984
519.643 103.31 0.244834
523.014 104.123 0.237646
526.407 104.917 0.230431
529.822 105.692 0.223199
533.26 106.446 0.215963
536.719 107.181 0.208733
540.201 107.895 0.201521
543.705 108.589 0.194338
547.233 109.262 0.187194
550.783 109.914 0.180101
554.356 110.545 0.173069
557.952 111.154 0.166108
561.572 111.743 0.159229
565.215 112.311 0.152441
568.882 112.858 0.145753
572.572 113.383 0.139174
576.287 113.888 0.132713
580.025 114.373 0.126378
583.788 114.837 0.120176
587.575 115.28 0.114115
591.387 115.704 0.1082
595.224 116.108 0.102437
599.085 116.493 0.0968332
602.971 116.858 0.0913916
606.883 117.206 0.086117
610.82 117.535 0.0810128
614.783 117.846 0.0760821
618.771 118.14 0.0713272
622.785 118.417 0.0667498
626.826 118.678 0.0623511
630.892 118.923 0.0581318
634.985 119.152 0.0540917
639.104 119.367 0.0502304
643.25 119.568 0.0465467
647.423 119.755 0.0430391
651.623 119.929 0.0397054
655.851 120.09 0.0365431
660.105 120.239 0.0335492
664.388 120.376 0.0307203
668.698 120.503 0.0280526
673.036 120.619 0.0255419
677.402 120.726 0.0231838
681.797 120.823 0.0209737
686.22 120.911 0.0189065
690.671 120.991 0.0169771
695.152 121.063 0.0151802
699.662 121.128 0.0135103
704.201 121.185 0.0119618
708.769 121.237 0.0105291
713.367 121.282 0.00920655
717.995 121.322 0.00798847
722.653 121.357 0.0068692
727.341 121.386 0.00584315
732.06 121.412 0.00490479
736.809 121.433 0.0040487
741.589 121.45 0.00326958
746.4 121.464 0.00256227
751.242 121.475 0.00192177
756.115 121.483 0.00134324
761.021 121.489 0.000822045
765.958 121.491 0.000353729
770.927 121.492 0
775.928 121.492 0
780.962 121.492 0
786.028 121.492 0
791.127 121.492 0
796.26 121.492 0
801.425 121.492 0
806.624 121.492 0
811.857 121.492 0
817.124 121.492 0
822.425 121.492 0
827.76 121.492 0
833.13 121.492 0
838.535 121.492 0
843.975 121.492 0
849.45 121.492 0
854.961 121.492 0
860.507 121.492 0
866.09 121.492 0
871.708 121.492 0
877.363 121.492 0
883.055 121.492 0
888.784 121.492 0
894.55 121.492 0
900.353 121.492 0
906.194 121.492 0
912.073 121.492 0
917.99 121.492 0
923.945 121.492 0
929.939 121.492 0
935.972 121.492 0
942.044 121.492 0
948.155 121.492 0
954.306 121.492 0
960.497 121.492 0
966.728 121.492 0
973 121.492 0
979.312 121.492 0
985.665 121.492 0
992.059 121.492 0
998.495 121.492 0
1004.97 121.492 0
1011.49 121.492 0
1018.05 121.492 0
1024.66 121.492 0
1031.31 121.492 0
1038 121.492 0
1044.73 121.492 0
1051.51 121.492 0
1058.33 121.492 0
1065.2 121.492 0
1072.11 121.492 0
1079.06 121.492 0
1086.06 121.492 0
1093.11 121.492 0
1100.2 121.492 0
1107.34 121.492 0
1114.52 121.492 0
1121.75 121.492 0
1129.03 121.492 0
1136.35 121.492 0
1143.72 121.492 0
1151.14 121.492 0
1158.61 121.492 0
1166.13 121.492 0
1173.69 121.492 0
1181.31 121.492 0
1188.97 121.492 0
1196.68 121.492 0
1204.45 121.492 0
1212.26 121.492 0
1220.12 121.492 0
1228.04 121.492 0
1236.01 121.492 0
1244.02 121.492 0
1252.09 121.492 0
1260.22 121.492 0
1268.39 121.492 0
1276.62 121.492 0
1284.9 121.492 0
1293.24 121.492 0
1301.63 121.492 0
1310.07 121.492 0
1318.57 121.492 0
1327.13 121.492 0
1335.74 121.492 0
1344.4 121.492 0
1353.12 121.492 0
1361.9 121.492 0
1370.74 121.492 0
1379.63 121.492 0
1388.58 121.492 0
1397.59 121.492 0
1406.65 121.492 0
1415.78 121.492 0
1424.96 121.492 0
1434.21 121.492 0
1443.51 121.492 0
1452.88 121.492 0
1462.3 121.492 0
1471.79 121.492 0
1481.34 121.492 0
1490.95 121.492 0
1500.62 121.492 0
1510.35 121.492 0
1520.15 121.492 0
1530.01 121.492 0
1539.94 121.492 0
1549.93 121.492 0
1559.98 121.492 0
1570.1 121.492 0
1580.29 121.492 0
1590.54 121.492 0
1600.86 121.492 0
1611.25 121.492 0
1621.7 121.492 0
1632.22 121.492 0
1642.81 121.492 0
1653.47 121.492 0
1664.19 121.492 0
1674.99 121.492 0
1685.85 121.492 0
1696.79 121.492 0
1707.8 121.492 0
1718.88 121.492 0
1730.03 121.492 0
1741.25 121.492 0
1752.55 121.492 0
1763.92 121.492 0
1775.36 121.492 0
1786.88 121.492 0
1798.47 121.492 0
1810.14 121.492 0
1821.88 121.492 0
1833.7 121.492 0
1845.6 121.492 0
1857.57 121.492 0
1869.62 121.492 0
1881.75 121.492 0
1893.96 121.492 0
1906.24 121.492 0
1918.61 121.492 0
1931.06 121.492 0
1943.58 121.492 0
1956.19 121.492 0
1968.88 121.492 0
1981.66 121.492 0
1994.51 121.492 0
2007.45 121.492 0
2020.47 121.492 0
2033.58 121.492 0
2046.77 121.492 0
2060.05 121.492 0
2073.42 121.492 0
2086.87 121.492 0
2100.41 121.492 0
2114.03 121.492 0
2127.75 121.492 0
2141.55 121.492 0
2155.44 121.492 0
2169.43 121.492 0
2183.5 121.492 0
2197.66 121.492 0
2211.92 121.492 0
2226.27 121.492 0
2240.71 121.492 0
2255.25 121.492 0
2269.88 121.492 0
2284.61 121.492 0
2299.43 121.492 0
2314.34 121.492 0
2329.36 121.492 0
2344.47 121.492 0
2359.68 121.492 0
2374.99 121.492 0
2390.39 121.492 0
2405.9 121.492 0
2421.51 121.492 0
2437.22 121.492 0
2453.03 121.492 0
2468.94 121.492 0
2484.96 121.492 0
2501.08 121.492 0
2517.31 121.492 0
2533.64 121.492 0
2550.07 121.492 0
2566.62 121.492 0
2583.27 121.492 0
2600.03 121.492 0
2616.89 121.492 0
2633.87 121.492 0
2650.96 121.492 0
2668.15 121.492 0
2685.46 121.492 0
2702.89 121.492 0
2720.42 121.492 0
2738.07 121.492 0
2755.83 121.492 0
2773.71 121.492 0
2791.7 121.492 0
2809.81 121.492 0
2828.04 121.492 0
2846.39 121.492 0
2864.85 121.492 0
2883.44 121.492 0
2902.15 121.492 0
2920.97 121.492 0
2939.92 121.492 0
2958.99 121.492 0
2978.19 121.492 0
2997.51 121.492 0
3016.96 121.492 0
3036.53 121.492 0
3056.23 121.492 0
3076.05 121.492 0
3096.01 121.492 0
3116.1 121.492 0
3136.31 121.492 0
3156.66 121.492 0
3177.14 121.492 0
3197.75 121.492 0
3218.49 121.492 0
3239.37 121.492 0
3260.39 121.492 0
3281.54 121.492 0
3302.83 121.492 0
3324.25 121.492 0
3345.82 121.492 0
3367.52 121.492 0
3389.37 121.492 0
3411.36 121.492 0
3433.49 121.492 0
3455.76 121.492 0
3478.18 121.492 0
3500.75 121.492 0
3523.46 121.492 0
3546.31 121.492 0
3569.32 121.492 0
3592.48 121.493 4.22648e-05
3615.78 121.498 0.000405856
3639.24 121.512 0.000814559
3662.85 121.537 0.00127425
3686.61 121.573 0.00179159
3710.53 121.623 0.00237416
3734.6 121.688 0.00303055
3758.82 121.771 0.00377051
3783.21 121.873 0.00460514
3807.75 121.997 0.00554701
3832.45 122.148 0.00661041
3857.32 122.327 0.00781154
3882.34 122.539 0.00916879
3907.53 122.79 0.010703
3932.88 123.083 0.0124378
3958.39 123.425 0.0143998
3984.07 123.824 0.0166192
4009.92 124.286 0.01913
4035.93 124.82 0.0219705
4062.11 125.437 0.0251836
4088.47 126.149 0.0288175
4114.99 126.968 0.0329258
4141.68 127.909 0.0375679
4168.55 128.988 0.0428097
4195.6 130.226 0.0487233
4222.81 131.643 0.0553874
4250.21 133.263 0.062887
4277.78 135.113 0.0713126
4305.53 137.223 0.0807598
4333.46 139.627 0.0913278
4361.58 142.36 0.103117
4389.87 145.463 0.116227
4418.35 148.98 0.130752
4447.01 152.957 0.146778
4475.86 157.446 0.164376
4504.9 162.498 0.183598
4534.12 168.168 0.204469
4563.54 174.514 0.226983
4593.14 181.59 0.251092
4622.94 189.454 0.276709
4652.93 198.157 0.303696
4683.12 207.75 0.331871
4713.5 218.275 0.361004
4744.08 229.77 0.390824
4774.85 242.263 0.421033
4805.83 255.773 0.451307
4837.01 270.312 0.481318
4868.39 285.877 0.510746
4899.97 302.459 0.53929
4931.76 320.037 0.566682
4963.75 338.583 0.592698
4995.95 358.063 0.617159
5028.36 378.435 0.639939
5060.98 399.653 0.660964
5093.82 421.67 0.680203
5126.86 444.436 0.697669
5160.12 467.902 0.713408
5193.6 492.02 0.727497
5227.29 516.742 0.740028
5261.2 542.025 0.751112
5295.33 567.828 0.760864
5329.68 594.112 0.769404
5364.26 620.844 0.77685
5399.06 647.991 0.783316
5434.09 675.525 0.788913
5469.34 703.421 0.793741
5504.82 731.658 0.797893
5540.53 760.216 0.801453
5576.48 789.077 0.8045
5612.65 818.228 0.8071
5649.06 847.656 0.809315
5685.71 877.35 0.811197
5722.6 907.301 0.812794
5759.72 937.501 0.814147
5797.09 967.943 0.81529
5834.69 998.622 0.816255
5872.55 1029.53 0.817068
5910.64 1060.68 0.817752
5948.99 1092.04 0.818327
5987.58 1123.63 0.818809
6026.42 1155.45 0.819213
6065.52 1187.48 0.819551
6104.87 1219.74 0.819834
6144.47 1252.21 0.82007
6184.33 1284.9 0.820266
6224.45 1317.81 0.820429
6264.83 1350.95 0.820565
6305.48 1384.3 0.820678
6346.38 1417.87 0.820772
6387.55 1451.66 0.820849
6428.99 1485.68 0.820913
6470.7 1519.92 0.820966
6512.68 1554.38 0.821009
6554.93 1589.07 0.821045
6597.45 1623.99 0.821075
6640.25 1659.13 0.821099
6683.33 1694.5 0.821119
6726.69 1730.1 0.821135
6770.32 1765.93 0.821148
6814.25 1802 0.821159
6858.45 1838.3 0.821168
6902.95 1874.84 0.821175
6947.73 1911.61 0.821181
6992.8 1948.63 0.821186
7038.16 1985.88 0.82119
7083.82 2023.37 0.821193
7129.78 2061.11 0.821196
7176.03 2099.09 0.821198
7222.59 2137.32 0.821199
7269.44 2175.8 0.821201
7316.6 2214.53 0.821202
7364.07 2253.51 0.821203
7411.84 2292.74 0.821203
7459.92 2332.23 0.821204
7508.32 2371.97 0.821204
7557.03 2411.97 0.821205
7606.05 2452.23 0.821205
7655.39 2492.75 0.821205
7705.06 2533.53 0.821205
7755.04 2574.58 0.821206
7805.35 2615.9 0.821206
7855.99 2657.48 0.821206
7906.95 2699.33 0.821206
7958.25 2741.45 0.821206
8009.88 2783.85 0.821206
8061.84 2826.52 0.821206
8114.14 2869.47 0.821206
8166.78 2912.7 0.821206
8219.76 2956.21 0.821206
8273.08 3000 0.821206
8326.76 3044.07 0.821206
8380.77 3088.43 0.821206
8435.14 3133.08 0.821206
8489.86 3178.02 0.821206
8544.94 3223.25 0.821206
8600.38 3268.77 0.821206
8656.17 3314.59 0.821206
8712.32 3360.71 0.821206
8768.84 3407.12 0.821206
8825.73 3453.84 0.821206
8882.99 3500.85 0.821206
8940.61 3548.18 0.821206
8998.61 3595.81 0.821206
9056.99 3643.75 0.821206
9115.75 3692 0.821206
9174.89 3740.56 0.821206
9234.41 3789.44 0.821206
9294.31 3838.64 0.821206
9354.61 3888.15 0.821206
9415.29 3937.99 0.821206
9476.38 3988.15 0.821206
9537.85 4038.63 0.821206
9599.73 4089.45 0.821206
9662 4140.59 0.821206
9724.68 4192.06 0.821206
9787.77 4243.87 0.821206
9851.27 4296.01 0.821206
9915.18 4348.5 0.821206
9979.5 4401.32 0.821206
10044.2 4454.48 0.821206
10109.4 4507.99 0.821206
10175 4561.85 0.821206
10241 4616.06 0.821206
10307.4 4670.62 0.821206
10374.3 4725.53 0.821206
10441.6 4780.8 0.821206
10509.3 4836.42 0.821206
10577.5 4892.41 0.821206
10646.1 4948.76 0.821206
10715.2 5005.48 0.821206
10784.7 5062.57 0.821206
10854.7 5120.02 0.821206
10925.1 5177.85 0.821206
10996 5236.05 0.821206
11067.3 5294.63 0.821206
11139.1 5353.59 0.821206
11211.4 5412.94 0.821206
11284.1 5472.66 0.821206
11357.3 5532.78 0.821206
11431 5593.29 0.821206
11505.1 5654.18 0.821206
11579.8 5715.48 0.821206
11654.9 5777.17 0.821206
11730.5 5839.26 0.821206
11806.6 5901.75 0.821206
11883.2 5964.65 0.821206
11960.3 6027.96 0.821206
12037.9 6091.68 0.821206
12116 6155.81 0.821206
12194.6 6220.35 0.821206
12273.7 6285.32 0.821206
12353.3 6350.71 0.821206
12433.5 6416.52 0.821206
12514.1 6482.76 0.821206
12595.3 6549.43 0.821206
12677 6616.53 0.821206
12759.2 6684.06 0.821206
12842 6752.04 0.821206
12925.3 6820.45 0.821206
13009.2 6889.31 0.821206
13093.6 6958.62 0.821206
13178.5 7028.37 0.821206
13264 7098.58 0.821206
13350.1 7169.25 0.821206
13436.7 7240.37 0.821206
13523.8 7311.95 0.821206
13611.6 7384 0.821206
13699.9 7456.51 0.821206
13788.8 7529.5 0.821206
13878.2 7602.96 0.821206
13968.2 7676.89 0.821206
14058.9 7751.31 0.821206
14150.1 7826.21 0.821206
14241.9 7901.59 0.821206
14334.2 7977.46 0.821206
14427.2 8053.83 0.821206
14520.8 8130.69 0.821206
14615 8208.05 0.821206
14709.8 8285.91 0.821206
14805.3 8364.27 0.821206
14901.3 8443.15 0.821206
14998 8522.54 0.821206
15095.3 8602.44 0.821206
15193.2 8682.86 0.821206
15291.8 8763.8 0.821206
15391 8845.26 0.821206
15490.8 8927.26 0.821206
15591.3 9009.79 0.821206
15692.5 9092.85 0.821206
15794.3 9176.45 0.821206
15896.7 9260.59 0.821206
15999.9 9345.28 0.821206
16103.7 9430.52 0.821206
16208.1 9516.31 0.821206
16313.3 9602.66 0.821206
16419.1 9689.57 0.821206
16525.6 9777.04 0.821206
16632.8 9865.08 0.821206
16740.7 9953.69 0.821206
16849.3 10042.9 0.821206
16958.7 10132.6 0.821206
17068.7 10223 0.821206
17179.4 10313.9 0.821206
17290.8 10405.4 0.821206
17403 10497.6 0.821206
17515.9 10590.3 0.821206
17629.6 10683.6 0.821206
17743.9 10777.5 0.821206
17859 10872 0.821206
17974.9 10967.2 0.821206
18091.5 11062.9 0.821206
18208.9 11159.3 0.821206
18327 11256.3 0.821206
18445.9 11354 0.821206
18565.5 11452.2 0.821206
18686 11551.1 0.821206
18807.2 11650.7 0.821206
18929.2 11750.9 0.821206
19052 11851.7 0.821206
19175.6 11953.2 0.821206
19300 12055.4 0.821206
19425.2 12158.2 0.821206
19551.2 12261.7 0.821206
19678.1 12365.9 0.821206
19805.7 12470.7 0.821206
19934.2 12576.2 0.821206
20063.5 12682.4 0.821206
20193.7 12789.3 0.821206
20324.7 12896.9 0.821206
20456.6 13005.1 0.821206
20589.3 13114.1 0.821206
20722.8 13223.8 0.821206
20857.3 13334.2 0.821206
20992.6 13445.3 0.821206
21128.8 13557.2 0.821206
21265.8 13669.7 0.821206
21403.8 13783 0.821206
21542.7 13897.1 0.821206
21682.4 14011.8 0.821206
21823.1 14127.3 0.821206
21964.6 14243.6 0.821206
22107.1 14360.6 0.821206
22250.6 14478.4 0.821206
22394.9 14596.9 0.821206
22540.2 14716.2 0.821206
22686.4 14836.3 0.821206
22833.6 14957.2 0.821206
22981.7 15078.8 0.821206
23130.8 15201.3 0.821206
23280.9 15324.5 0.821206
23431.9 15448.5 0.821206
23583.9 15573.3 0.821206
23736.9 15699 0.821206
23890.9 15825.4 0.821206
24045.9 15952.7 0.821206
24201.9 16080.8 0.821206
24358.9 16209.8 0.821206
24516.9 16339.5 0.821206
24676 16470.1 0.821206
24836 16601.6 0.821206
24997.2 16733.9 0.821206
25159.3 16867.1 0.821206
25322.5 17001.1 0.821206
25486.8 17136 0.821206
25652.2 17271.8 0.821206
25818.6 17408.5 0.821206
25986.1 17546 0.821206
26154.7 17684.5 0.821206
26324.3 17823.8 0.821206
26495.1 17964 0.821206
26667 18105.2 0.821206
26840 18247.2 0.821206
27014.1 18390.2 0.821206
27189.4 18534.2 0.821206
27365.7 18679 0.821206
27543.3 18824.8 0.821206
27722 18971.5 0.821206
27901.8 19119.2 0.821206
28082.8 19267.9 0.821206
28265 19417.5 0.821206
28448.4 19568.1 0.821206
28632.9 19719.6 0.821206
28818.7 19872.2 0.821206
29005.6 20025.7 0.821206
29193.8 20180.2 0.821206
29383.2 20335.7 0.821206
29573.8 20492.3 0.821206
29765.7 20649.8 0.821206
29958.8 20808.4 0.821206
30153.1 20968 0.821206
30348.7 21128.6 0.821206
30545.6 21290.3 0.821206
30743.8 21453.1 0.821206
30943.2 21616.8 0.821206
31143.9 21781.7 0.821206
31346 21947.6 0.821206
31549.3 22114.6 0.821206
31754 22282.7 0.821206
31960 22451.8 0.821206
32167.3 22622.1 0.821206
32376 22793.5 0.821206
32586.1 22966 0.821206
32797.5 23139.6 0.821206
33010.2 23314.3 0.821206
33224.4 23490.2 0.821206
33439.9 23667.2 0.821206
33656.9 23845.3 0.821206
33875.2 24024.6 0.821206
34095 24205.1 0.821206
34316.1 24386.7 0.821206
34538.8 24569.5 0.821206
34762.8 24753.5 0.821206
34988.3 24938.7 0.821206
35215.3 25125.1 0.821206
35443.8 25312.7 0.821206
35673.7 25501.6 0.821206
35905.1 25691.6 0.821206
36138.1 25882.9 0.821206
36372.5 26075.4 0.821206
36608.5 26269.2 0.821206
36846 26464.2 0.821206
37085 26660.5 0.821206
37325.6 26858.1 0.821206
37567.7 27056.9 0.821206
37811.4 27257.1 0.821206
38056.7 27458.5 0.821206
38303.6 27661.3 0.821206
38552.1 27865.3 0.821206
38802.2 28070.7 0.821206
39053.9 28277.4 0.821206
39307.3 28485.5 0.821206
39562.3 28694.9 0.821206
39819 28905.7 0.821206
40077.3 29117.8 0.821206
40337.3 29331.3 0.821206
40599 29546.2 0.821206
40862.3 29762.5 0.821206
41127.4 29980.2 0.821206
41394.2 30199.3 0.821206
41662.8 30419.8 0.821206
41933.1 30641.8 0.821206
42205.1 30865.2 0.821206
42478.9 31090 0.821206
42754.5 31316.3 0.821206
43031.8 31544.1 0.821206
43311 31773.3 0.821206
43592 32004.1 0.821206
43874.8 32236.3 0.821206
44159.4 32470.1 0.821206
44445.9 32705.3 0.821206
44734.2 32942.1 0.821206
45024.4 33180.4 0.821206
45316.5 33420.3 0.821206
45610.5 33661.7 0.821206
45906.4 33904.7 0.821206
46204.2 34149.3 0.821206
46503.9 34395.4 0.821206
46805.6 34643.2 0.821206
47109.3 34892.5 0.821206
47414.9 35143.5 0.821206
47722.5 35396.1 0.821206
48032.1 35650.3 0.821206
48343.7 35906.2 0.821206
48657.3 36163.8 0.821206
48972.9 36423 0.821206
49290.7 36683.9 0.821206
49610.4 36946.5 0.821206
49932.3 37210.8 0.821206
50256.2 37476.8 0.821206
50582.2 37744.5 0.821206
50910.4 38014 0.821206
51240.6 38285.2 0.821206
51573.1 38558.2 0.821206
51907.6 38832.9 0.821206
52244.4 39109.5 0.821206
52583.3 39387.8 0.821206
52924.4 39667.9 0.821206
53267.8 39949.9 0.821206
53613.3 40233.7 0.821206
53961.1 40519.3 0.821206
54311.2 40806.8 0.821206
54663.5 41096.1 0.821206
55018.2 41387.3 0.821206
55375.1 41680.4 0.821206
55734.3 41975.5 0.821206
56095.9 42272.4 0.821206
