5.78741e-09 5.95396e-15 4.29514e-06
5.8738e-08 3.33166e-13 8.58285e-06
5.86595e-07 1.45059e-11 3.56977e-05
4.6076e-06 3.38009e-10 8.97843e-05
5.86875e-06 4.61297e-10 0.000114002
2.3369e-05 3.31505e-09 0.000192532
7.39119e-05 1.62978e-08 0.000292274
0.000147358 4.17301e-08 0.000330144
0.000152693 4.34471e-08 0.000292479
0.000165528 4.67976e-08 0.000304172
0.000294481 1.01986e-07 0.000463041
0.000466785 1.89679e-07 0.00054542
0.000739961 3.52227e-07 0.00041641
0.000792747 3.70702e-07 0.000446592
0.000859333 4.13069e-07 0.00055442
0.000931697 4.48502e-07 0.00055104
0.00117285 6.10601e-07 0.000697128
0.00147667 8.31244e-07 0.000750516
0.0017323 1.02935e-06 0.000535855
0.00185963 1.08409e-06 0.000525282
0.00294795 2.00733e-06 0.000908255
0.00467391 3.71532e-06 0.00105104
0.00633042 5.56999e-06 0.00091467
0.0070765 6.16755e-06 0.00093479
0.00933155 8.92099e-06 0.00127133
0.0117504 1.21316e-05 0.00137956
0.0154948 1.7543e-05 0.00122736
0.0177925 2.00421e-05 0.00125466
0.0234638 2.89812e-05 0.00164107
0.0295474 3.94039e-05 0.00177172
0.0354913 5.03041e-05 0.00128079
0.0389653 5.38549e-05 0.00125817
0.0549487 8.51279e-05 0.00191362
0.0590129 9.27925e-05 0.00199187
0.0713035 0.000119369 0.00114686
0.0787306 0.000125461 0.00110854
0.10265 0.000178607 0.00176378
0.112568 0.000193736 0.00180901
0.132297 0.000240204 0.00240921
0.146764 0.000275794 0.00181491
0.15911 0.000293738 0.00177613
0.191354 0.000375514 0.00260957
0.227502 0.000472769 0.000973271
0.245257 0.000484229 0.000805937
0.256566 0.000495831 0.00103354
0.268397 0.000508152 0.00104919
0.280773 0.000521236 0.00106507
0.293719 0.00053513 0.0010812
0.307263 0.000549885 0.00109757
0.321432 0.000565555 0.00111419
0.336253 0.000582195 0.00113106
0.351758 0.000599866 0.00114818
0.367978 0.000618631 0.00116556
0.384946 0.000638559 0.00118321
0.402697 0.000659722 0.00120112
0.421266 0.000682195 0.00121931
0.440691 0.000706061 0.00123777
0.461012 0.000731406 0.00125651
0.48227 0.00075832 0.00127553
0.504508 0.000786902 0.00129484
0.527771 0.000817254 0.00131445
0.552107 0.000849487 0.00133435
0.577566 0.000883717 0.00135455
0.604198 0.000920067 0.00137506
0.632059 0.000958668 0.00139588
0.661204 0.000999662 0.00141701
0.691693 0.00104319 0.00143847
0.723588 0.00108942 0.00146024
0.756953 0.00113852 0.00148235
0.791857 0.00119065 0.00150479
0.828371 0.00124602 0.00152758
0.866568 0.00130481 0.00155071
0.906527 0.00136725 0.00157418
0.948328 0.00143355 0.00159802
0.992057 0.00150396 0.00162221
1.0378 0.00157874 0.00164677
1.08566 0.00165815 0.0016717
1.13572 0.00174247 0.00169701
1.18809 0.00183202 0.00172271
1.24287 0.00192712 0.00174879
1.30018 0.00202811 0.00177526
1.36014 0.00213535 0.00180214
1.42285 0.00224924 0.00182943
1.48846 0.00237018 0.00185712
1.5571 0.00249862 0.00188524
1.6289 0.00263501 0.00191378
1.70401 0.00277985 0.00194276
1.78258 0.00293367 0.00197217
1.86478 0.00309701 0.00200203
1.95077 0.00327047 0.00203234
2.04072 0.00345468 0.00206311
2.13482 0.0036503 0.00209435
2.23326 0.00385804 0.00212606
2.33624 0.00407865 0.00215824
2.44396 0.00431292 0.00219092
2.55666 0.00456171 0.00222409
2.67455 0.00482591 0.00225776
2.79788 0.00510648 0.00229195
2.92689 0.00540443 0.00232665
3.06185 0.00572083 0.00236187
3.20304 0.00605684 0.00239763
3.35074 0.00641366 0.00243393
3.50524 0.00679259 0.00247078
3.66688 0.00719499 0.00250819
3.83596 0.00762232 0.00254616
4.01284 0.00807613 0.00258471
4.19788 0.00855804 0.00262385
4.39145 0.00906982 0.00266357
4.59395 0.00961329 0.0027039
4.80578 0.0101904 0.00274483
5.02738 0.0108033 0.00278639
5.2592 0.0114542 0.00282858
5.50171 0.0121454 0.0028714
5.7554 0.0128794 0.00291488
6.02079 0.0136589 0.00295901
6.29841 0.0144866 0.00300381
6.58884 0.0153657 0.00304928
6.89266 0.0162992 0.00309545
7.21049 0.0172905 0.00314232
7.54298 0.0183433 0.00318989
7.8908 0.0194612 0.00323819
8.25465 0.0206484 0.00328721
8.63529 0.0219092 0.00333698
9.03347 0.0232481 0.0033875
9.45002 0.0246699 0.00343879
9.88577 0.0261798 0.00349085
10.3416 0.0277832 0.00354371
10.8185 0.029486 0.00359736
11.3173 0.0312942 0.00365182
11.8392 0.0332145 0.00370711
12.3851 0.0352537 0.00376324
12.9562 0.0374193 0.00382021
13.5536 0.039719 0.00387805
14.1786 0.0421611 0.00393677
14.8324 0.0447546 0.00399637
15.5164 0.0475087 0.00405687
16.2318 0.0504335 0.00411829
16.9803 0.0535394 0.00418065
17.7633 0.0568378 0.00424394
18.5824 0.0603405 0.0043082
19.4392 0.0640601 0.00437342
20.3356 0.0680102 0.00443964
21.2733 0.072205 0.00450685
22.2543 0.0766597 0.00457509
23.2804 0.0813904 0.00464435
24.3539 0.0864141 0.00471467
25.4769 0.091749 0.00478605
26.6517 0.0974144 0.00485851
27.8806 0.103431 0.00493207
29.1662 0.10982 0.00500674
30.5111 0.116605 0.00508254
31.9181 0.12381 0.00515949
33.3898 0.131462 0.00523761
34.9295 0.139587 0.00531691
36.5401 0.148216 0.0053974
38.225 0.15738 0.00547912
39.9877 0.167111 0.00556208
41.8315 0.177445 0.00564629
43.7605 0.188419 0.00573177
45.7783 0.200073 0.00581855
47.8892 0.212449 0.00590664
50.0974 0.225592 0.00599607
52.4075 0.239549 0.00608685
54.8241 0.254371 0.00617901
57.3521 0.27011 0.00627256
59.9967 0.286825 0.00636752
62.7632 0.304575 0.00646393
65.6573 0.323425 0.00656179
68.6849 0.343443 0.00666114
71.852 0.364701 0.00676199
75.1652 0.387275 0.00686552
75.1652 0.387275 0.00686451
75.6528 0.390662 0.00702746
76.1436 0.394152 0.00719289
76.6376 0.397747 0.00736083
77.1348 0.401449 0.00753135
77.6352 0.405261 0.00770447
78.1388 0.409185 0.00788025
78.6457 0.413225 0.00805874
79.1559 0.417383 0.00823998
79.6694 0.421661 0.00842403
80.1863 0.426064 0.00861093
80.7065 0.430592 0.00880073
81.23 0.435251 0.00899349
81.757 0.440042 0.00918926
82.2874 0.444968 0.0093881
82.8212 0.450034 0.00959005
83.3585 0.455241 0.00979518
83.8993 0.460595 0.0100035
84.4436 0.466097 0.0102152
84.9914 0.471752 0.0104302
85.5428 0.477563 0.0106486
86.0977 0.483534 0.0108705
86.6563 0.489669 0.011096
87.2184 0.495971 0.011325
87.7842 0.502445 0.0115577
88.3537 0.509094 0.0117942
88.9269 0.515923 0.0120344
89.5038 0.522936 0.0122785
90.0845 0.530138 0.0125266
90.6689 0.537532 0.0127787
91.2571 0.545124 0.0130349
91.8491 0.552918 0.0132953
92.4449 0.560919 0.0135599
93.0447 0.569131 0.0138288
93.6483 0.577561 0.0141021
94.2558 0.586213 0.0143799
94.8673 0.595092 0.0146623
95.4827 0.604204 0.0149494
96.1021 0.613555 0.0152411
96.7256 0.623149 0.0155378
97.3531 0.632994 0.0158393
97.9847 0.643094 0.0161458
98.6203 0.653456 0.0164575
99.2601 0.664087 0.0167743
99.904 0.674992 0.0170965
100.552 0.686179 0.017424
101.204 0.697653 0.017757
101.861 0.709423 0.0180957
102.522 0.721495 0.01844
103.187 0.733875 0.0187902
103.856 0.746573 0.0191463
104.53 0.759595 0.0195084
105.208 0.772949 0.0198766
105.891 0.786643 0.0202512
106.578 0.800685 0.0206321
107.269 0.815084 0.0210195
107.965 0.829849 0.0214135
108.665 0.844987 0.0218143
109.37 0.860509 0.0222219
110.08 0.876423 0.0226366
110.794 0.892739 0.0230583
111.513 0.909466 0.0234874
112.236 0.926616 0.0239239
112.964 0.944197 0.0243679
113.697 0.96222 0.0248196
114.435 0.980696 0.0252791
115.177 0.999636 0.0257466
115.924 1.01905 0.0262223
116.676 1.03895 0.0267062
117.433 1.05935 0.0271986
118.195 1.08027 0.0276996
118.962 1.1017 0.0282093
119.734 1.12367 0.028728
120.51 1.14619 0.0292557
121.292 1.16927 0.0297927
122.079 1.19293 0.0303392
122.871 1.21718 0.0308953
123.668 1.24203 0.0314612
124.47 1.2675 0.032037
125.278 1.29361 0.0326231
126.091 1.32036 0.0332194
126.909 1.34779 0.0338264
127.732 1.37589 0.034444
128.561 1.40469 0.0350727
129.395 1.43421 0.0357124
130.234 1.46446 0.0363636
131.079 1.49546 0.0370263
131.929 1.52724 0.0377007
132.785 1.5598 0.0383872
133.646 1.59317 0.0390859
134.513 1.62736 0.0397971
135.386 1.66241 0.0405209
136.264 1.69832 0.0412576
137.148 1.73512 0.0420075
138.038 1.77284 0.0427707
138.934 1.81149 0.0435476
139.835 1.85109 0.0443383
140.742 1.89168 0.0451432
141.655 1.93327 0.0459624
142.574 1.97589 0.0467963
143.499 2.01957 0.0476451
144.43 2.06432 0.048509
145.367 2.11019 0.0493884
146.31 2.15718 0.0502835
147.259 2.20534 0.0511945
148.215 2.25469 0.0521219
149.176 2.30526 0.0530657
150.144 2.35708 0.0540265
151.118 2.41018 0.0550043
152.098 2.4646 0.0559996
153.085 2.52035 0.0570126
154.078 2.57748 0.0580437
155.078 2.63603 0.0590931
156.084 2.69601 0.0601612
157.096 2.75748 0.0612482
158.115 2.82047 0.0623545
159.141 2.885 0.0634804
160.173 2.95113 0.0646262
161.213 3.01889 0.0657923
162.258 3.08832 0.066979
163.311 3.15946 0.0681866
164.37 3.23235 0.0694154
165.437 3.30704 0.0706659
166.51 3.38356 0.0719383
167.59 3.46197 0.0732329
168.678 3.54231 0.0745502
169.772 3.62462 0.0758905
170.873 3.70895 0.0772541
171.982 3.79536 0.0786413
173.097 3.88389 0.0800526
174.22 3.97459 0.0814883
175.351 4.06751 0.0829487
176.488 4.16272 0.0844342
177.633 4.26025 0.0859452
178.785 4.36018 0.087482
179.945 4.46255 0.0890449
181.113 4.56743 0.0906343
182.288 4.67487 0.0922507
183.47 4.78493 0.0938942
184.66 4.89768 0.0955654
185.858 5.01318 0.0972645
187.064 5.1315 0.0989918
188.278 5.2527 0.100748
189.499 5.37684 0.102533
190.728 5.50401 0.104347
191.966 5.63426 0.106191
193.211 5.76767 0.108065
194.464 5.90431 0.109969
195.726 6.04427 0.111904
196.996 6.1876 0.11387
198.274 6.3344 0.115867
199.56 6.48474 0.117895
200.855 6.63871 0.119955
202.158 6.79637 0.122048
203.469 6.95783 0.124173
204.789 7.12316 0.12633
206.118 7.29245 0.128521
207.455 7.46579 0.130744
208.801 7.64327 0.133001
210.155 7.82497 0.135291
211.519 8.01101 0.137615
212.891 8.20146 0.139973
214.272 8.39643 0.142365
215.662 8.59601 0.144792
217.061 8.80031 0.147252
218.469 9.00942 0.149748
219.886 9.22345 0.152277
221.313 9.4425 0.154842
222.749 9.66667 0.15744
224.194 9.89609 0.160074
225.648 10.1308 0.162742
227.112 10.3711 0.165445
228.585 10.6168 0.168182
230.068 10.8683 0.170953
231.561 11.1255 0.173759
233.063 11.3887 0.176599
234.575 11.6579 0.179473
236.097 11.9332 0.18238
237.628 12.2148 0.185321
239.17 12.5028 0.188295
240.722 12.7973 0.191301
242.283 13.0984 0.19434
243.855 13.4062 0.197411
245.437 13.721 0.200513
247.029 14.0428 0.203645
248.632 14.3716 0.206808
250.245 14.7078 0.21
251.868 15.0513 0.213222
253.502 15.4024 0.216471
255.147 15.7611 0.219748
256.802 16.1275 0.223051
258.468 16.5019 0.226379
260.145 16.8843 0.229732
261.832 17.2749 0.233108
263.531 17.6737 0.236507
265.24 18.081 0.239926
266.961 18.4968 0.243366
268.693 18.9212 0.246824
270.436 19.3545 0.250299
272.191 19.7967 0.253789
273.956 20.2479 0.257294
275.734 20.7083 0.260811
277.522 21.178 0.264339
279.323 21.6571 0.267875
281.135 22.1457 0.271419
282.959 22.644 0.274967
284.794 23.152 0.278518
286.642 23.6699 0.282071
288.501 24.1977 0.285621
290.373 24.7356 0.289168
292.257 25.2836 0.292709
294.153 25.8419 0.296241
296.061 26.4106 0.299762
297.982 26.9897 0.303269
299.915 27.5793 0.306759
301.86 28.1796 0.31023
303.819 28.7905 0.313678
305.79 29.4121 0.3171
307.773 30.0445 0.320494
309.77 30.6878 0.323856
311.78 31.3419 0.327183
313.802 32.007 0.330471
315.838 32.6831 0.333717
317.887 33.3701 0.336917
319.949 34.0682 0.340068
322.025 34.7773 0.343166
324.114 35.4973 0.346207
326.217 36.2284 0.349187
328.333 36.9705 0.352103
330.463 37.7235 0.35495
332.607 38.4874 0.357725
334.764 39.2622 0.360422
336.936 40.0478 0.363039
339.122 40.8441 0.365571
341.322 41.651 0.368013
343.536 42.4685 0.370362
345.765 43.2964 0.372612
348.008 44.1347 0.37476
350.266 44.983 0.376802
352.538 45.8414 0.378733
354.825 46.7097 0.380548
357.127 47.5876 0.382244
359.444 48.475 0.383815
361.776 49.3717 0.385259
364.123 50.2774 0.38657
366.485 51.192 0.387745
368.862 52.1151 0.388778
371.255 53.0465 0.389668
373.664 53.9858 0.390408
376.088 54.9329 0.390996
378.528 55.8874 0.391428
380.983 56.849 0.3917
383.455 57.8172 0.391808
385.942 58.7918 0.39175
388.446 59.7724 0.391521
390.966 60.7585 0.39112
393.502 61.7498 0.390543
396.055 62.7458 0.389788
398.625 63.7461 0.388852
401.211 64.7502 0.387733
403.813 65.7577 0.386429
406.433 66.7681 0.384938
409.07 67.7808 0.383259
411.724 68.7954 0.38139
414.395 69.8114 0.379332
417.083 70.8281 0.377082
419.789 71.8451 0.374642
422.512 72.8618 0.37201
425.253 73.8776 0.369188
428.012 74.8919 0.366176
430.788 75.9042 0.362974
433.583 76.9139 0.359586
436.396 77.9203 0.356011
439.227 78.9229 0.352252
442.076 79.921 0.348313
444.944 80.914 0.344195
447.831 81.9013 0.339901
450.736 82.8823 0.335437
453.66 83.8564 0.330804
456.603 84.8229 0.326009
459.565 85.7813 0.321055
462.547 86.7309 0.315948
465.547 87.671 0.310694
468.567 88.6012 0.305297
471.607 89.5209 0.299765
474.667 90.4293 0.294103
477.746 91.3261 0.288319
480.845 92.2105 0.28242
483.965 93.0821 0.276414
487.104 93.9404 0.270307
490.264 94.7848 0.264108
493.445 95.6148 0.257826
496.646 96.4299 0.251469
499.868 97.2298 0.245045
503.111 98.0139 0.238563
506.375 98.7819 0.232033
509.66 99.5334 0.225464
512.966 100.268 0.218865
516.294 100.985 0.212244
519.643 101.685 0.205613
523.014 102.367 0.198979
526.407 103.031 0.192353
529.822 103.676 0.185743
533.26 104.304 0.179159
536.719 104.912 0.172611
540.201 105.502 0.166106
543.705 106.073 0.159655
547.233 106.624 0.153265
550.783 107.157 0.146946
554.356 107.671 0.140705
557.952 108.166 0.13455
561.572 108.642 0.128488
565.215 109.099 0.122528
568.882 109.538 0.116676
572.572 109.958 0.110938
576.287 110.36 0.105321
580.025 110.743 0.0998298
583.788 111.109 0.0944704
587.575 111.457 0.0892474
591.387 111.787 0.084165
595.224 112.101 0.0792273
599.085 112.397 0.0744374
602.971 112.677 0.0697985
606.883 112.942 0.0653128
610.82 113.19 0.0609824
614.783 113.424 0.0568086
618.771 113.642 0.0527924
622.785 113.846 0.0489344
626.826 114.037 0.0452344
630.892 114.213 0.0416921
634.985 114.377 0.0383066
639.104 114.528 0.0350766
643.25 114.667 0.0320004
647.423 114.795 0.0290759
651.623 114.911 0.0263006
655.851 115.017 0.0236717
660.105 115.112 0.0211862
664.388 115.198 0.0188406
668.698 115.274 0.0166313
673.036 115.342 0.0145542
677.402 115.401 0.0126054
681.797 115.453 0.0107805
686.22 115.497 0.00907503
690.671 115.533 0.00748442
695.152 115.564 0.00600397
699.662 115.588 0.00462892
704.201 115.606 0.00335446
708.769 115.618 0.00217576
713.367 115.626 0.00108797
717.995 115.629 8.62903e-05
722.653 115.629 0
727.341 115.629 0
732.06 115.629 0
736.809 115.629 0
741.589 115.629 0
746.4 115.629 0
751.242 115.629 0
756.115 115.629 0
761.021 115.629 0
765.958 115.629 0
770.927 115.629 0
775.928 115.629 0
780.962 115.629 0
786.028 115.629 0
791.127 115.629 0
796.26 115.629 0
801.425 115.629 0
806.624 115.629 0
811.857 115.629 0
817.124 115.629 0
822.425 115.629 0
827.76 115.629 0
833.13 115.629 0
838.535 115.629 0
843.975 115.629 0
849.45 115.629 0
854.961 115.629 0
860.507 115.629 0
866.09 115.629 0
871.708 115.629 0
877.363 115.629 0
883.055 115.629 0
888.784 115.629 0
894.55 115.629 0
900.353 115.629 0
906.194 115.629 0
912.073 115.629 0
917.99 115.629 0
923.945 115.629 0
929.939 115.629 0
935.972 115.629 0
942.044 115.629 0
948.155 115.629 0
954.306 115.629 0
960.497 115.629 0
966.728 115.629 0
973 115.629 0
979.312 115.629 0
985.665 115.629 0
992.059 115.629 0
998.495 115.629 0
1004.97 115.629 0
1011.49 115.629 0
1018.05 115.629 0
1024.66 115.629 0
1031.31 115.629 0
1038 115.629 0
1044.73 115.629 0
1051.51 115.629 0
1058.33 115.629 0
1065.2 115.629 0
1072.11 115.629 0
1079.06 115.629 0
1086.06 115.629 0
1093.11 115.629 0
1100.2 115.629 0
1107.34 115.629 0
1114.52 115.629 0
1121.75 115.629 0
1129.03 115.629 0
1136.35 115.629 0
1143.72 115.629 0
1151.14 115.629 0
1158.61 115.629 0
1166.13 115.629 0
1173.69 115.629 0
1181.31 115.629 0
1188.97 115.629 0
1196.68 115.629 0
1204.45 115.629 0
1212.26 115.629 0
1220.12 115.629 0
1228.04 115.629 0
1236.01 115.629 0
1244.02 115.629 0
1252.09 115.629 0
1260.22 115.629 0
1268.39 115.629 0
1276.62 115.629 0
1284.9 115.629 0
1293.24 115.629 0
1301.63 115.629 0
1310.07 115.629 0
1318.57 115.629 0
1327.13 115.629 0
1335.74 115.629 0
1344.4 115.629 0
1353.12 115.629 0
1361.9 115.629 0
1370.74 115.629 0
1379.63 115.629 0
1388.58 115.629 0
1397.59 115.629 0
1406.65 115.629 0
1415.78 115.629 0
1424.96 115.629 0
1434.21 115.629 0
1443.51 115.629 0
1452.88 115.629 0
1462.3 115.629 0
1471.79 115.629 0
1481.34 115.629 0
1490.95 115.629 0
1500.62 115.629 0
1510.35 115.629 0
1520.15 115.629 0
1530.01 115.629 0
1539.94 115.629 0
1549.93 115.629 0
1559.98 115.629 0
1570.1 115.629 0
1580.29 115.629 0
1590.54 115.629 0
1600.86 115.629 0
1611.25 115.629 0
1621.7 115.629 0
1632.22 115.629 0
1642.81 115.629 0
1653.47 115.629 0
1664.19 115.629 0
1674.99 115.629 0
1685.85 115.629 0
1696.79 115.629 0
1707.8 115.629 0
1718.88 115.629 0
1730.03 115.629 0
1741.25 115.629 0
1752.55 115.629 0
1763.92 115.629 0
1775.36 115.629 0
1786.88 115.629 0
1798.47 115.629 0
1810.14 115.629 0
1821.88 115.629 0
1833.7 115.629 0
1845.6 115.629 0
1857.57 115.629 0
1869.62 115.629 0
1881.75 115.629 0
1893.96 115.629 0
1906.24 115.629 0
1918.61 115.629 0
1931.06 115.629 0
1943.58 115.629 0
1956.19 115.629 0
1968.88 115.629 0
1981.66 115.629 0
1994.51 115.629 0
2007.45 115.629 0
2020.47 115.629 0
2033.58 115.629 0
2046.77 115.629 0
2060.05 115.629 0
2073.42 115.629 0
2086.87 115.629 0
2100.41 115.629 0
2114.03 115.629 0
2127.75 115.629 0
2141.55 115.629 0
2155.44 115.629 0
2169.43 115.629 0
2183.5 115.629 0
2197.66 115.629 0
2211.92 115.629 0
2226.27 115.629 0
2240.71 115.629 0
2255.25 115.629 0
2269.88 115.629 0
2284.61 115.629 0
2299.43 115.629 0
2314.34 115.629 0
2329.36 115.629 0
2344.47 115.629 0
2359.68 115.629 0
2374.99 115.629 0
2390.39 115.629 0
2405.9 115.629 0
2421.51 115.629 0
2437.22 115.629 0
2453.03 115.629 0
2468.94 115.629 0
2484.96 115.629 0
2501.08 115.629 0
2517.31 115.629 0
2533.64 115.629 0
2550.07 115.629 0
2566.62 115.629 0
2583.27 115.629 0
2600.03 115.629 0
2616.89 115.629 0
2633.87 115.629 0
2650.96 115.629 0
2668.15 115.629 0
2685.46 115.629 0
2702.89 115.629 0
2720.42 115.629 0
2738.07 115.629 0
2755.83 115.629 0
2773.71 115.629 0
2791.7 115.629 0
2809.81 115.629 0
2828.04 115.629 0
2846.39 115.629 0
2864.85 115.629 0
2883.44 115.629 0
2902.15 115.629 0
2920.97 115.629 0
2939.92 115.629 0
2958.99 115.629 0
2978.19 115.629 0
2997.51 115.629 0
3016.96 115.629 0
3036.53 115.629 0
3056.23 115.629 0
3076.05 115.629 0
3096.01 115.629 0
3116.1 115.629 0
3136.31 115.629 0
3156.66 115.634 0.000537172
3177.14 115.659 0.00190888
3197.75 115.715 0.00348518
3218.49 115.806 0.00529737
3239.37 115.938 0.00738152
3260.39 116.119 0.00977915
3281.54 116.355 0.0125379
3302.83 116.655 0.0157127
3324.25 117.031 0.0193659
3345.82 117.494 0.0235692
3367.52 118.058 0.0284036
3389.37 118.739 0.0339612
3411.36 119.556 0.0403454
3433.49 120.53 0.0476719
3455.76 121.686 0.0560691
3478.18 123.05 0.0656777
3500.75 124.656 0.0766507
3523.46 126.539 0.0891512
3546.31 128.739 0.10335
3569.32 131.301 0.119422
3592.48 134.277 0.137541
3615.78 137.719 0.157868
3639.24 141.688 0.180548
3662.85 146.247 0.205694
3686.61 151.464 0.233375
3710.53 157.407 0.263602
3734.6 164.146 0.296316
3758.82 171.75 0.331373
3783.21 180.283 0.368541
3807.75 189.806 0.407496
3832.45 200.371 0.447825
3857.32 212.017 0.489043
3882.34 224.775 0.530614
3907.53 238.66 0.571973
3932.88 253.674 0.612563
3958.39 269.804 0.651857
3984.07 287.025 0.689391
4009.92 305.3 0.724784
4035.93 324.584 0.757745
4062.11 344.82 0.788083
4088.47 365.952 0.815703
4114.99 387.917 0.840592
4141.68 410.654 0.862811
4168.55 434.101 0.882478
4195.6 458.199 0.899751
4222.81 482.894 0.914815
4250.21 508.134 0.927869
4277.78 533.873 0.939119
4305.53 560.068 0.948764
4333.46 586.684 0.956995
4361.58 613.686 0.963992
4389.87 641.046 0.969917
4418.35 668.739 0.974917
4447.01 696.744 0.979125
4475.86 725.042 0.982657
4504.9 753.618 0.985613
4534.12 782.458 0.988081
4563.54 811.552 0.990138
4593.14 840.891 0.991849
4622.94 870.466 0.993269
4652.93 900.273 0.994445
4683.12 930.305 0.995418
4713.5 960.559 0.996222
4744.08 991.032 0.996884
4774.85 1021.72 0.99743
4805.83 1052.62 0.997878
4837.01 1083.74 0.998245
4868.39 1115.07 0.998547
4899.97 1146.61 0.998793
4931.76 1178.36 0.998995
4963.75 1210.33 0.999159
4995.95 1242.51 0.999293
5028.36 1274.89 0.999402
5060.98 1307.5 0.999491
5093.82 1340.31 0.999562
5126.86 1373.35 0.999621
5160.12 1406.59 0.999668
5193.6 1440.06 0.999706
5227.29 1473.74 0.999736
5261.2 1507.64 0.999761
5295.33 1541.77 0.999781
5329.68 1576.11 0.999797
5364.26 1610.68 0.99981
5399.06 1645.48 0.99982
5434.09 1680.5 0.999828
5469.34 1715.74 0.999835
5504.82 1751.22 0.99984
5540.53 1786.92 0.999844
5576.48 1822.86 0.999847
5612.65 1859.03 0.99985
5649.06 1895.44 0.999852
5685.71 1932.08 0.999854
5722.6 1968.96 0.999855
5759.72 2006.08 0.999856
5797.09 2043.44 0.999857
5834.69 2081.04 0.999857
5872.55 2118.89 0.999858
5910.64 2156.98 0.999858
5948.99 2195.32 0.999858
5987.58 2233.91 0.999859
6026.42 2272.75 0.999859
6065.52 2311.84 0.999859
6104.87 2351.18 0.999859
6144.47 2390.78 0.999859
6184.33 2430.63 0.999859
6224.45 2470.75 0.999859
6264.83 2511.12 0.999859
6305.48 2551.76 0.999859
6346.38 2592.66 0.999859
6387.55 2633.82 0.999859
6428.99 2675.26 0.999859
6470.7 2716.96 0.999859
6512.68 2758.93 0.999859
6554.93 2801.17 0.999859
6597.45 2843.69 0.999859
6640.25 2886.49 0.999859
6683.33 2929.56 0.999859
6726.69 2972.91 0.999859
6770.32 3016.54 0.999859
6814.25 3060.46 0.99986
6858.45 3104.66 0.99986
6902.95 3149.14 0.99986
6947.73 3193.92 0.99986
6992.8 3238.99 0.99986
7038.16 3284.34 0.99986
7083.82 3330 0.99986
7129.78 3375.95 0.99986
7176.03 3422.19 0.99986
7222.59 3468.74 0.99986
7269.44 3515.59 0.99986
7316.6 3562.74 0.99986
7364.07 3610.2 0.99986
7411.84 3657.97 0.99986
7459.92 3706.04 0.99986
7508.32 3754.43 0.99986
7557.03 3803.13 0.99986
7606.05 3852.15 0.99986
7655.39 3901.49 0.99986
7705.06 3951.14 0.99986
7755.04 4001.12 0.99986
7805.35 4051.42 0.99986
7855.99 4102.05 0.99986
7906.95 4153.01 0.99986
7958.25 4204.3 0.99986
8009.88 4255.92 0.99986
8061.84 4307.88 0.99986
8114.14 4360.17 0.99986
8166.78 4412.8 0.99986
8219.76 4465.77 0.99986
8273.08 4519.09 0.99986
8326.76 4572.75 0.99986
8380.77 4626.76 0.99986
8435.14 4681.13 0.99986
8489.86 4735.84 0.99986
8544.94 4790.91 0.99986
8600.38 4846.34 0.99986
8656.17 4902.12 0.99986
8712.32 4958.27 0.99986
8768.84 5014.78 0.99986
8825.73 5071.66 0.99986
8882.99 5128.91 0.99986
8940.61 5186.53 0.99986
8998.61 5244.52 0.99986
9056.99 5302.89 0.99986
9115.75 5361.64 0.99986
9174.89 5420.76 0.99986
9234.41 5480.28 0.99986
9294.31 5540.18 0.99986
9354.61 5600.46 0.99986
9415.29 5661.14 0.99986
9476.38 5722.21 0.99986
9537.85 5783.68 0.99986
9599.73 5845.55 0.99986
9662 5907.81 0.99986
9724.68 5970.49 0.99986
9787.77 6033.57 0.99986
9851.27 6097.05 0.99986
9915.18 6160.95 0.99986
9979.5 6225.27 0.99986
10044.2 6290 0.99986
10109.4 6355.15 0.99986
10175 6420.72 0.99986
10241 6486.72 0.99986
10307.4 6553.15 0.99986
10374.3 6620.01 0.99986
10441.6 6687.3 0.99986
10509.3 6755.03 0.99986
10577.5 6823.2 0.99986
10646.1 6891.81 0.99986
10715.2 6960.87 0.99986
10784.7 7030.37 0.99986
10854.7 7100.32 0.99986
10925.1 7170.73 0.99986
10996 7241.6 0.99986
11067.3 7312.92 0.99986
11139.1 7384.71 0.99986
11211.4 7456.96 0.99986
11284.1 7529.68 0.99986
11357.3 7602.88 0.99986
11431 7676.55 0.99986
11505.1 7750.69 0.99986
11579.8 7825.32 0.99986
11654.9 7900.43 0.99986
11730.5 7976.03 0.99986
11806.6 8052.12 0.99986
11883.2 8128.7 0.99986
11960.3 8205.78 0.99986
12037.9 8283.36 0.99986
12116 8361.45 0.99986
12194.6 8440.03 0.99986
12273.7 8519.13 0.99986
12353.3 8598.75 0.99986
12433.5 8678.88 0.99986
12514.1 8759.52 0.99986
12595.3 8840.7 0.99986
12677 8922.4 0.99986
12759.2 9004.62 0.99986
12842 9087.39 0.99986
12925.3 9170.69 0.99986
13009.2 9254.52 0.99986
13093.6 9338.91 0.99986
13178.5 9423.84 0.99986
13264 9509.32 0.99986
13350.1 9595.36 0.99986
13436.7 9681.95 0.99986
13523.8 9769.11 0.99986
13611.6 9856.83 0.99986
13699.9 9945.12 0.99986
13788.8 10034 0.99986
13878.2 10123.4 0.99986
13968.2 10213.4 0.99986
14058.9 10304 0.99986
14150.1 10395.2 0.99986
14241.9 10487 0.99986
14334.2 10579.4 0.99986
14427.2 10672.4 0.99986
14520.8 10766 0.99986
14615 10860.2 0.99986
14709.8 10955 0.99986
14805.3 11050.4 0.99986
14901.3 11146.4 0.99986
14998 11243.1 0.99986
15095.3 11340.3 0.99986
15193.2 11438.3 0.99986
15291.8 11536.8 0.99986
15391 11636 0.99986
15490.8 11735.8 0.99986
15591.3 11836.3 0.99986
15692.5 11937.4 0.99986
15794.3 12039.2 0.99986
15896.7 12141.7 0.99986
15999.9 12244.8 0.99986
16103.7 12348.6 0.99986
16208.1 12453 0.99986
16313.3 12558.2 0.99986
16419.1 12664 0.99986
16525.6 12770.5 0.99986
16632.8 12877.7 0.99986
16740.7 12985.6 0.99986
16849.3 13094.1 0.99986
16958.7 13203.4 0.99986
17068.7 13313.4 0.99986
17179.4 13424.2 0.99986
17290.8 13535.6 0.99986
17403 13647.7 0.99986
17515.9 13760.6 0.99986
17629.6 13874.2 0.99986
17743.9 13988.6 0.99986
17859 14103.7 0.99986
17974.9 14219.5 0.99986
18091.5 14336.1 0.99986
18208.9 14453.5 0.99986
18327 14571.6 0.99986
18445.9 14690.5 0.99986
18565.5 14810.1 0.99986
18686 14930.5 0.99986
18807.2 15051.7 0.99986
18929.2 15173.7 0.99986
19052 15296.5 0.99986
19175.6 15420.1 0.99986
19300 15544.5 0.99986
19425.2 15669.7 0.99986
19551.2 15795.7 0.99986
19678.1 15922.5 0.99986
19805.7 16050.1 0.99986
19934.2 16178.6 0.99986
20063.5 16307.9 0.99986
20193.7 16438 0.99986
20324.7 16569 0.99986
20456.6 16700.9 0.99986
20589.3 16833.5 0.99986
20722.8 16967.1 0.99986
20857.3 17101.5 0.99986
20992.6 17236.8 0.99986
21128.8 17373 0.99986
21265.8 17510 0.99986
21403.8 17648 0.99986
21542.7 17786.8 0.99986
21682.4 17926.5 0.99986
21823.1 18067.2 0.99986
21964.6 18208.7 0.99986
22107.1 18351.2 0.99986
22250.6 18494.6 0.99986
22394.9 18638.9 0.99986
22540.2 18784.2 0.99986
22686.4 18930.4 0.99986
22833.6 19077.5 0.99986
22981.7 19225.7 0.99986
23130.8 19374.7 0.99986
23280.9 19524.8 0.99986
23431.9 19675.8 0.99986
23583.9 19827.8 0.99986
23736.9 19980.7 0.99986
23890.9 20134.7 0.99986
24045.9 20289.7 0.99986
24201.9 20445.6 0.99986
24358.9 20602.6 0.99986
24516.9 20760.6 0.99986
24676 20919.7 0.99986
24836 21079.7 0.99986
24997.2 21240.8 0.99986
25159.3 21403 0.99986
25322.5 21566.2 0.99986
25486.8 21730.4 0.99986
25652.2 21895.7 0.99986
25818.6 22062.1 0.99986
25986.1 22229.6 0.99986
26154.7 22398.1 0.99986
26324.3 22567.8 0.99986
26495.1 22738.5 0.99986
26667 22910.4 0.99986
26840 23083.4 0.99986
27014.1 23257.5 0.99986
27189.4 23432.7 0.99986
27365.7 23609.1 0.99986
27543.3 23786.6 0.99986
27722 23965.2 0.99986
27901.8 24145 0.99986
28082.8 24326 0.99986
28265 24508.2 0.99986
28448.4 24691.5 0.99986
28632.9 24876.1 0.99986
28818.7 25061.8 0.99986
29005.6 25248.7 0.99986
29193.8 25436.9 0.99986
29383.2 25626.2 0.99986
29573.8 25816.8 0.99986
29765.7 26008.6 0.99986
29958.8 26201.7 0.99986
30153.1 26396 0.99986
30348.7 26591.6 0.99986
30545.6 26788.5 0.99986
30743.8 26986.6 0.99986
30943.2 27186 0.99986
31143.9 27386.7 0.99986
31346 27588.8 0.99986
31549.3 27792.1 0.99986
31754 27996.7 0.99986
31960 28202.7 0.99986
32167.3 28410 0.99986
32376 28618.6 0.99986
32586.1 28828.7 0.99986
32797.5 29040 0.99986
33010.2 29252.8 0.99986
33224.4 29466.9 0.99986
33439.9 29682.4 0.99986
33656.9 29899.3 0.99986
33875.2 30117.6 0.99986
34095 30337.3 0.99986
34316.1 30558.5 0.99986
34538.8 30781.1 0.99986
34762.8 31005.1 0.99986
34988.3 31230.6 0.99986
35215.3 31457.6 0.99986
35443.8 31686 0.99986
35673.7 31915.9 0.99986
35905.1 32147.3 0.99986
36138.1 32380.2 0.99986
36372.5 32614.6 0.99986
36608.5 32850.5 0.99986
36846 33088 0.99986
37085 33327 0.99986
37325.6 33567.5 0.99986
37567.7 33809.6 0.99986
37811.4 34053.3 0.99986
38056.7 34298.6 0.99986
38303.6 34545.4 0.99986
38552.1 34793.9 0.99986
38802.2 35043.9 0.99986
39053.9 35295.6 0.99986
39307.3 35548.9 0.99986
39562.3 35803.9 0.99986
39819 36060.5 0.99986
40077.3 36318.8 0.99986
40337.3 36578.8 0.99986
40599 36840.4 0.99986
40862.3 37103.8 0.99986
41127.4 37368.8 0.99986
41394.2 37635.6 0.99986
41662.8 37904.1 0.99986
41933.1 38174.3 0.99986
42205.1 38446.3 0.99986
42478.9 38720.1 0.99986
42754.5 38995.6 0.99986
43031.8 39272.9 0.99986
43311 39552.1 0.99986
43592 39833 0.99986
43874.8 40115.8 0.99986
44159.4 40400.4 0.99986
44445.9 40686.8 0.99986
44734.2 40975.1 0.99986
45024.4 41265.3 0.99986
45316.5 41557.3 0.99986
45610.5 41851.2 0.99986
45906.4 42147.1 0.99986
46204.2 42444.9 0.99986
46503.9 42744.6 0.99986
46805.6 43046.2 0.99986
47109.3 43349.8 0.99986
47414.9 43655.4 0.99986
47722.5 43962.9 0.99986
48032.1 44272.5 0.99986
48343.7 44584 0.99986
48657.3 44897.6 0.99986
48972.9 45213.2 0.99986
49290.7 45530.9 0.99986
49610.4 45850.6 0.99986
49932.3 46172.4 0.99986
50256.2 46496.3 0.99986
50582.2 46822.3 0.99986
50910.4 47150.4 0.99986
51240.6 47480.6 0.99986
51573.1 47813 0.99986
51907.6 48147.5 0.99986
52244.4 48484.2 0.99986
52583.3 48823.1 0.99986
52924.4 49164.2 0.99986
53267.8 49507.4 0.99986
53613.3 49853 0.99986
53961.1 50200.7 0.99986
54311.2 50550.7 0.99986
54663.5 50903 0.99986
55018.2 51257.6 0.99986
55375.1 51614.5 0.99986
55734.3 51973.7 0.99986
56095.9 52335.2 0.99986
