5.78741e-09 5.95396e-15 4.29514e-06
5.8738e-08 3.33166e-13 8.58285e-06
5.86595e-07 1.45059e-11 3.56977e-05
4.6076e-06 3.38009e-10 8.97843e-05
5.86875e-06 4.61297e-10 0.000114002
2.3369e-05 3.31505e-09 0.000192532
7.39119e-05 1.62978e-08 0.000292274
0.000147358 4.17301e-08 0.000330144
0.000152693 4.34471e-08 0.000292479
0.000165528 4.67976e-08 0.000304172
0.000294481 1.01986e-07 0.000463041
0.000466785 1.89679e-07 0.00054542
0.000739961 3.52227e-07 0.00041641
0.000792747 3.70702e-07 0.000446592
0.000859333 4.13069e-07 0.00055442
0.000931697 4.48502e-07 0.00055104
0.00117285 6.10601e-07 0.000697128
0.00147667 8.31244e-07 0.000750516
0.0017323 1.02935e-06 0.000535855
0.00185963 1.08409e-06 0.000525282
0.00294795 2.00733e-06 0.000908255
0.00467391 3.71532e-06 0.00105104
0.00633042 5.56999e-06 0.00091467
0.0070765 6.16755e-06 0.00093479
0.00933155 8.92099e-06 0.00127133
0.0117504 1.21316e-05 0.00137956
0.0154948 1.7543e-05 0.00122736
0.0177925 2.00421e-05 0.00125466
0.0234638 2.89812e-05 0.00164107
0.0295474 3.94039e-05 0.00177172
0.0354913 5.03041e-05 0.00128079
0.0389653 5.38549e-05 0.00125817
0.0549487 8.51279e-05 0.00191362
0.0590129 9.27925e-05 0.00199187
0.0713035 0.000119369 0.00114686
0.0787306 0.000125461 0.00110854
0.10265 0.000178607 0.00176378
0.112568 0.000193736 0.00180901
0.132297 0.000240204 0.00240921
0.146764 0.000275794 0.00181491
0.15911 0.000293738 0.00177613
0.191354 0.000375514 0.00260957
0.227502 0.000472769 0.000973271
0.245257 0.000484229 0.000805937
0.256566 0.000495831 0.00103354
0.268397 0.000508152 0.00104919
0.280773 0.000521236 0.00106507
0.293719 0.00053513 0.0010812
0.307263 0.000549885 0.00109757
0.321432 0.000565555 0.00111419
0.336253 0.000582195 0.00113106
0.351758 0.000599866 0.00114818
0.367978 0.000618631 0.00116556
0.384946 0.000638559 0.00118321
0.402697 0.000659722 0.00120112
0.421266 0.000682195 0.00121931
0.440691 0.000706061 0.00123777
0.461012 0.000731406 0.00125651
0.48227 0.00075832 0.00127553
0.504508 0.000786902 0.00129484
0.527771 0.000817254 0.00131445
0.552107 0.000849487 0.00133435
0.577566 0.000883717 0.00135455
0.604198 0.000920067 0.00137506
0.632059 0.000958668 0.00139588
0.661204 0.000999662 0.00141701
0.691693 0.00104319 0.00143847
0.723588 0.00108942 0.00146024
0.756953 0.00113852 0.00148235
0.791857 0.00119065 0.00150479
0.828371 0.00124602 0.00152758
0.866568 0.00130481 0.00155071
0.906527 0.00136725 0.00157418
0.948328 0.00143355 0.00159802
0.992057 0.00150396 0.00162221
1.0378 0.00157874 0.00164677
1.08566 0.00165815 0.0016717
1.13572 0.00174247 0.00169701
1.18809 0.00183202 0.00172271
1.24287 0.00192712 0.00174879
1.30018 0.00202811 0.00177526
1.36014 0.00213535 0.00180214
1.42285 0.00224924 0.00182943
1.48846 0.00237018 0.00185712
1.5571 0.00249862 0.00188524
1.6289 0.00263501 0.00191378
1.70401 0.00277985 0.00194276
1.78258 0.00293367 0.00197217
1.86478 0.00309701 0.00200203
1.95077 0.00327047 0.00203234
2.04072 0.00345468 0.00206311
2.13482 0.0036503 0.00209435
2.23326 0.00385804 0.00212606
2.33624 0.00407865 0.00215824
2.44396 0.00431292 0.00219092
2.55666 0.00456171 0.00222409
2.67455 0.00482591 0.00225776
2.79788 0.00510648 0.00229195
2.92689 0.00540443 0.00232665
3.06185 0.00572083 0.00236187
3.20304 0.00605684 0.00239763
3.35074 0.00641366 0.00243393
3.50524 0.00679259 0.00247078
3.66688 0.00719499 0.00250819
3.83596 0.00762232 0.00254616
4.01284 0.00807613 0.00258471
4.19788 0.00855804 0.00262385
4.39145 0.00906982 0.00266357
4.59395 0.00961329 0.0027039
4.80578 0.0101904 0.00274483
5.02738 0.0108033 0.00278639
5.2592 0.0114542 0.00282858
5.50171 0.0121454 0.0028714
5.7554 0.0128794 0.00291488
6.02079 0.0136589 0.00295901
6.29841 0.0144866 0.00300381
6.58884 0.0153657 0.00304928
6.89266 0.0162992 0.00309545
7.21049 0.0172905 0.00314232
7.54298 0.0183433 0.00318989
7.8908 0.0194612 0.00323819
8.25465 0.0206484 0.00328721
8.63529 0.0219092 0.00333698
9.03347 0.0232481 0.0033875
9.45002 0.0246699 0.00343879
9.88577 0.0261798 0.00349085
10.3416 0.0277832 0.00354371
10.8185 0.029486 0.00359736
11.3173 0.0312942 0.00365182
11.8392 0.0332145 0.00370711
12.3851 0.0352537 0.00376324
12.9562 0.0374193 0.00382021
13.5536 0.039719 0.00387805
14.1786 0.0421611 0.00393677
14.8324 0.0447546 0.00399637
15.5164 0.0475087 0.00405687
16.2318 0.0504335 0.00411829
16.9803 0.0535394 0.00418065
17.7633 0.0568378 0.00424394
18.5824 0.0603405 0.0043082
19.4392 0.0640601 0.00437342
20.3356 0.0680102 0.00443964
21.2733 0.072205 0.00450685
22.2543 0.0766597 0.00457509
23.2804 0.0813904 0.00464435
24.3539 0.0864141 0.00471467
25.4769 0.091749 0.00478605
26.6517 0.0974144 0.00485851
27.8806 0.103431 0.00493207
29.1662 0.10982 0.00500674
30.5111 0.116605 0.00508254
31.9181 0.12381 0.00515949
33.3898 0.131462 0.00523761
34.9295 0.139587 0.00531691
36.5401 0.148216 0.0053974
38.225 0.15738 0.00547912
39.9877 0.167111 0.00556208
41.8315 0.177445 0.00564629
43.7605 0.188419 0.00573177
45.7783 0.200073 0.00581855
47.8892 0.212449 0.00590664
50.0974 0.225592 0.00599607
52.4075 0.239549 0.00608685
54.8241 0.254371 0.00617901
57.3521 0.27011 0.00627256
59.9967 0.286825 0.00636752
62.7632 0.304575 0.00646393
65.6573 0.323425 0.00656179
68.6849 0.343443 0.00666114
71.852 0.364701 0.00676199
75.1652 0.387275 0.00686552
75.1652 0.387275 0.00686451
75.6528 0.390648 0.00696806
76.1436 0.394094 0.00707343
76.6376 0.397614 0.00718064
77.1348 0.401211 0.00728975
77.6352 0.404887 0.00740078
78.1388 0.408643 0.00751378
78.6457 0.412481 0.00762879
79.1559 0.416403 0.00774584
79.6694 0.420411 0.00786499
80.1863 0.424507 0.00798628
80.7065 0.428694 0.00810974
81.23 0.432973 0.00823543
81.757 0.437346 0.00836338
82.2874 0.441817 0.00849366
82.8212 0.446386 0.0086263
83.3585 0.451057 0.00876135
83.8993 0.455832 0.00889888
84.4436 0.460714 0.00903892
84.9914 0.465705 0.00918153
85.5428 0.470807 0.00932676
86.0977 0.476024 0.00947468
86.6563 0.481358 0.00962533
87.2184 0.486812 0.00977878
87.7842 0.49239 0.00993508
88.3537 0.498093 0.0100943
88.9269 0.503925 0.0102565
89.5038 0.50989 0.0104217
90.0845 0.51599 0.0105901
90.6689 0.522229 0.0107616
91.2571 0.528611 0.0109363
91.8491 0.535138 0.0111144
92.4449 0.541814 0.0112958
93.0447 0.548644 0.0114807
93.6483 0.555631 0.0116691
94.2558 0.562779 0.0118612
94.8673 0.570091 0.0120569
95.4827 0.577573 0.0122563
96.1021 0.585228 0.0124596
96.7256 0.59306 0.0126669
97.3531 0.601075 0.0128781
97.9847 0.609276 0.0130935
98.6203 0.617669 0.013313
99.2601 0.626258 0.0135368
99.904 0.635048 0.013765
100.552 0.644045 0.0139977
101.204 0.653253 0.0142349
101.861 0.662679 0.0144768
102.522 0.672327 0.0147235
103.187 0.682203 0.014975
103.856 0.692313 0.0152315
104.53 0.702664 0.0154931
105.208 0.71326 0.0157599
105.891 0.72411 0.0160321
106.578 0.735218 0.0163097
107.269 0.746593 0.0165928
107.965 0.75824 0.0168816
108.665 0.770167 0.0171762
109.37 0.782381 0.0174768
110.08 0.79489 0.0177834
110.794 0.807702 0.0180962
111.513 0.820823 0.0184154
112.236 0.834263 0.018741
112.964 0.84803 0.0190733
113.697 0.862132 0.0194123
114.435 0.876578 0.0197582
115.177 0.891377 0.0201113
115.924 0.906538 0.0204715
116.676 0.922072 0.0208392
117.433 0.937988 0.0212144
118.195 0.954295 0.0215974
118.962 0.971005 0.0219883
119.734 0.988129 0.0223872
120.51 1.00568 0.0227944
121.292 1.02366 0.02321
122.079 1.04209 0.0236343
122.871 1.06098 0.0240674
123.668 1.08034 0.0245095
124.47 1.10018 0.0249609
125.278 1.12053 0.0254217
126.091 1.14138 0.0258921
126.909 1.16275 0.0263723
127.732 1.18467 0.0268627
128.561 1.20713 0.0273633
129.395 1.23017 0.0278745
130.234 1.25379 0.0283965
131.079 1.278 0.0289294
131.929 1.30283 0.0294736
132.785 1.3283 0.0300293
133.646 1.35441 0.0305967
134.513 1.38119 0.0311762
135.386 1.40865 0.0317679
136.264 1.43682 0.0323722
137.148 1.46571 0.0329893
138.038 1.49534 0.0336195
138.934 1.52574 0.0342631
139.835 1.55691 0.0349205
140.742 1.5889 0.0355918
141.655 1.62171 0.0362774
142.574 1.65537 0.0369776
143.499 1.6899 0.0376928
144.43 1.72533 0.0384232
145.367 1.76168 0.0391692
146.31 1.79898 0.0399311
147.259 1.83725 0.0407093
148.215 1.87652 0.0415042
149.176 1.91681 0.042316
150.144 1.95817 0.0431452
151.118 2.00061 0.0439921
152.098 2.04416 0.044857
153.085 2.08885 0.0457405
154.078 2.13473 0.0466428
155.078 2.18181 0.0475644
156.084 2.23014 0.0485057
157.096 2.27974 0.0494671
158.115 2.33065 0.050449
159.141 2.38291 0.0514518
160.173 2.43656 0.052476
161.213 2.49163 0.053522
162.258 2.54817 0.0545902
163.311 2.60621 0.0556812
164.37 2.66579 0.0567953
165.437 2.72696 0.0579331
166.51 2.78976 0.059095
167.59 2.85423 0.0602814
168.678 2.92043 0.061493
169.772 2.9884 0.0627301
170.873 3.05818 0.0639933
171.982 3.12983 0.0652831
173.097 3.2034 0.0666
174.22 3.27895 0.0679445
175.351 3.35652 0.0693171
176.488 3.43617 0.0707184
177.633 3.51795 0.0721488
178.785 3.60194 0.0736091
179.945 3.68818 0.0750996
181.113 3.77673 0.0766209
182.288 3.86767 0.0781736
183.47 3.96105 0.0797583
184.66 4.05695 0.0813754
185.858 4.15542 0.0830257
187.064 4.25654 0.0847095
188.278 4.36038 0.0864276
189.499 4.46702 0.0881804
190.728 4.57652 0.0899686
191.966 4.68897 0.0917926
193.211 4.80444 0.0936532
194.464 4.92302 0.0955508
195.726 5.04478 0.097486
196.996 5.16982 0.0994594
198.274 5.29821 0.101472
199.56 5.43005 0.103523
200.855 5.56543 0.105614
202.158 5.70443 0.107746
203.469 5.84716 0.109919
204.789 5.99371 0.112133
206.118 6.14418 0.114389
207.455 6.29868 0.116688
208.801 6.4573 0.11903
210.155 6.62015 0.121415
211.519 6.78733 0.123844
212.891 6.95897 0.126318
214.272 7.13517 0.128837
215.662 7.31604 0.131401
217.061 7.50171 0.134011
218.469 7.69228 0.136668
219.886 7.8879 0.13937
221.313 8.08867 0.14212
222.749 8.29472 0.144917
224.194 8.50619 0.147762
225.648 8.7232 0.150654
227.112 8.94589 0.153595
228.585 9.17439 0.156584
230.068 9.40884 0.159621
231.561 9.64939 0.162707
233.063 9.89616 0.165841
234.575 10.1493 0.169025
236.097 10.409 0.172257
237.628 10.6753 0.175537
239.17 10.9485 0.178867
240.722 11.2287 0.182245
242.283 11.5159 0.185671
243.855 11.8105 0.189145
245.437 12.1125 0.192667
247.029 12.4221 0.196236
248.632 12.7395 0.199853
250.245 13.0648 0.203515
251.868 13.3982 0.207224
253.502 13.7399 0.210977
255.147 14.09 0.214775
256.802 14.4486 0.218617
258.468 14.8161 0.222502
260.145 15.1925 0.226428
261.832 15.5779 0.230395
263.531 15.9727 0.234401
265.24 16.3769 0.238446
266.961 16.7907 0.242527
268.693 17.2143 0.246644
270.436 17.6478 0.250795
272.191 18.0915 0.254978
273.956 18.5455 0.259191
275.734 19.0099 0.263433
277.522 19.4849 0.267701
279.323 19.9707 0.271993
281.135 20.4675 0.276307
282.959 20.9754 0.280641
284.794 21.4946 0.284992
286.642 22.0251 0.289357
288.501 22.5673 0.293733
290.373 23.1211 0.298119
292.257 23.6868 0.302509
294.153 24.2646 0.306902
296.061 24.8544 0.311294
297.982 25.4565 0.315682
299.915 26.071 0.320061
301.86 26.698 0.324428
303.819 27.3375 0.328779
305.79 27.9898 0.333111
307.773 28.6549 0.337418
309.77 29.3329 0.341696
311.78 30.0238 0.345941
313.802 30.7278 0.350149
315.838 31.4448 0.354314
317.887 32.175 0.358431
319.949 32.9184 0.362496
322.025 33.675 0.366504
324.114 34.4447 0.370448
326.217 35.2277 0.374324
328.333 36.0239 0.378126
330.463 36.8333 0.381849
332.607 37.6558 0.385486
334.764 38.4914 0.389032
336.936 39.3401 0.392481
339.122 40.2016 0.395827
341.322 41.076 0.399064
343.536 41.9631 0.402186
345.765 42.8628 0.405187
348.008 43.7748 0.408059
350.266 44.6992 0.410799
352.538 45.6356 0.413398
354.825 46.5839 0.415851
357.127 47.5438 0.418152
359.444 48.515 0.420294
361.776 49.4974 0.422271
364.123 50.4906 0.424078
366.485 51.4942 0.425709
368.862 52.5081 0.427156
371.255 53.5317 0.428416
373.664 54.5649 0.429482
376.088 55.607 0.430349
378.528 56.6578 0.431011
380.983 57.7168 0.431464
383.455 58.7834 0.431703
385.942 59.8574 0.431722
388.446 60.938 0.431519
390.966 62.0249 0.431088
393.502 63.1175 0.430426
396.055 64.2151 0.42953
398.625 65.3173 0.428397
401.211 66.4233 0.427023
403.813 67.5327 0.425407
406.433 68.6447 0.423547
409.07 69.7587 0.421441
411.724 70.874 0.419088
414.395 71.9899 0.416488
417.083 73.1057 0.41364
419.789 74.2207 0.410545
422.512 75.3342 0.407204
425.253 76.4454 0.403619
428.012 77.5536 0.39979
430.788 78.6581 0.395721
433.583 79.758 0.391415
436.396 80.8526 0.386876
439.227 81.9411 0.382107
442.076 83.0227 0.377113
444.944 84.0968 0.3719
447.831 85.1625 0.366474
450.736 86.219 0.36084
453.66 87.2656 0.355006
456.603 88.3015 0.348979
459.565 89.326 0.342768
462.547 90.3384 0.33638
465.547 91.338 0.329825
468.567 92.324 0.323113
471.607 93.2957 0.316253
474.667 94.2526 0.309255
477.746 95.1939 0.302131
480.845 96.1191 0.294891
483.965 97.0275 0.287547
487.104 97.9186 0.280111
490.264 98.7919 0.272595
493.445 99.6469 0.265011
496.646 100.483 0.257371
499.868 101.3 0.249689
503.111 102.097 0.241976
506.375 102.874 0.234246
509.66 103.631 0.226511
512.966 104.367 0.218785
516.294 105.082 0.211079
519.643 105.777 0.203406
523.014 106.449 0.195779
526.407 107.101 0.188209
529.822 107.731 0.180709
533.26 108.339 0.17329
536.719 108.926 0.165963
540.201 109.491 0.158739
543.705 110.035 0.151628
547.233 110.558 0.144641
550.783 111.059 0.137786
554.356 111.539 0.131072
557.952 111.999 0.124507
561.572 112.438 0.1181
565.215 112.857 0.111856
568.882 113.256 0.105783
572.572 113.635 0.0998856
576.287 113.996 0.094169
580.025 114.337 0.0886374
583.788 114.661 0.0832946
587.575 114.967 0.0781433
591.387 115.255 0.0731857
595.224 115.527 0.0684233
599.085 115.782 0.0638569
602.971 116.022 0.0594867
606.883 116.246 0.0553123
610.82 116.456 0.0513324
614.783 116.652 0.0475455
618.771 116.834 0.0439492
622.785 117.004 0.0405407
626.826 117.161 0.0373167
630.892 117.307 0.0342735
634.985 117.441 0.0314068
639.104 117.565 0.0287121
643.25 117.679 0.0261843
647.423 117.783 0.0238182
651.623 117.879 0.0216083
655.851 117.966 0.0195488
660.105 118.045 0.0176336
664.388 118.116 0.0158568
668.698 118.181 0.0142121
673.036 118.24 0.0126931
677.402 118.292 0.0112936
681.797 118.339 0.0100073
686.22 118.38 0.0088277
690.671 118.417 0.00774874
695.152 118.45 0.00676423
699.662 118.478 0.00586815
704.201 118.503 0.00505465
708.769 118.525 0.004318
713.367 118.543 0.0036527
717.995 118.558 0.00305342
722.653 118.571 0.00251506
727.341 118.582 0.00203275
732.06 118.591 0.00160185
736.809 118.597 0.00121794
741.589 118.602 0.000876883
746.4 118.606 0.000574762
751.242 118.608 0.000307915
756.115 118.609 7.29214e-05
761.021 118.609 0
765.958 118.609 0
770.927 118.609 0
775.928 118.609 0
780.962 118.609 0
786.028 118.609 0
791.127 118.609 0
796.26 118.609 0
801.425 118.609 0
806.624 118.609 0
811.857 118.609 0
817.124 118.609 0
822.425 118.609 0
827.76 118.609 0
833.13 118.609 0
838.535 118.609 0
843.975 118.609 0
849.45 118.609 0
854.961 118.609 0
860.507 118.609 0
866.09 118.609 0
871.708 118.609 0
877.363 118.609 0
883.055 118.609 0
888.784 118.609 0
894.55 118.609 0
900.353 118.609 0
906.194 118.609 0
912.073 118.609 0
917.99 118.609 0
923.945 118.609 0
929.939 118.609 0
935.972 118.609 0
942.044 118.609 0
948.155 118.609 0
954.306 118.609 0
960.497 118.609 0
966.728 118.609 0
973 118.609 0
979.312 118.609 0
985.665 118.609 0
992.059 118.609 0
998.495 118.609 0
1004.97 118.609 0
1011.49 118.609 0
1018.05 118.609 0
1024.66 118.609 0
1031.31 118.609 0
1038 118.609 0
1044.73 118.609 0
1051.51 118.609 0
1058.33 118.609 0
1065.2 118.609 0
1072.11 118.609 0
1079.06 118.609 0
1086.06 118.609 0
1093.11 118.609 0
1100.2 118.609 0
1107.34 118.609 0
1114.52 118.609 0
1121.75 118.609 0
1129.03 118.609 0
1136.35 118.609 0
1143.72 118.609 0
1151.14 118.609 0
1158.61 118.609 0
1166.13 118.609 0
1173.69 118.609 0
1181.31 118.609 0
1188.97 118.609 0
1196.68 118.609 0
1204.45 118.609 0
1212.26 118.609 0
1220.12 118.609 0
1228.04 118.609 0
1236.01 118.609 0
1244.02 118.609 0
1252.09 118.609 0
1260.22 118.609 0
1268.39 118.609 0
1276.62 118.609 0
1284.9 118.609 0
1293.24 118.609 0
1301.63 118.609 0
1310.07 118.609 0
1318.57 118.609 0
1327.13 118.609 0
1335.74 118.609 0
1344.4 118.609 0
1353.12 118.609 0
1361.9 118.609 0
1370.74 118.609 0
1379.63 118.609 0
1388.58 118.609 0
1397.59 118.609 0
1406.65 118.609 0
1415.78 118.609 0
1424.96 118.609 0
1434.21 118.609 0
1443.51 118.609 0
1452.88 118.609 0
1462.3 118.609 0
1471.79 118.609 0
1481.34 118.609 0
1490.95 118.609 0
1500.62 118.609 0
1510.35 118.609 0
1520.15 118.609 0
1530.01 118.609 0
1539.94 118.609 0
1549.93 118.609 0
1559.98 118.609 0
1570.1 118.609 0
1580.29 118.609 0
1590.54 118.609 0
1600.86 118.609 0
1611.25 118.609 0
1621.7 118.609 0
1632.22 118.609 0
1642.81 118.609 0
1653.47 118.609 0
1664.19 118.609 0
1674.99 118.609 0
1685.85 118.609 0
1696.79 118.609 0
1707.8 118.609 0
1718.88 118.609 0
1730.03 118.609 0
1741.25 118.609 0
1752.55 118.609 0
1763.92 118.609 0
1775.36 118.609 0
1786.88 118.609 0
1798.47 118.609 0
1810.14 118.609 0
1821.88 118.609 0
1833.7 118.609 0
1845.6 118.609 0
1857.57 118.609 0
1869.62 118.609 0
1881.75 118.609 0
1893.96 118.609 0
1906.24 118.609 0
1918.61 118.609 0
1931.06 118.609 0
1943.58 118.609 0
1956.19 118.609 0
1968.88 118.609 0
1981.66 118.609 0
1994.51 118.609 0
2007.45 118.609 0
2020.47 118.609 0
2033.58 118.609 0
2046.77 118.609 0
2060.05 118.609 0
2073.42 118.609 0
2086.87 118.609 0
2100.41 118.609 0
2114.03 118.609 0
2127.75 118.609 0
2141.55 118.609 0
2155.44 118.609 0
2169.43 118.609 0
2183.5 118.609 0
2197.66 118.609 0
2211.92 118.609 0
2226.27 118.609 0
2240.71 118.609 0
2255.25 118.609 0
2269.88 118.609 0
2284.61 118.609 0
2299.43 118.609 0
2314.34 118.609 0
2329.36 118.609 0
2344.47 118.609 0
2359.68 118.609 0
2374.99 118.609 0
2390.39 118.609 0
2405.9 118.609 0
2421.51 118.609 0
2437.22 118.609 0
2453.03 118.609 0
2468.94 118.609 0
2484.96 118.609 0
2501.08 118.609 0
2517.31 118.609 0
2533.64 118.609 0
2550.07 118.609 0
2566.62 118.609 0
2583.27 118.609 0
2600.03 118.609 0
2616.89 118.609 0
2633.87 118.609 0
2650.96 118.609 0
2668.15 118.609 0
2685.46 118.609 0
2702.89 118.609 0
2720.42 118.609 0
2738.07 118.609 0
2755.83 118.609 0
2773.71 118.609 0
2791.7 118.609 0
2809.81 118.609 0
2828.04 118.609 0
2846.39 118.609 0
2864.85 118.609 0
2883.44 118.609 0
2902.15 118.609 0
2920.97 118.609 0
2939.92 118.609 0
2958.99 118.609 0
2978.19 118.609 0
2997.51 118.609 0
3016.96 118.609 0
3036.53 118.609 0
3056.23 118.609 0
3076.05 118.609 0
3096.01 118.609 0
3116.1 118.609 0
3136.31 118.609 0
3156.66 118.609 0
3177.14 118.609 0
3197.75 118.609 0
3218.49 118.609 0
3239.37 118.609 0
3260.39 118.609 0
3281.54 118.609 0
3302.83 118.609 0
3324.25 118.609 0
3345.82 118.609 0
3367.52 118.609 0
3389.37 118.609 0
3411.36 118.609 0
3433.49 118.609 0
3455.76 118.609 0
3478.18 118.609 0
3500.75 118.609 0
3523.46 118.609 0
3546.31 118.609 0
3569.32 118.609 0
3592.48 118.609 0
3615.78 118.609 0
3639.24 118.609 0
3662.85 118.609 0
3686.61 118.609 0
3710.53 118.609 0
3734.6 118.609 0
3758.82 118.609 0
3783.21 118.609 0
3807.75 118.609 0
3832.45 118.609 0
3857.32 118.609 0
3882.34 118.609 0
3907.53 118.609 0
3932.88 118.609 0
3958.39 118.609 0
3984.07 118.609 0
4009.92 118.609 0
4035.93 118.609 0
4062.11 118.609 1.26995e-05
4088.47 118.613 0.000260754
4114.99 118.624 0.000554425
4141.68 118.643 0.000902432
4168.55 118.673 0.00131522
4195.6 118.715 0.00180529
4222.81 118.772 0.00238765
4250.21 118.847 0.00308027
4277.78 118.943 0.00390473
4305.53 119.065 0.0048869
4333.46 119.218 0.00605781
4361.58 119.408 0.00745468
4389.87 119.643 0.00912211
4418.35 119.931 0.0111135
4447.01 120.283 0.0134927
4475.86 120.714 0.0163358
4504.9 121.237 0.0197336
4534.12 121.873 0.0237936
4563.54 122.645 0.0286428
4593.14 123.578 0.0344305
4622.94 124.707 0.0413306
4652.93 126.07 0.0495441
4683.12 127.712 0.0593007
4713.5 129.69 0.0708588
4744.08 132.065 0.0845036
4774.85 134.912 0.100542
4805.83 138.317 0.119294
4837.01 142.376 0.141075
4868.39 147.197 0.166179
4899.97 152.898 0.194847
4931.76 159.606 0.227232
4963.75 167.454 0.263362
4995.95 176.575 0.303106
5028.36 187.096 0.346137
5060.98 199.134 0.391924
5093.82 212.787 0.439739
5126.86 228.127 0.488692
5160.12 245.197 0.537787
5193.6 264.007 0.586009
5227.29 284.533 0.632396
5261.2 306.72 0.676123
5295.33 330.487 0.716551
5329.68 355.732 0.753253
5364.26 382.343 0.786018
5399.06 410.198 0.814822
5434.09 439.175 0.8398
5469.34 469.157 0.861196
5504.82 500.035 0.879329
5540.53 531.71 0.894553
5576.48 564.091 0.90723
5612.65 597.101 0.917711
5649.06 630.672 0.926324
5685.71 664.749 0.933364
5722.6 699.282 0.939091
5759.72 734.231 0.943731
5797.09 769.564 0.947476
5834.69 805.253 0.95049
5872.55 841.277 0.952909
5910.64 877.617 0.954844
5948.99 914.259 0.956388
5987.58 951.193 0.957618
6026.42 988.409 0.958596
6065.52 1025.9 0.959371
6104.87 1063.66 0.959985
6144.47 1101.69 0.96047
6184.33 1139.99 0.960852
6224.45 1178.54 0.961153
6264.83 1217.36 0.96139
6305.48 1256.43 0.961576
6346.38 1295.77 0.961721
6387.55 1335.37 0.961835
6428.99 1375.23 0.961923
6470.7 1415.35 0.961992
6512.68 1455.73 0.962046
6554.93 1496.38 0.962088
6597.45 1537.29 0.96212
6640.25 1578.47 0.962145
6683.33 1619.92 0.962165
6726.69 1661.64 0.96218
6770.32 1703.62 0.962191
6814.25 1745.89 0.9622
6858.45 1788.42 0.962207
6902.95 1831.23 0.962212
6947.73 1874.32 0.962216
6992.8 1917.69 0.962219
7038.16 1961.34 0.962221
7083.82 2005.28 0.962223
7129.78 2049.5 0.962224
7176.03 2094 0.962225
7222.59 2138.8 0.962226
7269.44 2183.88 0.962227
7316.6 2229.26 0.962227
7364.07 2274.93 0.962227
7411.84 2320.9 0.962228
7459.92 2367.17 0.962228
7508.32 2413.74 0.962228
7557.03 2460.61 0.962228
7606.05 2507.78 0.962228
7655.39 2555.26 0.962228
7705.06 2603.05 0.962228
7755.04 2651.14 0.962228
7805.35 2699.55 0.962228
7855.99 2748.28 0.962228
7906.95 2797.32 0.962228
7958.25 2846.67 0.962228
8009.88 2896.35 0.962228
8061.84 2946.35 0.962228
8114.14 2996.68 0.962228
8166.78 3047.33 0.962228
8219.76 3098.31 0.962228
8273.08 3149.62 0.962228
8326.76 3201.26 0.962228
8380.77 3253.24 0.962228
8435.14 3305.55 0.962228
8489.86 3358.21 0.962228
8544.94 3411.21 0.962228
8600.38 3464.55 0.962228
8656.17 3518.23 0.962228
8712.32 3572.27 0.962228
8768.84 3626.65 0.962228
8825.73 3681.39 0.962228
8882.99 3736.48 0.962228
8940.61 3791.93 0.962228
8998.61 3847.74 0.962228
9056.99 3903.91 0.962228
9115.75 3960.45 0.962228
9174.89 4017.35 0.962228
9234.41 4074.63 0.962228
9294.31 4132.27 0.962228
9354.61 4190.29 0.962228
9415.29 4248.68 0.962228
9476.38 4307.46 0.962228
9537.85 4366.61 0.962228
9599.73 4426.15 0.962228
9662 4486.07 0.962228
9724.68 4546.39 0.962228
9787.77 4607.09 0.962228
9851.27 4668.19 0.962228
9915.18 4729.69 0.962228
9979.5 4791.58 0.962228
10044.2 4853.87 0.962228
10109.4 4916.57 0.962228
10175 4979.68 0.962228
10241 5043.2 0.962228
10307.4 5107.12 0.962228
10374.3 5171.47 0.962228
10441.6 5236.22 0.962228
10509.3 5301.4 0.962228
10577.5 5367.01 0.962228
10646.1 5433.04 0.962228
10715.2 5499.49 0.962228
10784.7 5566.38 0.962228
10854.7 5633.7 0.962228
10925.1 5701.46 0.962228
10996 5769.66 0.962228
11067.3 5838.3 0.962228
11139.1 5907.38 0.962228
11211.4 5976.92 0.962228
11284.1 6046.9 0.962228
11357.3 6117.34 0.962228
11431 6188.24 0.962228
11505.1 6259.59 0.962228
11579.8 6331.41 0.962228
11654.9 6403.7 0.962228
11730.5 6476.45 0.962228
11806.6 6549.68 0.962228
11883.2 6623.38 0.962228
11960.3 6697.55 0.962228
12037.9 6772.21 0.962228
12116 6847.36 0.962228
12194.6 6922.99 0.962228
12273.7 6999.11 0.962228
12353.3 7075.73 0.962228
12433.5 7152.84 0.962228
12514.1 7230.46 0.962228
12595.3 7308.57 0.962228
12677 7387.2 0.962228
12759.2 7466.33 0.962228
12842 7545.98 0.962228
12925.3 7626.14 0.962228
13009.2 7706.83 0.962228
13093.6 7788.03 0.962228
13178.5 7869.77 0.962228
13264 7952.03 0.962228
13350.1 8034.83 0.962228
13436.7 8118.17 0.962228
13523.8 8202.04 0.962228
13611.6 8286.46 0.962228
13699.9 8371.43 0.962228
13788.8 8456.95 0.962228
13878.2 8543.02 0.962228
13968.2 8629.65 0.962228
14058.9 8716.85 0.962228
14150.1 8804.61 0.962228
14241.9 8892.94 0.962228
14334.2 8981.84 0.962228
14427.2 9071.32 0.962228
14520.8 9161.38 0.962228
14615 9252.02 0.962228
14709.8 9343.25 0.962228
14805.3 9435.08 0.962228
14901.3 9527.5 0.962228
14998 9620.52 0.962228
15095.3 9714.14 0.962228
15193.2 9808.37 0.962228
15291.8 9903.21 0.962228
15391 9998.66 0.962228
15490.8 10094.7 0.962228
15591.3 10191.4 0.962228
15692.5 10288.8 0.962228
15794.3 10386.7 0.962228
15896.7 10485.3 0.962228
15999.9 10584.5 0.962228
16103.7 10684.4 0.962228
16208.1 10784.9 0.962228
16313.3 10886.1 0.962228
16419.1 10988 0.962228
16525.6 11090.5 0.962228
16632.8 11193.6 0.962228
16740.7 11297.4 0.962228
16849.3 11401.9 0.962228
16958.7 11507.1 0.962228
17068.7 11613 0.962228
17179.4 11719.5 0.962228
17290.8 11826.8 0.962228
17403 11934.7 0.962228
17515.9 12043.3 0.962228
17629.6 12152.7 0.962228
17743.9 12262.7 0.962228
17859 12373.5 0.962228
17974.9 12485 0.962228
18091.5 12597.2 0.962228
18208.9 12710.1 0.962228
18327 12823.8 0.962228
18445.9 12938.2 0.962228
18565.5 13053.3 0.962228
18686 13169.2 0.962228
18807.2 13285.9 0.962228
18929.2 13403.3 0.962228
19052 13521.4 0.962228
19175.6 13640.3 0.962228
19300 13760 0.962228
19425.2 13880.5 0.962228
19551.2 14001.8 0.962228
19678.1 14123.8 0.962228
19805.7 14246.7 0.962228
19934.2 14370.3 0.962228
20063.5 14494.7 0.962228
20193.7 14620 0.962228
20324.7 14746 0.962228
20456.6 14872.9 0.962228
20589.3 15000.6 0.962228
20722.8 15129.1 0.962228
20857.3 15258.5 0.962228
20992.6 15388.7 0.962228
21128.8 15519.7 0.962228
21265.8 15651.6 0.962228
21403.8 15784.4 0.962228
21542.7 15918 0.962228
21682.4 16052.5 0.962228
21823.1 16187.8 0.962228
21964.6 16324 0.962228
22107.1 16461.1 0.962228
22250.6 16599.1 0.962228
22394.9 16738 0.962228
22540.2 16877.8 0.962228
22686.4 17018.5 0.962228
22833.6 17160.1 0.962228
22981.7 17302.7 0.962228
23130.8 17446.1 0.962228
23280.9 17590.5 0.962228
23431.9 17735.9 0.962228
23583.9 17882.1 0.962228
23736.9 18029.3 0.962228
23890.9 18177.5 0.962228
24045.9 18326.7 0.962228
24201.9 18476.8 0.962228
24358.9 18627.8 0.962228
24516.9 18779.9 0.962228
24676 18932.9 0.962228
24836 19087 0.962228
24997.2 19242 0.962228
25159.3 19398 0.962228
25322.5 19555.1 0.962228
25486.8 19713.2 0.962228
25652.2 19872.3 0.962228
25818.6 20032.4 0.962228
25986.1 20193.6 0.962228
26154.7 20355.8 0.962228
26324.3 20519 0.962228
26495.1 20683.4 0.962228
26667 20848.7 0.962228
26840 21015.2 0.962228
27014.1 21182.8 0.962228
27189.4 21351.4 0.962228
27365.7 21521.1 0.962228
27543.3 21691.9 0.962228
27722 21863.9 0.962228
27901.8 22036.9 0.962228
28082.8 22211.1 0.962228
28265 22386.4 0.962228
28448.4 22562.8 0.962228
28632.9 22740.4 0.962228
28818.7 22919.2 0.962228
29005.6 23099 0.962228
29193.8 23280.1 0.962228
29383.2 23462.3 0.962228
29573.8 23645.8 0.962228
29765.7 23830.4 0.962228
29958.8 24016.2 0.962228
30153.1 24203.2 0.962228
30348.7 24391.4 0.962228
30545.6 24580.9 0.962228
30743.8 24771.5 0.962228
30943.2 24963.5 0.962228
31143.9 25156.6 0.962228
31346 25351 0.962228
31549.3 25546.7 0.962228
31754 25743.6 0.962228
31960 25941.9 0.962228
32167.3 26141.4 0.962228
32376 26342.2 0.962228
32586.1 26544.3 0.962228
32797.5 26747.7 0.962228
33010.2 26952.4 0.962228
33224.4 27158.5 0.962228
33439.9 27365.9 0.962228
33656.9 27574.6 0.962228
33875.2 27784.7 0.962228
34095 27996.2 0.962228
34316.1 28209 0.962228
34538.8 28423.2 0.962228
34762.8 28638.8 0.962228
34988.3 28855.8 0.962228
35215.3 29074.2 0.962228
35443.8 29294 0.962228
35673.7 29515.3 0.962228
35905.1 29738 0.962228
36138.1 29962.1 0.962228
36372.5 30187.7 0.962228
36608.5 30414.7 0.962228
36846 30643.3 0.962228
37085 30873.3 0.962228
37325.6 31104.8 0.962228
37567.7 31337.8 0.962228
37811.4 31572.3 0.962228
38056.7 31808.3 0.962228
38303.6 32045.9 0.962228
38552.1 32285 0.962228
38802.2 32525.6 0.962228
39053.9 32767.8 0.962228
39307.3 33011.6 0.962228
39562.3 33257 0.962228
39819 33504 0.962228
40077.3 33752.5 0.962228
40337.3 34002.7 0.962228
40599 34254.5 0.962228
40862.3 34507.9 0.962228
41127.4 34763 0.962228
41394.2 35019.7 0.962228
41662.8 35278.1 0.962228
41933.1 35538.2 0.962228
42205.1 35800 0.962228
42478.9 36063.4 0.962228
42754.5 36328.6 0.962228
43031.8 36595.5 0.962228
43311 36864.1 0.962228
43592 37134.4 0.962228
43874.8 37406.6 0.962228
44159.4 37680.4 0.962228
44445.9 37956.1 0.962228
44734.2 38233.5 0.962228
45024.4 38512.8 0.962228
45316.5 38793.8 0.962228
45610.5 39076.7 0.962228
45906.4 39361.4 0.962228
46204.2 39648 0.962228
46503.9 39936.4 0.962228
46805.6 40226.7 0.962228
47109.3 40518.9 0.962228
47414.9 40813 0.962228
47722.5 41108.9 0.962228
48032.1 41406.8 0.962228
48343.7 41706.7 0.962228
48657.3 42008.4 0.962228
48972.9 42312.2 0.962228
49290.7 42617.9 0.962228
49610.4 42925.6 0.962228
49932.3 43235.3 0.962228
50256.2 43547 0.962228
50582.2 43860.7 0.962228
50910.4 44176.4 0.962228
51240.6 44494.2 0.962228
51573.1 44814.1 0.962228
51907.6 45136 0.962228
52244.4 45460 0.962228
52583.3 45786.2 0.962228
52924.4 46114.4 0.962228
53267.8 46444.8 0.962228
53613.3 46777.3 0.962228
53961.1 47112 0.962228
54311.2 47448.8 0.962228
54663.5 47787.8 0.962228
55018.2 48129.1 0.962228
55375.1 48472.5 0.962228
55734.3 48818.2 0.962228
56095.9 49166.1 0.962228
