5.78741e-09 5.95396e-15 4.29514e-06
5.8738e-08 3.33166e-13 8.58285e-06
5.86595e-07 1.45059e-11 3.56977e-05
4.6076e-06 3.38009e-10 8.97843e-05
5.86875e-06 4.61297e-10 0.000114002
2.3369e-05 3.31505e-09 0.000192532
7.39119e-05 1.62978e-08 0.000292274
0.000147358 4.17301e-08 0.000330144
0.000152693 4.34471e-08 0.000292479
0.000165528 4.67976e-08 0.000304172
0.000294481 1.01986e-07 0.000463041
0.000466785 1.89679e-07 0.00054542
0.000739961 3.52227e-07 0.00041641
0.000792747 3.70702e-07 0.000446592
0.000859333 4.13069e-07 0.00055442
0.000931697 4.48502e-07 0.00055104
0.00117285 6.10601e-07 0.000697128
0.00147667 8.31244e-07 0.000750516
0.0017323 1.02935e-06 0.000535855
0.00185963 1.08409e-06 0.000525282
0.00294795 2.00733e-06 0.000908255
0.00467391 3.71532e-06 0.00105104
0.00633042 5.56999e-06 0.00091467
0.0070765 6.16755e-06 0.00093479
0.00933155 8.92099e-06 0.00127133
0.0117504 1.21316e-05 0.00137956
0.0154948 1.7543e-05 0.00122736
0.0177925 2.00421e-05 0.00125466
0.0234638 2.89812e-05 0.00164107
0.0295474 3.94039e-05 0.00177172
0.0354913 5.03041e-05 0.00128079
0.0389653 5.38549e-05 0.00125817
0.0549487 8.51279e-05 0.00191362
0.0590129 9.27925e-05 0.00199187
0.0713035 0.000119369 0.00114686
0.0787306 0.000125461 0.00110854
0.10265 0.000178607 0.00176378
0.112568 0.000193736 0.00180901
0.132297 0.000240204 0.00240921
0.146764 0.000275794 0.00181491
0.15911 0.000293738 0.00177613
0.191354 0.000375514 0.00260957
0.227502 0.000472769 0.000973271
0.245257 0.000484229 0.000805937
0.256566 0.000495831 0.00103354
0.268397 0.000508152 0.00104919
0.280773 0.000521236 0.00106507
0.293719 0.00053513 0.0010812
0.307263 0.000549885 0.00109757
0.321432 0.000565555 0.00111419
0.336253 0.000582195 0.00113106
0.351758 0.000599866 0.00114818
0.367978 0.000618631 0.00116556
0.384946 0.000638559 0.00118321
0.402697 0.000659722 0.00120112
0.421266 0.000682195 0.00121931
0.440691 0.000706061 0.00123777
0.461012 0.000731406 0.00125651
0.48227 0.00075832 0.00127553
0.504508 0.000786902 0.00129484
0.527771 0.000817254 0.00131445
0.552107 0.000849487 0.00133435
0.577566 0.000883717 0.00135455
0.604198 0.000920067 0.00137506
0.632059 0.000958668 0.00139588
0.661204 0.000999662 0.00141701
0.691693 0.00104319 0.00143847
0.723588 0.00108942 0.00146024
0.756953 0.00113852 0.00148235
0.791857 0.00119065 0.00150479
0.828371 0.00124602 0.00152758
0.866568 0.00130481 0.00155071
0.906527 0.00136725 0.00157418
0.948328 0.00143355 0.00159802
0.992057 0.00150396 0.00162221
1.0378 0.00157874 0.00164677
1.08566 0.00165815 0.0016717
1.13572 0.00174247 0.00169701
1.18809 0.00183202 0.00172271
1.24287 0.00192712 0.00174879
1.30018 0.00202811 0.00177526
1.36014 0.00213535 0.00180214
1.42285 0.00224924 0.00182943
1.48846 0.00237018 0.00185712
1.5571 0.00249862 0.00188524
1.6289 0.00263501 0.00191378
1.70401 0.00277985 0.00194276
1.78258 0.00293367 0.00197217
1.86478 0.00309701 0.00200203
1.95077 0.00327047 0.00203234
2.04072 0.00345468 0.00206311
2.13482 0.0036503 0.00209435
2.23326 0.00385804 0.00212606
2.33624 0.00407865 0.00215824
2.44396 0.00431292 0.00219092
2.55666 0.00456171 0.00222409
2.67455 0.00482591 0.00225776
2.79788 0.00510648 0.00229195
2.92689 0.00540443 0.00232665
3.06185 0.00572083 0.00236187
3.20304 0.00605684 0.00239763
3.35074 0.00641366 0.00243393
3.50524 0.00679259 0.00247078
3.66688 0.00719499 0.00250819
3.83596 0.00762232 0.00254616
4.01284 0.00807613 0.00258471
4.19788 0.00855804 0.00262385
4.39145 0.00906982 0.00266357
4.59395 0.00961329 0.0027039
4.80578 0.0101904 0.00274483
5.02738 0.0108033 0.00278639
5.2592 0.0114542 0.00282858
5.50171 0.0121454 0.0028714
5.7554 0.0128794 0.00291488
6.02079 0.0136589 0.00295901
6.29841 0.0144866 0.00300381
6.58884 0.0153657 0.00304928
6.89266 0.0162992 0.00309545
7.21049 0.0172905 0.00314232
7.54298 0.0183433 0.00318989
7.8908 0.0194612 0.00323819
8.25465 0.0206484 0.00328721
8.63529 0.0219092 0.00333698
9.03347 0.0232481 0.0033875
9.45002 0.0246699 0.00343879
9.88577 0.0261798 0.00349085
10.3416 0.0277832 0.00354371
10.8185 0.029486 0.00359736
11.3173 0.0312942 0.00365182
11.8392 0.0332145 0.00370711
12.3851 0.0352537 0.00376324
12.9562 0.0374193 0.00382021
13.5536 0.039719 0.00387805
14.1786 0.0421611 0.00393677
14.8324 0.0447546 0.00399637
15.5164 0.0475087 0.00405687
16.2318 0.0504335 0.00411829
16.9803 0.0535394 0.00418065
17.7633 0.0568378 0.00424394
18.5824 0.0603405 0.0043082
19.4392 0.0640601 0.00437342
20.3356 0.0680102 0.00443964
21.2733 0.072205 0.00450685
22.2543 0.0766597 0.00457509
23.2804 0.0813904 0.00464435
24.3539 0.0864141 0.00471467
25.4769 0.091749 0.00478605
26.6517 0.0974144 0.00485851
27.8806 0.103431 0.00493207
29.1662 0.10982 0.00500674
30.5111 0.116605 0.00508254
31.9181 0.12381 0.00515949
33.3898 0.131462 0.00523761
34.9295 0.139587 0.00531691
36.5401 0.148216 0.0053974
38.225 0.15738 0.00547912
39.9877 0.167111 0.00556208
41.8315 0.177445 0.00564629
43.7605 0.188419 0.00573177
45.7783 0.200073 0.00581855
47.8892 0.212449 0.00590664
50.0974 0.225592 0.00599607
52.4075 0.239549 0.00608685
54.8241 0.254371 0.00617901
57.3521 0.27011 0.00627256
59.9967 0.286825 0.00636752
62.7632 0.304575 0.00646393
65.6573 0.323425 0.00656179
68.6849 0.343443 0.00666114
71.852 0.364701 0.00676199
75.1652 0.387275 0.00686552
75.1652 0.387275 0.00686451
75.6528 0.390651 0.00698129
76.1436 0.394107 0.00710001
76.6376 0.397644 0.0072207
77.1348 0.401264 0.00734341
77.6352 0.40497 0.00746816
78.1388 0.408763 0.00759501
78.6457 0.412646 0.00772399
79.1559 0.41662 0.00785515
79.6694 0.420688 0.00798852
80.1863 0.424852 0.00812415
80.7065 0.429114 0.00826209
81.23 0.433477 0.00840238
81.757 0.437942 0.00854506
82.2874 0.442513 0.00869019
82.8212 0.447191 0.00883781
83.3585 0.45198 0.00898797
83.8993 0.456882 0.00914073
84.4436 0.461899 0.00929613
84.9914 0.467035 0.00945423
85.5428 0.472292 0.00961508
86.0977 0.477673 0.00977873
86.6563 0.483182 0.00994525
87.2184 0.48882 0.0101147
87.7842 0.494592 0.0102871
88.3537 0.5005 0.0104626
88.9269 0.506549 0.0106411
89.5038 0.51274 0.0108228
90.0845 0.519078 0.0110078
90.6689 0.525566 0.011196
91.2571 0.532208 0.0113876
91.8491 0.539007 0.0115826
92.4449 0.545968 0.0117812
93.0447 0.553094 0.0119833
93.6483 0.560389 0.012189
94.2558 0.567858 0.0123984
94.8673 0.575504 0.0126117
95.4827 0.583333 0.0128288
96.1021 0.591348 0.0130499
96.7256 0.599554 0.013275
97.3531 0.607956 0.0135042
97.9847 0.616558 0.0137376
98.6203 0.625366 0.0139753
99.2601 0.634385 0.0142174
99.904 0.64362 0.0144639
100.552 0.653075 0.0147151
101.204 0.662758 0.0149708
101.861 0.672672 0.0152313
102.522 0.682825 0.0154967
103.187 0.693221 0.015767
103.856 0.703868 0.0160424
104.53 0.714771 0.0163229
105.208 0.725937 0.0166087
105.891 0.737372 0.0168999
106.578 0.749084 0.0171966
107.269 0.761078 0.0174989
107.965 0.773363 0.0178069
108.665 0.785945 0.0181208
109.37 0.798832 0.0184406
110.08 0.812031 0.0187665
110.794 0.825552 0.0190986
111.513 0.839401 0.0194371
112.236 0.853587 0.0197821
112.964 0.868118 0.0201337
113.697 0.883004 0.0204921
114.435 0.898254 0.0208574
115.177 0.913876 0.0212297
115.924 0.929881 0.0216093
116.676 0.946277 0.0219962
117.433 0.963076 0.0223906
118.195 0.980287 0.0227927
118.962 0.997921 0.0232026
119.734 1.01599 0.0236205
120.51 1.0345 0.0240466
121.292 1.05347 0.024481
122.079 1.07291 0.0249239
122.871 1.09283 0.0253756
123.668 1.11324 0.0258361
124.47 1.13415 0.0263057
125.278 1.15559 0.0267846
126.091 1.17755 0.0272729
126.909 1.20007 0.0277709
127.732 1.22314 0.0282787
128.561 1.24679 0.0287966
129.395 1.27102 0.0293248
130.234 1.29587 0.0298635
131.079 1.32133 0.030413
131.929 1.34743 0.0309734
132.785 1.37418 0.0315449
133.646 1.40161 0.0321279
134.513 1.42972 0.0327226
135.386 1.45854 0.0333291
136.264 1.48809 0.0339478
137.148 1.51837 0.0345789
138.038 1.54943 0.0352227
138.934 1.58126 0.0358794
139.835 1.6139 0.0365493
140.742 1.64737 0.0372327
141.655 1.68168 0.0379299
142.574 1.71687 0.0386411
143.499 1.75294 0.0393666
144.43 1.78993 0.0401068
145.367 1.82787 0.0408619
146.31 1.86676 0.0416323
147.259 1.90665 0.0424182
148.215 1.94756 0.0432199
149.176 1.98951 0.0440379
150.144 2.03253 0.0448725
151.118 2.07665 0.0457239
152.098 2.1219 0.0465925
153.085 2.16832 0.0474786
154.078 2.21592 0.0483827
155.078 2.26474 0.049305
156.084 2.31481 0.050246
157.096 2.36618 0.051206
158.115 2.41886 0.0521854
159.141 2.47291 0.0531846
160.173 2.52834 0.0542039
161.213 2.5852 0.0552438
162.258 2.64353 0.0563047
163.311 2.70337 0.0573869
164.37 2.76476 0.0584909
165.437 2.82773 0.0596172
166.51 2.89233 0.060766
167.59 2.9586 0.0619379
168.678 3.02659 0.0631333
169.772 3.09634 0.0643526
170.873 3.1679 0.0655963
171.982 3.24132 0.0668649
173.097 3.31664 0.0681587
174.22 3.39392 0.0694784
175.351 3.47321 0.0708242
176.488 3.55456 0.0721967
177.633 3.63802 0.0735964
178.785 3.72365 0.0750238
179.945 3.81151 0.0764793
181.113 3.90166 0.0779634
182.288 3.99415 0.0794767
183.47 4.08905 0.0810196
184.66 4.18642 0.0825926
185.858 4.28632 0.0841962
187.064 4.38882 0.085831
188.278 4.49399 0.0874974
189.499 4.6019 0.0891959
190.728 4.71262 0.0909271
191.966 4.82622 0.0926915
193.211 4.94277 0.0944895
194.464 5.06235 0.0963217
195.726 5.18505 0.0981886
196.996 5.31093 0.100091
198.274 5.44008 0.102029
199.56 5.57259 0.104003
200.855 5.70853 0.106013
202.158 5.848 0.108061
203.469 5.99109 0.110147
204.789 6.13788 0.112271
206.118 6.28848 0.114433
207.455 6.44296 0.116635
208.801 6.60144 0.118876
210.155 6.76401 0.121157
211.519 6.93078 0.123479
212.891 7.10183 0.125842
214.272 7.27729 0.128246
215.662 7.45726 0.130692
217.061 7.64185 0.13318
218.469 7.83117 0.13571
219.886 8.02533 0.138284
221.313 8.22446 0.1409
222.749 8.42866 0.14356
224.194 8.63807 0.146265
225.648 8.8528 0.149013
227.112 9.07298 0.151805
228.585 9.29873 0.154643
230.068 9.53019 0.157525
231.561 9.76748 0.160452
233.063 10.0107 0.163424
234.575 10.2601 0.166441
236.097 10.5157 0.169504
237.628 10.7777 0.172612
239.17 11.0463 0.175765
240.722 11.3215 0.178964
242.283 11.6035 0.182208
243.855 11.8924 0.185496
245.437 12.1885 0.18883
247.029 12.4919 0.192208
248.632 12.8026 0.195631
250.245 13.121 0.199098
251.868 13.4471 0.202608
253.502 13.781 0.206161
255.147 14.123 0.209757
256.802 14.4732 0.213395
258.468 14.8318 0.217074
260.145 15.1989 0.220794
261.832 15.5747 0.224554
263.531 15.9593 0.228353
265.24 16.353 0.232189
266.961 16.7559 0.236063
268.693 17.1681 0.239972
270.436 17.5898 0.243916
272.191 18.0213 0.247893
273.956 18.4625 0.251902
275.734 18.9138 0.255942
277.522 19.3753 0.26001
279.323 19.8471 0.264106
281.135 20.3294 0.268226
282.959 20.8224 0.27237
284.794 21.3262 0.276536
286.642 21.8409 0.280721
288.501 22.3669 0.284922
290.373 22.9041 0.289139
292.257 23.4527 0.293367
294.153 24.013 0.297606
296.061 24.5849 0.301851
297.982 25.1688 0.3061
299.915 25.7646 0.31035
301.86 26.3726 0.314598
303.819 26.9928 0.318841
305.79 27.6254 0.323076
307.773 28.2705 0.327298
309.77 28.9282 0.331505
311.78 29.5986 0.335692
313.802 30.2818 0.339856
315.838 30.9778 0.343993
317.887 31.6869 0.348099
319.949 32.4089 0.352169
322.025 33.1441 0.356199
324.114 33.8924 0.360184
326.217 34.6539 0.364121
328.333 35.4285 0.368004
330.463 36.2165 0.371828
332.607 37.0176 0.375588
334.764 37.832 0.37928
336.936 38.6597 0.382899
339.122 39.5005 0.386438
341.322 40.3545 0.389893
343.536 41.2215 0.393258
345.765 42.1016 0.396528
348.008 42.9946 0.399697
350.266 43.9004 0.40276
352.538 44.819 0.405711
354.825 45.7501 0.408544
357.127 46.6936 0.411254
359.444 47.6494 0.413834
361.776 48.6173 0.41628
364.123 49.597 0.418585
366.485 50.5883 0.420743
368.862 51.591 0.42275
371.255 52.6048 0.424599
373.664 53.6295 0.426284
376.088 54.6647 0.427801
378.528 55.7101 0.429143
380.983 56.7653 0.430306
383.455 57.8301 0.431285
385.942 58.9039 0.432074
388.446 59.9864 0.432668
390.966 61.0773 0.433063
393.502 62.1759 0.433254
396.055 63.2819 0.433237
398.625 64.3947 0.433008
401.211 65.5139 0.432563
403.813 66.6389 0.431899
406.433 67.7692 0.431012
409.07 68.9042 0.4299
411.724 70.0433 0.428559
414.395 71.1858 0.426988
417.083 72.3313 0.425185
419.789 73.479 0.423148
422.512 74.6283 0.420876
425.253 75.7784 0.418368
428.012 76.9288 0.415624
430.788 78.0787 0.412645
433.583 79.2275 0.40943
436.396 80.3743 0.405982
439.227 81.5184 0.402301
442.076 82.6592 0.398389
444.944 83.7958 0.394249
447.831 84.9275 0.389885
450.736 86.0535 0.385299
453.66 87.1731 0.380496
456.603 88.2856 0.375481
459.565 89.3901 0.370257
462.547 90.4859 0.364832
465.547 91.5722 0.359211
468.567 92.6483 0.353401
471.607 93.7134 0.347409
474.667 94.7669 0.341242
477.746 95.8079 0.334908
480.845 96.8359 0.328417
483.965 97.85 0.321776
487.104 98.8496 0.314996
490.264 99.8341 0.308085
493.445 100.803 0.301055
496.646 101.755 0.293916
499.868 102.69 0.286677
503.111 103.608 0.279351
506.375 104.508 0.271949
509.66 105.389 0.264481
512.966 106.251 0.256961
516.294 107.093 0.249399
519.643 107.916 0.241807
523.014 108.718 0.234198
526.407 109.5 0.226583
529.822 110.261 0.218975
533.26 111.001 0.211385
536.719 111.719 0.203825
540.201 112.415 0.196307
543.705 113.09 0.188842
547.233 113.743 0.181441
550.783 114.374 0.174116
554.356 114.984 0.166876
557.952 115.571 0.159733
561.572 116.136 0.152696
565.215 116.68 0.145775
568.882 117.202 0.138978
572.572 117.703 0.132314
576.287 118.182 0.12579
580.025 118.64 0.119416
583.788 119.078 0.113196
587.575 119.495 0.107139
591.387 119.892 0.101248
595.224 120.27 0.0955291
599.085 120.628 0.089987
602.971 120.967 0.0846253
606.883 121.288 0.0794469
610.82 121.591 0.0744544
614.783 121.877 0.0696495
618.771 122.145 0.0650335
622.785 122.397 0.060607
626.826 122.634 0.0563698
630.892 122.855 0.0523214
634.985 123.061 0.0484606
639.104 123.253 0.0447855
643.25 123.432 0.041294
647.423 123.597 0.0379832
651.623 123.75 0.0348499
655.851 123.891 0.0318905
660.105 124.021 0.029101
664.388 124.14 0.0264768
668.698 124.249 0.0240133
673.036 124.348 0.0217053
677.402 124.438 0.0195478
681.797 124.519 0.017535
686.22 124.593 0.0156615
690.671 124.658 0.0139213
695.152 124.717 0.0123085
699.662 124.769 0.0108172
704.201 124.815 0.00944141
708.769 124.856 0.00817505
713.367 124.891 0.00701215
717.995 124.921 0.00594679
722.653 124.946 0.00497314
727.341 124.967 0.00408547
732.06 124.985 0.00327817
736.809 124.998 0.00254582
741.589 125.009 0.00188314
746.4 125.017 0.00128504
751.242 125.022 0.000746636
756.115 125.024 0.000263252
761.021 125.025 0
765.958 125.025 0
770.927 125.025 0
775.928 125.025 0
780.962 125.025 0
786.028 125.025 0
791.127 125.025 0
796.26 125.025 0
801.425 125.025 0
806.624 125.025 0
811.857 125.025 0
817.124 125.025 0
822.425 125.025 0
827.76 125.025 0
833.13 125.025 0
838.535 125.025 0
843.975 125.025 0
849.45 125.025 0
854.961 125.025 0
860.507 125.025 0
866.09 125.025 0
871.708 125.025 0
877.363 125.025 0
883.055 125.025 0
888.784 125.025 0
894.55 125.025 0
900.353 125.025 0
906.194 125.025 0
912.073 125.025 0
917.99 125.025 0
923.945 125.025 0
929.939 125.025 0
935.972 125.025 0
942.044 125.025 0
948.155 125.025 0
954.306 125.025 0
960.497 125.025 0
966.728 125.025 0
973 125.025 0
979.312 125.025 0
985.665 125.025 0
992.059 125.025 0
998.495 125.025 0
1004.97 125.025 0
1011.49 125.025 0
1018.05 125.025 0
1024.66 125.025 0
1031.31 125.025 0
1038 125.025 0
1044.73 125.025 0
1051.51 125.025 0
1058.33 125.025 0
1065.2 125.025 0
1072.11 125.025 0
1079.06 125.025 0
1086.06 125.025 0
1093.11 125.025 0
1100.2 125.025 0
1107.34 125.025 0
1114.52 125.025 0
1121.75 125.025 0
1129.03 125.025 0
1136.35 125.025 0
1143.72 125.025 0
1151.14 125.025 0
1158.61 125.025 0
1166.13 125.025 0
1173.69 125.025 0
1181.31 125.025 0
1188.97 125.025 0
1196.68 125.025 0
1204.45 125.025 0
1212.26 125.025 0
1220.12 125.025 0
1228.04 125.025 0
1236.01 125.025 0
1244.02 125.025 0
1252.09 125.025 0
1260.22 125.025 0
1268.39 125.025 0
1276.62 125.025 0
1284.9 125.025 0
1293.24 125.025 0
1301.63 125.025 0
1310.07 125.025 0
1318.57 125.025 0
1327.13 125.025 0
1335.74 125.025 0
1344.4 125.025 0
1353.12 125.025 0
1361.9 125.025 0
1370.74 125.025 0
1379.63 125.025 0
1388.58 125.025 0
1397.59 125.025 0
1406.65 125.025 0
1415.78 125.025 0
1424.96 125.025 0
1434.21 125.025 0
1443.51 125.025 0
1452.88 125.025 0
1462.3 125.025 0
1471.79 125.025 0
1481.34 125.025 0
1490.95 125.025 0
1500.62 125.025 0
1510.35 125.025 0
1520.15 125.025 0
1530.01 125.025 0
1539.94 125.025 0
1549.93 125.025 0
1559.98 125.025 0
1570.1 125.025 0
1580.29 125.025 0
1590.54 125.025 0
1600.86 125.025 0
1611.25 125.025 0
1621.7 125.025 0
1632.22 125.025 0
1642.81 125.025 0
1653.47 125.025 0
1664.19 125.025 0
1674.99 125.025 0
1685.85 125.025 0
1696.79 125.025 0
1707.8 125.025 0
1718.88 125.025 0
1730.03 125.025 0
1741.25 125.025 0
1752.55 125.025 0
1763.92 125.025 0
1775.36 125.025 0
1786.88 125.025 0
1798.47 125.025 0
1810.14 125.025 0
1821.88 125.025 0
1833.7 125.025 0
1845.6 125.025 0
1857.57 125.025 0
1869.62 125.025 0
1881.75 125.025 0
1893.96 125.025 0
1906.24 125.025 0
1918.61 125.025 0
1931.06 125.025 0
1943.58 125.025 0
1956.19 125.025 0
1968.88 125.025 0
1981.66 125.025 0
1994.51 125.025 0
2007.45 125.025 0
2020.47 125.025 0
2033.58 125.025 0
2046.77 125.025 0
2060.05 125.025 0
2073.42 125.025 0
2086.87 125.025 0
2100.41 125.025 0
2114.03 125.025 0
2127.75 125.025 0
2141.55 125.025 0
2155.44 125.025 0
2169.43 125.025 0
2183.5 125.025 0
2197.66 125.025 0
2211.92 125.025 0
2226.27 125.025 0
2240.71 125.025 0
2255.25 125.025 0
2269.88 125.025 0
2284.61 125.025 0
2299.43 125.025 0
2314.34 125.025 0
2329.36 125.025 0
2344.47 125.025 0
2359.68 125.025 0
2374.99 125.025 0
2390.39 125.025 0
2405.9 125.025 0
2421.51 125.025 0
2437.22 125.025 0
2453.03 125.025 0
2468.94 125.025 0
2484.96 125.025 0
2501.08 125.025 0
2517.31 125.025 0
2533.64 125.025 0
2550.07 125.025 0
2566.62 125.025 0
2583.27 125.025 0
2600.03 125.025 0
2616.89 125.025 0
2633.87 125.025 0
2650.96 125.025 0
2668.15 125.025 0
2685.46 125.025 0
2702.89 125.025 0
2720.42 125.025 0
2738.07 125.025 0
2755.83 125.025 0
2773.71 125.025 0
2791.7 125.025 0
2809.81 125.025 0
2828.04 125.025 0
2846.39 125.025 0
2864.85 125.025 0
2883.44 125.025 0
2902.15 125.025 0
2920.97 125.025 0
2939.92 125.025 0
2958.99 125.025 0
2978.19 125.025 0
2997.51 125.025 0
3016.96 125.025 0
3036.53 125.025 0
3056.23 125.025 0
3076.05 125.025 0
3096.01 125.025 0
3116.1 125.025 0
3136.31 125.025 0
3156.66 125.025 0
3177.14 125.025 0
3197.75 125.025 0
3218.49 125.025 0
3239.37 125.025 0
3260.39 125.025 0
3281.54 125.025 0
3302.83 125.025 0
3324.25 125.025 0
3345.82 125.025 0
3367.52 125.025 0
3389.37 125.025 0
3411.36 125.025 0
3433.49 125.025 0
3455.76 125.025 0
3478.18 125.025 0
3500.75 125.025 0
3523.46 125.025 0
3546.31 125.027 0.00019093
3569.32 125.035 0.000491271
3592.48 125.05 0.000819986
3615.78 125.073 0.00117993
3639.24 125.105 0.00157426
3662.85 125.148 0.00200647
3686.61 125.201 0.00248042
3710.53 125.267 0.00300039
3734.6 125.346 0.00357111
3758.82 125.44 0.00419782
3783.21 125.551 0.00488632
3807.75 125.68 0.00564304
3832.45 125.829 0.00647509
3857.32 126.002 0.00739036
3882.34 126.199 0.00839757
3907.53 126.425 0.00950638
3932.88 126.681 0.0107275
3958.39 126.972 0.0120728
3984.07 127.301 0.0135553
4009.92 127.673 0.0151895
4035.93 128.091 0.0169915
4062.11 128.562 0.0189789
4088.47 129.091 0.0211712
4114.99 129.685 0.02359
4141.68 130.35 0.0262589
4168.55 131.095 0.0292038
4195.6 131.929 0.0324535
4222.81 132.861 0.036039
4250.21 133.902 0.0399945
4277.78 135.065 0.0443572
4305.53 136.363 0.0491673
4333.46 137.81 0.0544686
4361.58 139.424 0.060308
4389.87 141.221 0.0667358
4418.35 143.222 0.0738055
4447.01 145.449 0.0815738
4475.86 147.926 0.0900999
4504.9 150.677 0.0994456
4534.12 153.733 0.109674
4563.54 157.124 0.120849
4593.14 160.882 0.133033
4622.94 165.043 0.14629
4652.93 169.646 0.160675
4683.12 174.731 0.176243
4713.5 180.341 0.193037
4744.08 186.52 0.211092
4774.85 193.314 0.230428
4805.83 200.771 0.251052
4837.01 208.939 0.272949
4868.39 217.867 0.296087
4899.97 227.603 0.320406
4931.76 238.192 0.345826
4963.75 249.679 0.37224
4995.95 262.105 0.399514
5028.36 275.506 0.427494
5060.98 289.917 0.456003
5093.82 305.362 0.484849
5126.86 321.863 0.513825
5160.12 339.433 0.542721
5193.6 358.079 0.571324
5227.29 377.802 0.599428
5261.2 398.595 0.626839
5295.33 420.442 0.653378
5329.68 443.326 0.678891
5364.26 467.22 0.703247
5399.06 492.095 0.72634
5434.09 517.916 0.748094
5469.34 544.647 0.76846
5504.82 572.25 0.787411
5540.53 600.683 0.804948
5576.48 629.905 0.821089
5612.65 659.877 0.835872
5649.06 690.557 0.849347
5685.71 721.908 0.861576
5722.6 753.891 0.872629
5759.72 786.472 0.882581
5797.09 819.617 0.891509
5834.69 853.294 0.899494
5872.55 887.477 0.906612
5910.64 922.137 0.912939
5948.99 957.25 0.918549
5987.58 992.796 0.923511
6026.42 1028.75 0.927889
6065.52 1065.1 0.931744
6104.87 1101.83 0.935132
6144.47 1138.93 0.938103
6184.33 1176.38 0.940704
6224.45 1214.16 0.942977
6264.83 1252.28 0.94496
6305.48 1290.72 0.946688
6346.38 1329.48 0.948192
6387.55 1368.54 0.949498
6428.99 1407.91 0.95063
6470.7 1447.58 0.951612
6512.68 1487.54 0.952461
6554.93 1527.8 0.953195
6597.45 1568.35 0.953829
6640.25 1609.18 0.954375
6683.33 1650.3 0.954845
6726.69 1691.71 0.95525
6770.32 1733.41 0.955597
6814.25 1775.38 0.955895
6858.45 1817.65 0.956151
6902.95 1860.19 0.95637
6947.73 1903.03 0.956557
6992.8 1946.14 0.956717
7038.16 1989.55 0.956853
7083.82 2033.24 0.956969
7129.78 2077.22 0.957068
7176.03 2121.49 0.957152
7222.59 2166.05 0.957224
7269.44 2210.9 0.957284
7316.6 2256.05 0.957336
7364.07 2301.49 0.957379
7411.84 2347.23 0.957416
7459.92 2393.26 0.957447
7508.32 2439.6 0.957473
7557.03 2486.24 0.957496
7606.05 2533.18 0.957514
7655.39 2580.43 0.95753
7705.06 2627.98 0.957543
7755.04 2675.85 0.957554
7805.35 2724.02 0.957563
7855.99 2772.51 0.957571
7906.95 2821.31 0.957577
7958.25 2870.43 0.957583
8009.88 2919.87 0.957587
8061.84 2969.63 0.957591
8114.14 3019.71 0.957594
8166.78 3070.12 0.957597
8219.76 3120.85 0.957599
8273.08 3171.91 0.957601
8326.76 3223.31 0.957602
8380.77 3275.04 0.957603
8435.14 3327.1 0.957604
8489.86 3379.5 0.957605
8544.94 3432.24 0.957606
8600.38 3485.33 0.957606
8656.17 3538.76 0.957607
8712.32 3592.53 0.957607
8768.84 3646.66 0.957608
8825.73 3701.13 0.957608
8882.99 3755.96 0.957608
8940.61 3811.14 0.957608
8998.61 3866.69 0.957608
9056.99 3922.59 0.957608
9115.75 3978.85 0.957608
9174.89 4035.48 0.957609
9234.41 4092.48 0.957609
9294.31 4149.85 0.957609
9354.61 4207.59 0.957609
9415.29 4265.7 0.957609
9476.38 4324.19 0.957609
9537.85 4383.06 0.957609
9599.73 4442.32 0.957609
9662 4501.95 0.957609
9724.68 4561.98 0.957609
9787.77 4622.39 0.957609
9851.27 4683.19 0.957609
9915.18 4744.39 0.957609
9979.5 4805.99 0.957609
10044.2 4867.99 0.957609
10109.4 4930.39 0.957609
10175 4993.19 0.957609
10241 5056.4 0.957609
10307.4 5120.02 0.957609
10374.3 5184.05 0.957609
10441.6 5248.5 0.957609
10509.3 5313.37 0.957609
10577.5 5378.66 0.957609
10646.1 5444.37 0.957609
10715.2 5510.5 0.957609
10784.7 5577.07 0.957609
10854.7 5644.07 0.957609
10925.1 5711.5 0.957609
10996 5779.37 0.957609
11067.3 5847.68 0.957609
11139.1 5916.44 0.957609
11211.4 5985.64 0.957609
11284.1 6055.29 0.957609
11357.3 6125.39 0.957609
11431 6195.94 0.957609
11505.1 6266.96 0.957609
11579.8 6338.43 0.957609
11654.9 6410.37 0.957609
11730.5 6482.77 0.957609
11806.6 6555.65 0.957609
11883.2 6628.99 0.957609
11960.3 6702.82 0.957609
12037.9 6777.12 0.957609
12116 6851.9 0.957609
12194.6 6927.17 0.957609
12273.7 7002.93 0.957609
12353.3 7079.18 0.957609
12433.5 7155.92 0.957609
12514.1 7233.16 0.957609
12595.3 7310.9 0.957609
12677 7389.15 0.957609
12759.2 7467.9 0.957609
12842 7547.17 0.957609
12925.3 7626.95 0.957609
13009.2 7707.24 0.957609
13093.6 7788.06 0.957609
13178.5 7869.4 0.957609
13264 7951.27 0.957609
13350.1 8033.67 0.957609
13436.7 8116.61 0.957609
13523.8 8200.08 0.957609
13611.6 8284.1 0.957609
13699.9 8368.66 0.957609
13788.8 8453.76 0.957609
13878.2 8539.42 0.957609
13968.2 8625.64 0.957609
14058.9 8712.42 0.957609
14150.1 8799.75 0.957609
14241.9 8887.66 0.957609
14334.2 8976.13 0.957609
14427.2 9065.18 0.957609
14520.8 9154.81 0.957609
14615 9245.02 0.957609
14709.8 9335.81 0.957609
14805.3 9427.2 0.957609
14901.3 9519.17 0.957609
14998 9611.74 0.957609
15095.3 9704.92 0.957609
15193.2 9798.69 0.957609
15291.8 9893.08 0.957609
15391 9988.08 0.957609
15490.8 10083.7 0.957609
15591.3 10179.9 0.957609
15692.5 10276.8 0.957609
15794.3 10374.3 0.957609
15896.7 10472.4 0.957609
15999.9 10571.1 0.957609
16103.7 10670.5 0.957609
16208.1 10770.6 0.957609
16313.3 10871.3 0.957609
16419.1 10972.6 0.957609
16525.6 11074.6 0.957609
16632.8 11177.3 0.957609
16740.7 11280.6 0.957609
16849.3 11384.6 0.957609
16958.7 11489.3 0.957609
17068.7 11594.6 0.957609
17179.4 11700.7 0.957609
17290.8 11807.4 0.957609
17403 11914.8 0.957609
17515.9 12022.9 0.957609
17629.6 12131.7 0.957609
17743.9 12241.3 0.957609
17859 12351.5 0.957609
17974.9 12462.4 0.957609
18091.5 12574.1 0.957609
18208.9 12686.5 0.957609
18327 12799.6 0.957609
18445.9 12913.5 0.957609
18565.5 13028.1 0.957609
18686 13143.4 0.957609
18807.2 13259.5 0.957609
18929.2 13376.3 0.957609
19052 13493.9 0.957609
19175.6 13612.3 0.957609
19300 13731.4 0.957609
19425.2 13851.3 0.957609
19551.2 13972 0.957609
19678.1 14093.4 0.957609
19805.7 14215.7 0.957609
19934.2 14338.7 0.957609
20063.5 14462.6 0.957609
20193.7 14587.2 0.957609
20324.7 14712.7 0.957609
20456.6 14838.9 0.957609
20589.3 14966 0.957609
20722.8 15093.9 0.957609
20857.3 15222.6 0.957609
20992.6 15352.2 0.957609
21128.8 15482.6 0.957609
21265.8 15613.9 0.957609
21403.8 15746 0.957609
21542.7 15879 0.957609
21682.4 16012.8 0.957609
21823.1 16147.5 0.957609
21964.6 16283.1 0.957609
22107.1 16419.5 0.957609
22250.6 16556.9 0.957609
22394.9 16695.1 0.957609
22540.2 16834.2 0.957609
22686.4 16974.2 0.957609
22833.6 17115.2 0.957609
22981.7 17257 0.957609
23130.8 17399.8 0.957609
23280.9 17543.5 0.957609
23431.9 17688.1 0.957609
23583.9 17833.7 0.957609
23736.9 17980.2 0.957609
23890.9 18127.7 0.957609
24045.9 18276.1 0.957609
24201.9 18425.5 0.957609
24358.9 18575.8 0.957609
24516.9 18727.1 0.957609
24676 18879.4 0.957609
24836 19032.7 0.957609
24997.2 19187 0.957609
25159.3 19342.3 0.957609
25322.5 19498.6 0.957609
25486.8 19655.9 0.957609
25652.2 19814.3 0.957609
25818.6 19973.6 0.957609
25986.1 20134 0.957609
26154.7 20295.5 0.957609
26324.3 20457.9 0.957609
26495.1 20621.5 0.957609
26667 20786.1 0.957609
26840 20951.7 0.957609
27014.1 21118.5 0.957609
27189.4 21286.3 0.957609
27365.7 21455.2 0.957609
27543.3 21625.2 0.957609
27722 21796.3 0.957609
27901.8 21968.5 0.957609
28082.8 22141.9 0.957609
28265 22316.3 0.957609
28448.4 22491.9 0.957609
28632.9 22668.7 0.957609
28818.7 22846.5 0.957609
29005.6 23025.6 0.957609
29193.8 23205.8 0.957609
29383.2 23387.1 0.957609
29573.8 23569.7 0.957609
29765.7 23753.4 0.957609
29958.8 23938.3 0.957609
30153.1 24124.4 0.957609
30348.7 24311.7 0.957609
30545.6 24500.3 0.957609
30743.8 24690 0.957609
30943.2 24881 0.957609
31143.9 25073.3 0.957609
31346 25266.7 0.957609
31549.3 25461.5 0.957609
31754 25657.5 0.957609
31960 25854.7 0.957609
32167.3 26053.3 0.957609
32376 26253.1 0.957609
32586.1 26454.2 0.957609
32797.5 26656.7 0.957609
33010.2 26860.4 0.957609
33224.4 27065.5 0.957609
33439.9 27271.9 0.957609
33656.9 27479.6 0.957609
33875.2 27688.7 0.957609
34095 27899.2 0.957609
34316.1 28111 0.957609
34538.8 28324.2 0.957609
34762.8 28538.7 0.957609
34988.3 28754.7 0.957609
35215.3 28972 0.957609
35443.8 29190.8 0.957609
35673.7 29411 0.957609
35905.1 29632.6 0.957609
36138.1 29855.7 0.957609
36372.5 30080.2 0.957609
36608.5 30306.1 0.957609
36846 30533.6 0.957609
37085 30762.5 0.957609
37325.6 30992.8 0.957609
37567.7 31224.7 0.957609
37811.4 31458.1 0.957609
38056.7 31693 0.957609
38303.6 31929.4 0.957609
38552.1 32167.4 0.957609
38802.2 32406.9 0.957609
39053.9 32647.9 0.957609
39307.3 32890.6 0.957609
39562.3 33134.7 0.957609
39819 33380.5 0.957609
40077.3 33627.9 0.957609
40337.3 33876.9 0.957609
40599 34127.5 0.957609
40862.3 34379.7 0.957609
41127.4 34633.5 0.957609
41394.2 34889 0.957609
41662.8 35146.2 0.957609
41933.1 35405 0.957609
42205.1 35665.5 0.957609
42478.9 35927.7 0.957609
42754.5 36191.6 0.957609
43031.8 36457.2 0.957609
43311 36724.5 0.957609
43592 36993.6 0.957609
43874.8 37264.4 0.957609
44159.4 37537 0.957609
44445.9 37811.3 0.957609
44734.2 38087.4 0.957609
45024.4 38365.3 0.957609
45316.5 38645 0.957609
45610.5 38926.5 0.957609
45906.4 39209.9 0.957609
46204.2 39495.1 0.957609
46503.9 39782.1 0.957609
46805.6 40071 0.957609
47109.3 40361.8 0.957609
47414.9 40654.4 0.957609
47722.5 40949 0.957609
48032.1 41245.5 0.957609
48343.7 41543.9 0.957609
48657.3 41844.2 0.957609
48972.9 42146.5 0.957609
49290.7 42450.7 0.957609
49610.4 42756.9 0.957609
49932.3 43065.1 0.957609
50256.2 43375.3 0.957609
50582.2 43687.5 0.957609
50910.4 44001.7 0.957609
51240.6 44318 0.957609
51573.1 44636.3 0.957609
51907.6 44956.7 0.957609
52244.4 45279.2 0.957609
52583.3 45603.8 0.957609
52924.4 45930.4 0.957609
53267.8 46259.2 0.957609
53613.3 46590.1 0.957609
53961.1 46923.2 0.957609
54311.2 47258.4 0.957609
54663.5 47595.8 0.957609
55018.2 47935.4 0.957609
55375.1 48277.2 0.957609
55734.3 48621.2 0.957609
56095.9 48967.4 0.957609
