5.78741e-09 5.95396e-15 4.29514e-06
5.8738e-08 3.33166e-13 8.58285e-06
5.86595e-07 1.45059e-11 3.56977e-05
4.6076e-06 3.38009e-10 8.97843e-05
5.86875e-06 4.61297e-10 0.000114002
2.3369e-05 3.31505e-09 0.000192532
7.39119e-05 1.62978e-08 0.000292274
0.000147358 4.17301e-08 0.000330144
0.000152693 4.34471e-08 0.000292479
0.000165528 4.67976e-08 0.000304172
0.000294481 1.01986e-07 0.000463041
0.000466785 1.89679e-07 0.00054542
0.000739961 3.52227e-07 0.00041641
0.000792747 3.70702e-07 0.000446592
0.000859333 4.13069e-07 0.00055442
0.000931697 4.48502e-07 0.00055104
0.00117285 6.10601e-07 0.000697128
0.00147667 8.31244e-07 0.000750516
0.0017323 1.02935e-06 0.000535855
0.00185963 1.08409e-06 0.000525282
0.00294795 2.00733e-06 0.000908255
0.00467391 3.71532e-06 0.00105104
0.00633042 5.56999e-06 0.00091467
0.0070765 6.16755e-06 0.00093479
0.00933155 8.92099e-06 0.00127133
0.0117504 1.21316e-05 0.00137956
0.0154948 1.7543e-05 0.00122736
0.0177925 2.00421e-05 0.00125466
0.0234638 2.89812e-05 0.00164107
0.0295474 3.94039e-05 0.00177172
0.0354913 5.03041e-05 0.00128079
0.0389653 5.38549e-05 0.00125817
0.0549487 8.51279e-05 0.00191362
0.0590129 9.27925e-05 0.00199187
0.0713035 0.000119369 0.00114686
0.0787306 0.000125461 0.00110854
0.10265 0.000178607 0.00176378
0.112568 0.000193736 0.00180901
0.132297 0.000240204 0.00240921
0.146764 0.000275794 0.00181491
0.15911 0.000293738 0.00177613
0.191354 0.000375514 0.00260957
0.227502 0.000472769 0.000973271
0.245257 0.000484229 0.000805937
0.256566 0.000495831 0.00103354
0.268397 0.000508152 0.00104919
0.280773 0.000521236 0.00106507
0.293719 0.00053513 0.0010812
0.307263 0.000549885 0.00109757
0.321432 0.000565555 0.00111419
0.336253 0.000582195 0.00113106
0.351758 0.000599866 0.00114818
0.367978 0.000618631 0.00116556
0.384946 0.000638559 0.00118321
0.402697 0.000659722 0.00120112
0.421266 0.000682195 0.00121931
0.440691 0.000706061 0.00123777
0.461012 0.000731406 0.00125651
0.48227 0.00075832 0.00127553
0.504508 0.000786902 0.00129484
0.527771 0.000817254 0.00131445
0.552107 0.000849487 0.00133435
0.577566 0.000883717 0.00135455
0.604198 0.000920067 0.00137506
0.632059 0.000958668 0.00139588
0.661204 0.000999662 0.00141701
0.691693 0.00104319 0.00143847
0.723588 0.00108942 0.00146024
0.756953 0.00113852 0.00148235
0.791857 0.00119065 0.00150479
0.828371 0.00124602 0.00152758
0.866568 0.00130481 0.00155071
0.906527 0.00136725 0.00157418
0.948328 0.00143355 0.00159802
0.992057 0.00150396 0.00162221
1.0378 0.00157874 0.00164677
1.08566 0.00165815 0.0016717
1.13572 0.00174247 0.00169701
1.18809 0.00183202 0.00172271
1.24287 0.00192712 0.00174879
1.30018 0.00202811 0.00177526
1.36014 0.00213535 0.00180214
1.42285 0.00224924 0.00182943
1.48846 0.00237018 0.00185712
1.5571 0.00249862 0.00188524
1.6289 0.00263501 0.00191378
1.70401 0.00277985 0.00194276
1.78258 0.00293367 0.00197217
1.86478 0.00309701 0.00200203
1.95077 0.00327047 0.00203234
2.04072 0.00345468 0.00206311
2.13482 0.0036503 0.00209435
2.23326 0.00385804 0.00212606
2.33624 0.00407865 0.00215824
2.44396 0.00431292 0.00219092
2.55666 0.00456171 0.00222409
2.67455 0.00482591 0.00225776
2.79788 0.00510648 0.00229195
2.92689 0.00540443 0.00232665
3.06185 0.00572083 0.00236187
3.20304 0.00605684 0.00239763
3.35074 0.00641366 0.00243393
3.50524 0.00679259 0.00247078
3.66688 0.00719499 0.00250819
3.83596 0.00762232 0.00254616
4.01284 0.00807613 0.00258471
4.19788 0.00855804 0.00262385
4.39145 0.00906982 0.00266357
4.59395 0.00961329 0.0027039
4.80578 0.0101904 0.00274483
5.02738 0.0108033 0.00278639
5.2592 0.0114542 0.00282858
5.50171 0.0121454 0.0028714
5.7554 0.0128794 0.00291488
6.02079 0.0136589 0.00295901
6.29841 0.0144866 0.00300381
6.58884 0.0153657 0.00304928
6.89266 0.0162992 0.00309545
7.21049 0.0172905 0.00314232
7.54298 0.0183433 0.00318989
7.8908 0.0194612 0.00323819
8.25465 0.0206484 0.00328721
8.63529 0.0219092 0.00333698
9.03347 0.0232481 0.0033875
9.45002 0.0246699 0.00343879
9.88577 0.0261798 0.00349085
10.3416 0.0277832 0.00354371
10.8185 0.029486 0.00359736
11.3173 0.0312942 0.00365182
11.8392 0.0332145 0.00370711
12.3851 0.0352537 0.00376324
12.9562 0.0374193 0.00382021
13.5536 0.039719 0.00387805
14.1786 0.0421611 0.00393677
14.8324 0.0447546 0.00399637
15.5164 0.0475087 0.00405687
16.2318 0.0504335 0.00411829
16.9803 0.0535394 0.00418065
17.7633 0.0568378 0.00424394
18.5824 0.0603405 0.0043082
19.4392 0.0640601 0.00437342
20.3356 0.0680102 0.00443964
21.2733 0.072205 0.00450685
22.2543 0.0766597 0.00457509
23.2804 0.0813904 0.00464435
24.3539 0.0864141 0.00471467
25.4769 0.091749 0.00478605
26.6517 0.0974144 0.00485851
27.8806 0.103431 0.00493207
29.1662 0.10982 0.00500674
30.5111 0.116605 0.00508254
31.9181 0.12381 0.00515949
33.3898 0.131462 0.00523761
34.9295 0.139587 0.00531691
36.5401 0.148216 0.0053974
38.225 0.15738 0.00547912
39.9877 0.167111 0.00556208
41.8315 0.177445 0.00564629
43.7605 0.188419 0.00573177
45.7783 0.200073 0.00581855
47.8892 0.212449 0.00590664
50.0974 0.225592 0.00599607
52.4075 0.239549 0.00608685
54.8241 0.254371 0.00617901
57.3521 0.27011 0.00627256
59.9967 0.286825 0.00636752
62.7632 0.304575 0.00646393
65.6573 0.323425 0.00656179
68.6849 0.343443 0.00666114
71.852 0.364701 0.00676199
75.1652 0.387275 0.00686552
75.1652 0.387275 0.00686451
75.6528 0.390653 0.00698771
76.1436 0.394113 0.00711296
76.6376 0.397658 0.0072403
77.1348 0.40129 0.00736977
77.6352 0.405011 0.00750141
78.1388 0.408822 0.00763526
78.6457 0.412727 0.00777137
79.1559 0.416728 0.00790978
79.6694 0.420826 0.00805054
80.1863 0.425023 0.00819369
80.7065 0.429324 0.00833928
81.23 0.433729 0.00848735
81.757 0.438241 0.00863797
82.2874 0.442863 0.00879117
82.8212 0.447597 0.00894701
83.3585 0.452447 0.00910553
83.8993 0.457415 0.00926681
84.4436 0.462503 0.00943088
84.9914 0.467715 0.00959781
85.5428 0.473054 0.00976765
86.0977 0.478523 0.00994046
86.6563 0.484124 0.0101163
87.2184 0.489861 0.0102952
87.7842 0.495738 0.0104773
88.3537 0.501757 0.0106626
88.9269 0.507923 0.0108512
89.5038 0.514239 0.0110431
90.0845 0.520707 0.0112385
90.6689 0.527333 0.0114373
91.2571 0.53412 0.0116397
91.8491 0.541072 0.0118457
92.4449 0.548193 0.0120555
93.0447 0.555487 0.012269
93.6483 0.562958 0.0124863
94.2558 0.570611 0.0127076
94.8673 0.578451 0.0129329
95.4827 0.586481 0.0131623
96.1021 0.594706 0.0133959
96.7256 0.603132 0.0136338
97.3531 0.611763 0.013876
97.9847 0.620605 0.0141227
98.6203 0.629662 0.0143739
99.2601 0.63894 0.0146297
99.904 0.648444 0.0148903
100.552 0.658181 0.0151557
101.204 0.668155 0.015426
101.861 0.678374 0.0157014
102.522 0.688842 0.0159819
103.187 0.699567 0.0162676
103.856 0.710554 0.0165587
104.53 0.72181 0.0168553
105.208 0.733342 0.0171574
105.891 0.745158 0.0174652
106.578 0.757263 0.0177789
107.269 0.769666 0.0180985
107.965 0.782374 0.0184241
108.665 0.795395 0.0187559
109.37 0.808736 0.0190941
110.08 0.822406 0.0194386
110.794 0.836413 0.0197898
111.513 0.850766 0.0201477
112.236 0.865473 0.0205125
112.964 0.880544 0.0208843
113.697 0.895987 0.0212632
114.435 0.911813 0.0216495
115.177 0.928032 0.0220432
115.924 0.944652 0.0224445
116.676 0.961685 0.0228536
117.433 0.979142 0.0232707
118.195 0.997032 0.0236959
118.962 1.01537 0.0241294
119.734 1.03416 0.0245713
120.51 1.05342 0.0250219
121.292 1.07316 0.0254813
122.079 1.0934 0.0259497
122.871 1.11414 0.0264273
123.668 1.1354 0.0269143
124.47 1.15719 0.0274109
125.278 1.17953 0.0279172
126.091 1.20243 0.0284336
126.909 1.2259 0.0289602
127.732 1.24996 0.0294972
128.561 1.27463 0.0300449
129.395 1.29992 0.0306034
130.234 1.32585 0.0311731
131.079 1.35244 0.0317541
131.929 1.37969 0.0323466
132.785 1.40763 0.032951
133.646 1.43628 0.0335674
134.513 1.46566 0.0341961
135.386 1.49578 0.0348374
136.264 1.52666 0.0354915
137.148 1.55833 0.0361588
138.038 1.59081 0.0368394
138.934 1.62411 0.0375337
139.835 1.65826 0.0382419
140.742 1.69328 0.0389643
141.655 1.72919 0.0397012
142.574 1.76602 0.040453
143.499 1.80379 0.0412198
144.43 1.84253 0.0420022
145.367 1.88225 0.0428002
146.31 1.923 0.0436143
147.259 1.96479 0.0444449
148.215 2.00766 0.0452921
149.176 2.05162 0.0461565
150.144 2.09672 0.0470382
151.118 2.14297 0.0479377
152.098 2.19042 0.0488554
153.085 2.23909 0.0497915
154.078 2.28901 0.0507465
155.078 2.34022 0.0517207
156.084 2.39275 0.0527146
157.096 2.44664 0.0537284
158.115 2.50193 0.0547626
159.141 2.55864 0.0558176
160.173 2.61682 0.0568939
161.213 2.67651 0.0579917
162.258 2.73775 0.0591115
163.311 2.80057 0.0602538
164.37 2.86502 0.061419
165.437 2.93115 0.0626075
166.51 2.99899 0.0638197
167.59 3.0686 0.0650561
168.678 3.14002 0.0663171
169.772 3.21329 0.0676033
170.873 3.28847 0.068915
171.982 3.3656 0.0702527
173.097 3.44474 0.0716169
174.22 3.52595 0.0730081
175.351 3.60927 0.0744268
176.488 3.69475 0.0758733
177.633 3.78247 0.0773483
178.785 3.87247 0.0788522
179.945 3.96481 0.0803855
181.113 4.05957 0.0819488
182.288 4.15679 0.0835424
183.47 4.25654 0.0851669
184.66 4.3589 0.0868229
185.858 4.46392 0.0885108
187.064 4.57167 0.0902311
188.278 4.68224 0.0919844
189.499 4.79568 0.0937711
190.728 4.91208 0.0955918
191.966 5.0315 0.097447
193.211 5.15404 0.0993372
194.464 5.27975 0.101263
195.726 5.40874 0.103225
196.996 5.54108 0.105223
198.274 5.67685 0.107258
199.56 5.81615 0.109331
200.855 5.95906 0.111441
202.158 6.10567 0.113591
203.469 6.25607 0.115779
204.789 6.41037 0.118007
206.118 6.56865 0.120274
207.455 6.73102 0.122582
208.801 6.89757 0.124931
210.155 7.06842 0.127321
211.519 7.24366 0.129752
212.891 7.4234 0.132226
214.272 7.60776 0.134742
215.662 7.79683 0.137301
217.061 7.99075 0.139903
218.469 8.18962 0.142549
219.886 8.39356 0.145239
221.313 8.60269 0.147972
222.749 8.81713 0.15075
224.194 9.03701 0.153573
225.648 9.26246 0.156441
227.112 9.4936 0.159354
228.585 9.73056 0.162312
230.068 9.97348 0.165315
231.561 10.2225 0.168364
233.063 10.4777 0.171458
234.575 10.7393 0.174598
236.097 11.0075 0.177784
237.628 11.2822 0.181015
239.17 11.5638 0.184291
240.722 11.8523 0.187613
242.283 12.148 0.19098
243.855 12.4508 0.194391
245.437 12.7611 0.197848
247.029 13.0789 0.201348
248.632 13.4044 0.204892
250.245 13.7378 0.208479
251.868 14.0792 0.212109
253.502 14.4287 0.215781
255.147 14.7867 0.219495
256.802 15.1531 0.223249
258.468 15.5282 0.227044
260.145 15.9121 0.230877
261.832 16.305 0.234748
263.531 16.707 0.238657
265.24 17.1184 0.242601
266.961 17.5393 0.24658
268.693 17.9698 0.250592
270.436 18.4102 0.254635
272.191 18.8605 0.25871
273.956 19.3209 0.262813
275.734 19.7917 0.266943
277.522 20.2729 0.271098
279.323 20.7647 0.275276
281.135 21.2674 0.279476
282.959 21.7809 0.283695
284.794 22.3056 0.287931
286.642 22.8415 0.292181
288.501 23.3888 0.296443
290.373 23.9476 0.300715
292.257 24.5181 0.304993
294.153 25.1004 0.309275
296.061 25.6947 0.313557
297.982 26.301 0.317838
299.915 26.9196 0.322112
301.86 27.5504 0.326378
303.819 28.1937 0.330631
305.79 28.8496 0.334869
307.773 29.5181 0.339086
309.77 30.1993 0.34328
311.78 30.8933 0.347446
313.802 31.6002 0.35158
315.838 32.3201 0.355677
317.887 33.0531 0.359735
319.949 33.7991 0.363747
322.025 34.5582 0.367709
324.114 35.3304 0.371617
326.217 36.1159 0.375466
328.333 36.9145 0.37925
330.463 37.7262 0.382965
332.607 38.5511 0.386605
334.764 39.3892 0.390166
336.936 40.2403 0.393641
339.122 41.1044 0.397026
341.322 41.9815 0.400314
343.536 42.8714 0.403501
345.765 43.7741 0.40658
348.008 44.6894 0.409547
350.266 45.6173 0.412394
352.538 46.5574 0.415117
354.825 47.5098 0.41771
357.127 48.4741 0.420166
359.444 49.4503 0.422481
361.776 50.4379 0.424648
364.123 51.4369 0.426662
366.485 52.447 0.428517
368.862 53.4678 0.430208
371.255 54.4991 0.431728
373.664 55.5405 0.433073
376.088 56.5917 0.434237
378.528 57.6524 0.435215
380.983 58.7221 0.436002
383.455 59.8004 0.436592
385.942 60.887 0.436983
388.446 61.9813 0.437168
390.966 63.0829 0.437143
393.502 64.1914 0.436905
396.055 65.3061 0.436449
398.625 66.4266 0.435773
401.211 67.5524 0.434872
403.813 68.6828 0.433745
406.433 69.8173 0.432387
409.07 70.9553 0.430798
411.724 72.0961 0.428974
414.395 73.2391 0.426916
417.083 74.3837 0.42462
419.789 75.5292 0.422088
422.512 76.6749 0.419318
425.253 77.8201 0.41631
428.012 78.9642 0.413066
430.788 80.1063 0.409586
433.583 81.2458 0.405872
436.396 82.3818 0.401926
439.227 83.5138 0.39775
442.076 84.6409 0.393348
444.944 85.7624 0.388724
447.831 86.8774 0.38388
450.736 87.9853 0.378822
453.66 89.0853 0.373555
456.603 90.1767 0.368085
459.565 91.2586 0.362417
462.547 92.3304 0.356559
465.547 93.3912 0.350517
468.567 94.4405 0.344299
471.607 95.4774 0.337914
474.667 96.5012 0.331369
477.746 97.5113 0.324674
480.845 98.5069 0.317838
483.965 99.4875 0.31087
487.104 100.452 0.303782
490.264 101.401 0.296583
493.445 102.333 0.289284
496.646 103.247 0.281897
499.868 104.143 0.274432
503.111 105.021 0.266902
506.375 105.88 0.259318
509.66 106.719 0.251691
512.966 107.538 0.244034
516.294 108.338 0.23636
519.643 109.117 0.228679
523.014 109.875 0.221004
526.407 110.611 0.213347
529.822 111.327 0.20572
533.26 112.021 0.198134
536.719 112.693 0.190601
540.201 113.344 0.183133
543.705 113.973 0.17574
547.233 114.58 0.168433
550.783 115.165 0.161223
554.356 115.728 0.154118
557.952 116.27 0.14713
561.572 116.79 0.140267
565.215 117.289 0.133537
568.882 117.767 0.126949
572.572 118.223 0.12051
576.287 118.659 0.114227
580.025 119.075 0.108106
583.788 119.47 0.102153
587.575 119.846 0.0963739
591.387 120.203 0.0907719
595.224 120.541 0.0853514
599.085 120.86 0.0801155
602.971 121.162 0.0750667
606.883 121.446 0.0702069
610.82 121.713 0.0655373
614.783 121.964 0.0610585
618.771 122.199 0.0567706
622.785 122.419 0.0526729
626.826 122.624 0.0487644
630.892 122.814 0.0450431
634.985 122.991 0.041507
639.104 123.156 0.0381533
643.25 123.307 0.0349787
647.423 123.447 0.0319796
651.623 123.575 0.029152
655.851 123.693 0.0264913
660.105 123.8 0.023993
664.388 123.898 0.021652
668.698 123.987 0.0194628
673.036 124.067 0.0174201
677.402 124.138 0.0155182
681.797 124.203 0.0137512
686.22 124.26 0.0121131
690.671 124.311 0.010598
695.152 124.355 0.00919976
699.662 124.393 0.00791239
704.201 124.427 0.00672986
708.769 124.455 0.00564617
713.367 124.479 0.00465546
717.995 124.498 0.00375194
722.653 124.514 0.00292996
727.341 124.526 0.00218403
732.06 124.534 0.00150883
736.809 124.54 0.000899216
741.589 124.543 0.000350249
746.4 124.544 0
751.242 124.544 0
756.115 124.544 0
761.021 124.544 0
765.958 124.544 0
770.927 124.544 0
775.928 124.544 0
780.962 124.544 0
786.028 124.544 0
791.127 124.544 0
796.26 124.544 0
801.425 124.544 0
806.624 124.544 0
811.857 124.544 0
817.124 124.544 0
822.425 124.544 0
827.76 124.544 0
833.13 124.544 0
838.535 124.544 0
843.975 124.544 0
849.45 124.544 0
854.961 124.544 0
860.507 124.544 0
866.09 124.544 0
871.708 124.544 0
877.363 124.544 0
883.055 124.544 0
888.784 124.544 0
894.55 124.544 0
900.353 124.544 0
906.194 124.544 0
912.073 124.544 0
917.99 124.544 0
923.945 124.544 0
929.939 124.544 0
935.972 124.544 0
942.044 124.544 0
948.155 124.544 0
954.306 124.544 0
960.497 124.544 0
966.728 124.544 0
973 124.544 0
979.312 124.544 0
985.665 124.544 0
992.059 124.544 0
998.495 124.544 0
1004.97 124.544 0
1011.49 124.544 0
1018.05 124.544 0
1024.66 124.544 0
1031.31 124.544 0
1038 124.544 0
1044.73 124.544 0
1051.51 124.544 0
1058.33 124.544 0
1065.2 124.544 0
1072.11 124.544 0
1079.06 124.544 0
1086.06 124.544 0
1093.11 124.544 0
1100.2 124.544 0
1107.34 124.544 0
1114.52 124.544 0
1121.75 124.544 0
1129.03 124.544 0
1136.35 124.544 0
1143.72 124.544 0
1151.14 124.544 0
1158.61 124.544 0
1166.13 124.544 0
1173.69 124.544 0
1181.31 124.544 0
1188.97 124.544 0
1196.68 124.544 0
1204.45 124.544 0
1212.26 124.544 0
1220.12 124.544 0
1228.04 124.544 0
1236.01 124.544 0
1244.02 124.544 0
1252.09 124.544 0
1260.22 124.544 0
1268.39 124.544 0
1276.62 124.544 0
1284.9 124.544 0
1293.24 124.544 0
1301.63 124.544 0
1310.07 124.544 0
1318.57 124.544 0
1327.13 124.544 0
1335.74 124.544 0
1344.4 124.544 0
1353.12 124.544 0
1361.9 124.544 0
1370.74 124.544 0
1379.63 124.544 0
1388.58 124.544 0
1397.59 124.544 0
1406.65 124.544 0
1415.78 124.544 0
1424.96 124.544 0
1434.21 124.544 0
1443.51 124.544 0
1452.88 124.544 0
1462.3 124.544 0
1471.79 124.544 0
1481.34 124.544 0
1490.95 124.544 0
1500.62 124.544 0
1510.35 124.544 0
1520.15 124.544 0
1530.01 124.544 0
1539.94 124.544 0
1549.93 124.544 0
1559.98 124.544 0
1570.1 124.544 0
1580.29 124.544 0
1590.54 124.544 0
1600.86 124.544 0
1611.25 124.544 0
1621.7 124.544 0
1632.22 124.544 0
1642.81 124.544 0
1653.47 124.544 0
1664.19 124.544 0
1674.99 124.544 0
1685.85 124.544 0
1696.79 124.544 0
1707.8 124.544 0
1718.88 124.544 0
1730.03 124.544 0
1741.25 124.544 0
1752.55 124.544 0
1763.92 124.544 0
1775.36 124.544 0
1786.88 124.544 0
1798.47 124.544 0
1810.14 124.544 0
1821.88 124.544 0
1833.7 124.544 0
1845.6 124.544 0
1857.57 124.544 0
1869.62 124.544 0
1881.75 124.544 0
1893.96 124.544 0
1906.24 124.544 0
1918.61 124.544 0
1931.06 124.544 0
1943.58 124.544 0
1956.19 124.544 0
1968.88 124.544 0
1981.66 124.544 0
1994.51 124.544 0
2007.45 124.544 0
2020.47 124.544 0
2033.58 124.544 0
2046.77 124.544 0
2060.05 124.544 0
2073.42 124.544 0
2086.87 124.544 0
2100.41 124.544 0
2114.03 124.544 0
2127.75 124.544 0
2141.55 124.544 0
2155.44 124.544 0
2169.43 124.544 0
2183.5 124.544 0
2197.66 124.544 0
2211.92 124.544 0
2226.27 124.544 0
2240.71 124.544 0
2255.25 124.544 0
2269.88 124.544 0
2284.61 124.544 0
2299.43 124.544 0
2314.34 124.544 0
2329.36 124.544 0
2344.47 124.544 0
2359.68 124.544 0
2374.99 124.544 0
2390.39 124.544 0
2405.9 124.544 0
2421.51 124.544 0
2437.22 124.544 0
2453.03 124.544 0
2468.94 124.544 0
2484.96 124.544 0
2501.08 124.544 0
2517.31 124.544 0
2533.64 124.544 0
2550.07 124.544 0
2566.62 124.544 0
2583.27 124.544 0
2600.03 124.544 0
2616.89 124.544 0
2633.87 124.544 0
2650.96 124.544 0
2668.15 124.544 0
2685.46 124.544 0
2702.89 124.544 0
2720.42 124.544 0
2738.07 124.544 0
2755.83 124.544 0
2773.71 124.544 0
2791.7 124.544 0
2809.81 124.544 0
2828.04 124.544 0
2846.39 124.544 0
2864.85 124.544 0
2883.44 124.544 0
2902.15 124.544 0
2920.97 124.544 0
2939.92 124.544 0
2958.99 124.544 0
2978.19 124.544 0
2997.51 124.544 0
3016.96 124.544 0
3036.53 124.544 0
3056.23 124.544 0
3076.05 124.544 0
3096.01 124.544 0
3116.1 124.544 0
3136.31 124.544 0
3156.66 124.546 0.000184963
3177.14 124.553 0.000546202
3197.75 124.569 0.000943293
3218.49 124.593 0.00138001
3239.37 124.627 0.00186054
3260.39 124.671 0.00238955
3281.54 124.728 0.00297219
3302.83 124.798 0.00361423
3324.25 124.883 0.00432202
3345.82 124.985 0.00510268
3367.52 125.105 0.00596407
3389.37 125.245 0.00691496
3411.36 125.409 0.00796507
3433.49 125.598 0.00912523
3455.76 125.816 0.0104074
3478.18 126.065 0.011825
3500.75 126.349 0.0133928
3523.46 126.673 0.0151271
3546.31 127.041 0.0170463
3569.32 127.458 0.0191704
3592.48 127.929 0.0215218
3615.78 128.461 0.0241251
3639.24 129.06 0.0270075
3662.85 129.736 0.0301989
3686.61 130.495 0.0337323
3710.53 131.349 0.0376438
3734.6 132.307 0.0419729
3758.82 133.382 0.0467625
3783.21 134.587 0.0520595
3807.75 135.936 0.0579144
3832.45 137.447 0.0643813
3857.32 139.136 0.0715184
3882.34 141.024 0.0793873
3907.53 143.133 0.0880526
3932.88 145.486 0.097582
3958.39 148.109 0.108045
3984.07 151.031 0.119511
4009.92 154.282 0.132051
4035.93 157.895 0.145733
4062.11 161.905 0.16062
4088.47 166.351 0.17677
4114.99 171.271 0.194233
4141.68 176.707 0.213044
4168.55 182.702 0.233226
4195.6 189.301 0.254782
4222.81 196.548 0.277694
4250.21 204.487 0.30192
4277.78 213.163 0.327391
4305.53 222.618 0.35401
4333.46 232.892 0.381652
4361.58 244.022 0.410163
4389.87 256.04 0.439365
4418.35 268.976 0.469056
4447.01 282.85 0.499019
4475.86 297.679 0.529023
4504.9 313.473 0.558836
4534.12 330.234 0.588227
4563.54 347.959 0.616976
4593.14 366.638 0.644878
4622.94 386.254 0.671752
4652.93 406.786 0.697444
4683.12 428.206 0.721827
4713.5 450.485 0.744808
4744.08 473.589 0.766321
4774.85 497.482 0.786334
4805.83 522.126 0.804838
4837.01 547.484 0.821849
4868.39 573.517 0.837405
4899.97 600.188 0.851559
4931.76 627.461 0.864377
4963.75 655.301 0.875935
4995.95 683.674 0.886315
5028.36 712.551 0.895602
5060.98 741.901 0.903882
5093.82 771.699 0.911241
5126.86 801.919 0.917762
5160.12 832.539 0.923523
5193.6 863.539 0.928602
5227.29 894.902 0.933067
5261.2 926.61 0.936984
5295.33 958.649 0.940414
5329.68 991.006 0.94341
5364.26 1023.67 0.946024
5399.06 1056.63 0.948299
5434.09 1089.88 0.950277
5469.34 1123.41 0.951993
5504.82 1157.22 0.95348
5540.53 1191.29 0.954767
5576.48 1225.63 0.955879
5612.65 1260.22 0.956839
5649.06 1295.08 0.957665
5685.71 1330.19 0.958377
5722.6 1365.55 0.958989
5759.72 1401.16 0.959514
5797.09 1437.02 0.959964
5834.69 1473.13 0.96035
5872.55 1509.49 0.96068
5910.64 1546.09 0.960962
5948.99 1582.95 0.961202
5987.58 1620.04 0.961407
6026.42 1657.39 0.961582
6065.52 1694.99 0.961731
6104.87 1732.83 0.961857
6144.47 1770.93 0.961964
6184.33 1809.28 0.962055
6224.45 1847.88 0.962132
6264.83 1886.73 0.962197
6305.48 1925.84 0.962251
6346.38 1965.2 0.962298
6387.55 2004.82 0.962337
6428.99 2044.7 0.96237
6470.7 2084.84 0.962397
6512.68 2125.24 0.962421
6554.93 2165.9 0.96244
6597.45 2206.83 0.962456
6640.25 2248.02 0.96247
6683.33 2289.48 0.962481
6726.69 2331.21 0.962491
6770.32 2373.21 0.962499
6814.25 2415.49 0.962505
6858.45 2458.04 0.962511
6902.95 2500.86 0.962515
6947.73 2543.96 0.962519
6992.8 2587.35 0.962522
7038.16 2631.01 0.962525
7083.82 2674.96 0.962527
7129.78 2719.19 0.962529
7176.03 2763.71 0.96253
7222.59 2808.52 0.962532
7269.44 2853.62 0.962533
7316.6 2899.02 0.962533
7364.07 2944.7 0.962534
7411.84 2990.69 0.962535
7459.92 3036.97 0.962535
7508.32 3083.55 0.962535
7557.03 3130.43 0.962536
7606.05 3177.62 0.962536
7655.39 3225.12 0.962536
7705.06 3272.92 0.962536
7755.04 3321.03 0.962536
7805.35 3369.46 0.962537
7855.99 3418.2 0.962537
7906.95 3467.25 0.962537
7958.25 3516.63 0.962537
8009.88 3566.32 0.962537
8061.84 3616.34 0.962537
8114.14 3666.68 0.962537
8166.78 3717.34 0.962537
8219.76 3768.34 0.962537
8273.08 3819.67 0.962537
8326.76 3871.33 0.962537
8380.77 3923.32 0.962537
8435.14 3975.65 0.962537
8489.86 4028.32 0.962537
8544.94 4081.34 0.962537
8600.38 4134.7 0.962537
8656.17 4188.4 0.962537
8712.32 4242.45 0.962537
8768.84 4296.85 0.962537
8825.73 4351.61 0.962537
8882.99 4406.72 0.962537
8940.61 4462.19 0.962537
8998.61 4518.02 0.962537
9056.99 4574.21 0.962537
9115.75 4630.76 0.962537
9174.89 4687.68 0.962537
9234.41 4744.97 0.962537
9294.31 4802.64 0.962537
9354.61 4860.67 0.962537
9415.29 4919.09 0.962537
9476.38 4977.88 0.962537
9537.85 5037.05 0.962537
9599.73 5096.61 0.962537
9662 5156.55 0.962537
9724.68 5216.88 0.962537
9787.77 5277.61 0.962537
9851.27 5338.73 0.962537
9915.18 5400.24 0.962537
9979.5 5462.15 0.962537
10044.2 5524.47 0.962537
10109.4 5587.19 0.962537
10175 5650.32 0.962537
10241 5713.85 0.962537
10307.4 5777.8 0.962537
10374.3 5842.16 0.962537
10441.6 5906.94 0.962537
10509.3 5972.14 0.962537
10577.5 6037.77 0.962537
10646.1 6103.82 0.962537
10715.2 6170.29 0.962537
10784.7 6237.2 0.962537
10854.7 6304.55 0.962537
10925.1 6372.33 0.962537
10996 6440.55 0.962537
11067.3 6509.21 0.962537
11139.1 6578.32 0.962537
11211.4 6647.87 0.962537
11284.1 6717.88 0.962537
11357.3 6788.34 0.962537
11431 6859.26 0.962537
11505.1 6930.64 0.962537
11579.8 7002.48 0.962537
11654.9 7074.79 0.962537
11730.5 7147.57 0.962537
11806.6 7220.81 0.962537
11883.2 7294.54 0.962537
11960.3 7368.74 0.962537
12037.9 7443.43 0.962537
12116 7518.59 0.962537
12194.6 7594.25 0.962537
12273.7 7670.4 0.962537
12353.3 7747.04 0.962537
12433.5 7824.18 0.962537
12514.1 7901.81 0.962537
12595.3 7979.96 0.962537
12677 8058.61 0.962537
12759.2 8137.76 0.962537
12842 8217.44 0.962537
12925.3 8297.63 0.962537
13009.2 8378.34 0.962537
13093.6 8459.57 0.962537
13178.5 8541.33 0.962537
13264 8623.62 0.962537
13350.1 8706.45 0.962537
13436.7 8789.81 0.962537
13523.8 8873.71 0.962537
13611.6 8958.16 0.962537
13699.9 9043.15 0.962537
13788.8 9128.7 0.962537
13878.2 9214.8 0.962537
13968.2 9301.46 0.962537
14058.9 9388.68 0.962537
14150.1 9476.47 0.962537
14241.9 9564.83 0.962537
14334.2 9653.76 0.962537
14427.2 9743.27 0.962537
14520.8 9833.36 0.962537
14615 9924.03 0.962537
14709.8 10015.3 0.962537
14805.3 10107.1 0.962537
14901.3 10199.6 0.962537
14998 10292.6 0.962537
15095.3 10386.3 0.962537
15193.2 10480.6 0.962537
15291.8 10575.4 0.962537
15391 10670.9 0.962537
15490.8 10767 0.962537
15591.3 10863.7 0.962537
15692.5 10961.1 0.962537
15794.3 11059.1 0.962537
15896.7 11157.7 0.962537
15999.9 11257 0.962537
16103.7 11356.9 0.962537
16208.1 11457.4 0.962537
16313.3 11558.7 0.962537
16419.1 11660.5 0.962537
16525.6 11763 0.962537
16632.8 11866.2 0.962537
16740.7 11970.1 0.962537
16849.3 12074.6 0.962537
16958.7 12179.8 0.962537
17068.7 12285.7 0.962537
17179.4 12392.3 0.962537
17290.8 12499.6 0.962537
17403 12607.6 0.962537
17515.9 12716.2 0.962537
17629.6 12825.6 0.962537
17743.9 12935.7 0.962537
17859 13046.5 0.962537
17974.9 13158 0.962537
18091.5 13270.3 0.962537
18208.9 13383.2 0.962537
18327 13496.9 0.962537
18445.9 13611.4 0.962537
18565.5 13726.5 0.962537
18686 13842.5 0.962537
18807.2 13959.2 0.962537
18929.2 14076.6 0.962537
19052 14194.8 0.962537
19175.6 14313.8 0.962537
19300 14433.5 0.962537
19425.2 14554 0.962537
19551.2 14675.3 0.962537
19678.1 14797.4 0.962537
19805.7 14920.3 0.962537
19934.2 15043.9 0.962537
20063.5 15168.4 0.962537
20193.7 15293.7 0.962537
20324.7 15419.8 0.962537
20456.6 15546.7 0.962537
20589.3 15674.5 0.962537
20722.8 15803 0.962537
20857.3 15932.4 0.962537
20992.6 16062.7 0.962537
21128.8 16193.7 0.962537
21265.8 16325.7 0.962537
21403.8 16458.5 0.962537
21542.7 16592.1 0.962537
21682.4 16726.6 0.962537
21823.1 16862 0.962537
21964.6 16998.3 0.962537
22107.1 17135.5 0.962537
22250.6 17273.5 0.962537
22394.9 17412.4 0.962537
22540.2 17552.3 0.962537
22686.4 17693 0.962537
22833.6 17834.7 0.962537
22981.7 17977.3 0.962537
23130.8 18120.8 0.962537
23280.9 18265.2 0.962537
23431.9 18410.6 0.962537
23583.9 18556.9 0.962537
23736.9 18704.2 0.962537
23890.9 18852.4 0.962537
24045.9 19001.6 0.962537
24201.9 19151.7 0.962537
24358.9 19302.8 0.962537
24516.9 19454.9 0.962537
24676 19608 0.962537
24836 19762.1 0.962537
24997.2 19917.2 0.962537
25159.3 20073.3 0.962537
25322.5 20230.4 0.962537
25486.8 20388.5 0.962537
25652.2 20547.7 0.962537
25818.6 20707.8 0.962537
25986.1 20869.1 0.962537
26154.7 21031.3 0.962537
26324.3 21194.7 0.962537
26495.1 21359 0.962537
26667 21524.5 0.962537
26840 21691 0.962537
27014.1 21858.6 0.962537
27189.4 22027.3 0.962537
27365.7 22197.1 0.962537
27543.3 22367.9 0.962537
27722 22539.9 0.962537
27901.8 22713 0.962537
28082.8 22887.3 0.962537
28265 23062.6 0.962537
28448.4 23239.1 0.962537
28632.9 23416.7 0.962537
28818.7 23595.5 0.962537
29005.6 23775.5 0.962537
29193.8 23956.6 0.962537
29383.2 24138.9 0.962537
29573.8 24322.4 0.962537
29765.7 24507.1 0.962537
29958.8 24692.9 0.962537
30153.1 24880 0.962537
30348.7 25068.3 0.962537
30545.6 25257.8 0.962537
30743.8 25448.5 0.962537
30943.2 25640.5 0.962537
31143.9 25833.7 0.962537
31346 26028.2 0.962537
31549.3 26223.9 0.962537
31754 26420.9 0.962537
31960 26619.2 0.962537
32167.3 26818.8 0.962537
32376 27019.6 0.962537
32586.1 27221.8 0.962537
32797.5 27425.3 0.962537
33010.2 27630.1 0.962537
33224.4 27836.2 0.962537
33439.9 28043.7 0.962537
33656.9 28252.5 0.962537
33875.2 28462.6 0.962537
34095 28674.2 0.962537
34316.1 28887.1 0.962537
34538.8 29101.4 0.962537
34762.8 29317 0.962537
34988.3 29534.1 0.962537
35215.3 29752.6 0.962537
35443.8 29972.5 0.962537
35673.7 30193.8 0.962537
35905.1 30416.5 0.962537
36138.1 30640.8 0.962537
36372.5 30866.4 0.962537
36608.5 31093.5 0.962537
36846 31322.1 0.962537
37085 31552.2 0.962537
37325.6 31783.8 0.962537
37567.7 32016.8 0.962537
37811.4 32251.4 0.962537
38056.7 32487.5 0.962537
38303.6 32725.2 0.962537
38552.1 32964.4 0.962537
38802.2 33205.1 0.962537
39053.9 33447.4 0.962537
39307.3 33691.2 0.962537
39562.3 33936.7 0.962537
39819 34183.7 0.962537
40077.3 34432.4 0.962537
40337.3 34682.6 0.962537
40599 34934.5 0.962537
40862.3 35188 0.962537
41127.4 35443.2 0.962537
41394.2 35700 0.962537
41662.8 35958.5 0.962537
41933.1 36218.6 0.962537
42205.1 36480.5 0.962537
42478.9 36744 0.962537
42754.5 37009.3 0.962537
43031.8 37276.2 0.962537
43311 37544.9 0.962537
43592 37815.4 0.962537
43874.8 38087.6 0.962537
44159.4 38361.6 0.962537
44445.9 38637.3 0.962537
44734.2 38914.8 0.962537
45024.4 39194.2 0.962537
45316.5 39475.3 0.962537
45610.5 39758.3 0.962537
45906.4 40043.1 0.962537
46204.2 40329.8 0.962537
46503.9 40618.3 0.962537
46805.6 40908.7 0.962537
47109.3 41200.9 0.962537
47414.9 41495.1 0.962537
47722.5 41791.2 0.962537
48032.1 42089.2 0.962537
48343.7 42389.1 0.962537
48657.3 42691 0.962537
48972.9 42994.8 0.962537
49290.7 43300.6 0.962537
49610.4 43608.4 0.962537
49932.3 43918.2 0.962537
50256.2 44230 0.962537
50582.2 44543.8 0.962537
50910.4 44859.6 0.962537
51240.6 45177.5 0.962537
51573.1 45497.5 0.962537
51907.6 45819.5 0.962537
52244.4 46143.6 0.962537
52583.3 46469.9 0.962537
52924.4 46798.2 0.962537
53267.8 47128.7 0.962537
53613.3 47461.3 0.962537
53961.1 47796.1 0.962537
54311.2 48133.1 0.962537
54663.5 48472.2 0.962537
55018.2 48813.5 0.962537
55375.1 49157.1 0.962537
55734.3 49502.9 0.962537
56095.9 49850.9 0.962537
