5.78741e-09 5.95396e-15 4.29514e-06
5.8738e-08 3.33166e-13 8.58285e-06
5.86595e-07 1.45059e-11 3.56977e-05
4.6076e-06 3.38009e-10 8.97843e-05
5.86875e-06 4.61297e-10 0.000114002
2.3369e-05 3.31505e-09 0.000192532
7.39119e-05 1.62978e-08 0.000292274
0.000147358 4.17301e-08 0.000330144
0.000152693 4.34471e-08 0.000292479
0.000165528 4.67976e-08 0.000304172
0.000294481 1.01986e-07 0.000463041
0.000466785 1.89679e-07 0.00054542
0.000739961 3.52227e-07 0.00041641
0.000792747 3.70702e-07 0.000446592
0.000859333 4.13069e-07 0.00055442
0.000931697 4.48502e-07 0.00055104
0.00117285 6.10601e-07 0.000697128
0.00147667 8.31244e-07 0.000750516
0.0017323 1.02935e-06 0.000535855
0.00185963 1.08409e-06 0.000525282
0.00294795 2.00733e-06 0.000908255
0.00467391 3.71532e-06 0.00105104
0.00633042 5.56999e-06 0.00091467
0.0070765 6.16755e-06 0.00093479
0.00933155 8.92099e-06 0.00127133
0.0117504 1.21316e-05 0.00137956
0.0154948 1.7543e-05 0.00122736
0.0177925 2.00421e-05 0.00125466
0.0234638 2.89812e-05 0.00164107
0.0295474 3.94039e-05 0.00177172
0.0354913 5.03041e-05 0.00128079
0.0389653 5.38549e-05 0.00125817
0.0549487 8.51279e-05 0.00191362
0.0590129 9.27925e-05 0.00199187
0.0713035 0.000119369 0.00114686
0.0787306 0.000125461 0.00110854
0.10265 0.000178607 0.00176378
0.112568 0.000193736 0.00180901
0.132297 0.000240204 0.00240921
0.146764 0.000275794 0.00181491
0.15911 0.000293738 0.00177613
0.191354 0.000375514 0.00260957
0.227502 0.000472769 0.000973271
0.245257 0.000484229 0.000805937
0.256566 0.000495831 0.00103354
0.268397 0.000508152 0.00104919
0.280773 0.000521236 0.00106507
0.293719 0.00053513 0.0010812
0.307263 0.000549885 0.00109757
0.321432 0.000565555 0.00111419
0.336253 0.000582195 0.00113106
0.351758 0.000599866 0.00114818
0.367978 0.000618631 0.00116556
0.384946 0.000638559 0.00118321
0.402697 0.000659722 0.00120112
0.421266 0.000682195 0.00121931
0.440691 0.000706061 0.00123777
0.461012 0.000731406 0.00125651
0.48227 0.00075832 0.00127553
0.504508 0.000786902 0.00129484
0.527771 0.000817254 0.00131445
0.552107 0.000849487 0.00133435
0.577566 0.000883717 0.00135455
0.604198 0.000920067 0.00137506
0.632059 0.000958668 0.00139588
0.661204 0.000999662 0.00141701
0.691693 0.00104319 0.00143847
0.723588 0.00108942 0.00146024
0.756953 0.00113852 0.00148235
0.791857 0.00119065 0.00150479
0.828371 0.00124602 0.00152758
0.866568 0.00130481 0.00155071
0.906527 0.00136725 0.00157418
0.948328 0.00143355 0.00159802
0.992057 0.00150396 0.00162221
1.0378 0.00157874 0.00164677
1.08566 0.00165815 0.0016717
1.13572 0.00174247 0.00169701
1.18809 0.00183202 0.00172271
1.24287 0.00192712 0.00174879
1.30018 0.00202811 0.00177526
1.36014 0.00213535 0.00180214
1.42285 0.00224924 0.00182943
1.48846 0.00237018 0.00185712
1.5571 0.00249862 0.00188524
1.6289 0.00263501 0.00191378
1.70401 0.00277985 0.00194276
1.78258 0.00293367 0.00197217
1.86478 0.00309701 0.00200203
1.95077 0.00327047 0.00203234
2.04072 0.00345468 0.00206311
2.13482 0.0036503 0.00209435
2.23326 0.00385804 0.00212606
2.33624 0.00407865 0.00215824
2.44396 0.00431292 0.00219092
2.55666 0.00456171 0.00222409
2.67455 0.00482591 0.00225776
2.79788 0.00510648 0.00229195
2.92689 0.00540443 0.00232665
3.06185 0.00572083 0.00236187
3.20304 0.00605684 0.00239763
3.35074 0.00641366 0.00243393
3.50524 0.00679259 0.00247078
3.66688 0.00719499 0.00250819
3.83596 0.00762232 0.00254616
4.01284 0.00807613 0.00258471
4.19788 0.00855804 0.00262385
4.39145 0.00906982 0.00266357
4.59395 0.00961329 0.0027039
4.80578 0.0101904 0.00274483
5.02738 0.0108033 0.00278639
5.2592 0.0114542 0.00282858
5.50171 0.0121454 0.0028714
5.7554 0.0128794 0.00291488
6.02079 0.0136589 0.00295901
6.29841 0.0144866 0.00300381
6.58884 0.0153657 0.00304928
6.89266 0.0162992 0.00309545
7.21049 0.0172905 0.00314232
7.54298 0.0183433 0.00318989
7.8908 0.0194612 0.00323819
8.25465 0.0206484 0.00328721
8.63529 0.0219092 0.00333698
9.03347 0.0232481 0.0033875
9.45002 0.0246699 0.00343879
9.88577 0.0261798 0.00349085
10.3416 0.0277832 0.00354371
10.8185 0.029486 0.00359736
11.3173 0.0312942 0.00365182
11.8392 0.0332145 0.00370711
12.3851 0.0352537 0.00376324
12.9562 0.0374193 0.00382021
13.5536 0.039719 0.00387805
14.1786 0.0421611 0.00393677
14.8324 0.0447546 0.00399637
15.5164 0.0475087 0.00405687
16.2318 0.0504335 0.00411829
16.9803 0.0535394 0.00418065
17.7633 0.0568378 0.00424394
18.5824 0.0603405 0.0043082
19.4392 0.0640601 0.00437342
20.3356 0.0680102 0.00443964
21.2733 0.072205 0.00450685
22.2543 0.0766597 0.00457509
23.2804 0.0813904 0.00464435
24.3539 0.0864141 0.00471467
25.4769 0.091749 0.00478605
26.6517 0.0974144 0.00485851
27.8806 0.103431 0.00493207
29.1662 0.10982 0.00500674
30.5111 0.116605 0.00508254
31.9181 0.12381 0.00515949
33.3898 0.131462 0.00523761
34.9295 0.139587 0.00531691
36.5401 0.148216 0.0053974
38.225 0.15738 0.00547912
39.9877 0.167111 0.00556208
41.8315 0.177445 0.00564629
43.7605 0.188419 0.00573177
45.7783 0.200073 0.00581855
47.8892 0.212449 0.00590664
50.0974 0.225592 0.00599607
52.4075 0.239549 0.00608685
54.8241 0.254371 0.00617901
57.3521 0.27011 0.00627256
59.9967 0.286825 0.00636752
62.7632 0.304575 0.00646393
65.6573 0.323425 0.00656179
68.6849 0.343443 0.00666114
71.852 0.364701 0.00676199
75.1652 0.387275 0.00686552
75.1652 0.387275 0.00686451
75.6528 0.390661 0.0070222
76.1436 0.394147 0.00718226
76.6376 0.397735 0.00734473
77.1348 0.401427 0.00750965
77.6352 0.405227 0.00767706
78.1388 0.409136 0.00784702
78.6457 0.413158 0.00801957
79.1559 0.417294 0.00819474
79.6694 0.421548 0.0083726
80.1863 0.425922 0.00855318
80.7065 0.430419 0.00873654
81.23 0.435042 0.00892272
81.757 0.439794 0.00911177
82.2874 0.444677 0.00930375
82.8212 0.449696 0.00949872
83.3585 0.454853 0.00969671
83.8993 0.460151 0.00989779
84.4436 0.465594 0.010102
84.9914 0.471185 0.0103094
85.5428 0.476927 0.0105201
86.0977 0.482824 0.0107341
86.6563 0.488881 0.0109515
87.2184 0.495099 0.0111723
87.7842 0.501484 0.0113966
88.3537 0.508039 0.0116245
88.9269 0.514769 0.011856
89.5038 0.521676 0.0120913
90.0845 0.528766 0.0123302
90.6689 0.536043 0.0125731
91.2571 0.543511 0.0128198
91.8491 0.551175 0.0130705
92.4449 0.559039 0.0133252
93.0447 0.567108 0.0135841
93.6483 0.575387 0.0138471
94.2558 0.583881 0.0141145
94.8673 0.592595 0.0143862
95.4827 0.601533 0.0146624
96.1021 0.610703 0.014943
96.7256 0.620108 0.0152283
97.3531 0.629754 0.0155183
97.9847 0.639648 0.015813
98.6203 0.649795 0.0161126
99.2601 0.660201 0.0164172
99.904 0.670872 0.0167268
100.552 0.681815 0.0170416
101.204 0.693036 0.0173616
101.861 0.704542 0.0176869
102.522 0.716339 0.0180177
103.187 0.728434 0.0183541
103.856 0.740835 0.018696
104.53 0.753549 0.0190438
105.208 0.766582 0.0193974
105.891 0.779944 0.019757
106.578 0.793642 0.0201226
107.269 0.807683 0.0204945
107.965 0.822077 0.0208726
108.665 0.836831 0.0212573
109.37 0.851954 0.0216484
110.08 0.867455 0.0220463
110.794 0.883344 0.022451
111.513 0.899629 0.0228626
112.236 0.916319 0.0232812
112.964 0.933426 0.0237071
113.697 0.950958 0.0241403
114.435 0.968926 0.024581
115.177 0.987341 0.0250294
115.924 1.00621 0.0254854
116.676 1.02555 0.0259494
117.433 1.04537 0.0264215
118.195 1.06569 0.0269018
118.962 1.0865 0.0273904
119.734 1.10783 0.0278876
120.51 1.12969 0.0283935
121.292 1.15209 0.0289083
122.079 1.17504 0.029432
122.871 1.19856 0.029965
123.668 1.22266 0.0305073
124.47 1.24736 0.0310592
125.278 1.27267 0.0316208
126.091 1.2986 0.0321924
126.909 1.32517 0.032774
127.732 1.3524 0.033366
128.561 1.38029 0.0339684
129.395 1.40888 0.0345815
130.234 1.43817 0.0352055
131.079 1.46818 0.0358406
131.929 1.49893 0.036487
132.785 1.53044 0.0371449
133.646 1.56273 0.0378145
134.513 1.59581 0.0384961
135.386 1.62971 0.0391899
136.264 1.66444 0.039896
137.148 1.70002 0.0406148
138.038 1.73648 0.0413465
138.934 1.77384 0.0420913
139.835 1.81212 0.0428494
140.742 1.85134 0.0436211
141.655 1.89153 0.0444067
142.574 1.93271 0.0452064
143.499 1.9749 0.0460205
144.43 2.01812 0.0468492
145.367 2.06242 0.0476928
146.31 2.1078 0.0485515
147.259 2.15429 0.0494257
148.215 2.20194 0.0503157
149.176 2.25075 0.0512217
150.144 2.30077 0.0521439
151.118 2.35202 0.0530828
152.098 2.40452 0.0540386
153.085 2.45833 0.0550115
154.078 2.51345 0.056002
155.078 2.56993 0.0570103
156.084 2.6278 0.0580368
157.096 2.6871 0.0590816
158.115 2.74785 0.0601453
159.141 2.8101 0.0612281
160.173 2.87388 0.0623303
161.213 2.93923 0.0634522
162.258 3.00619 0.0645943
163.311 3.0748 0.0657569
164.37 3.14509 0.0669402
165.437 3.21711 0.0681447
166.51 3.29091 0.0693707
167.59 3.36652 0.0706186
168.678 3.44398 0.0718888
169.772 3.52336 0.0731815
170.873 3.60468 0.0744972
171.982 3.68801 0.0758362
173.097 3.77338 0.077199
174.22 3.86085 0.0785858
175.351 3.95046 0.0799972
176.488 4.04228 0.0814334
177.633 4.13635 0.0828948
178.785 4.23274 0.0843819
179.945 4.33148 0.0858951
181.113 4.43265 0.0874346
182.288 4.5363 0.089001
183.47 4.6425 0.0905946
184.66 4.75129 0.0922158
185.858 4.86275 0.093865
187.064 4.97694 0.0955426
188.278 5.09392 0.097249
189.499 5.21376 0.0989847
190.728 5.33653 0.10075
191.966 5.4623 0.102545
193.211 5.59114 0.104371
194.464 5.72313 0.106227
195.726 5.85833 0.108115
196.996 5.99683 0.110034
198.274 6.13869 0.111985
199.56 6.28401 0.113968
200.855 6.43286 0.115984
202.158 6.58533 0.118034
203.469 6.74149 0.120116
204.789 6.90144 0.122233
206.118 7.06526 0.124383
207.455 7.23304 0.126568
208.801 7.40487 0.128788
210.155 7.58085 0.131043
211.519 7.76107 0.133334
212.891 7.94563 0.13566
214.272 8.13462 0.138022
215.662 8.32814 0.140421
217.061 8.52631 0.142856
218.469 8.72921 0.145329
219.886 8.93696 0.147838
221.313 9.14967 0.150385
222.749 9.36743 0.152969
224.194 9.59038 0.155591
225.648 9.81861 0.158251
227.112 10.0522 0.160949
228.585 10.2914 0.163685
230.068 10.5362 0.166459
231.561 10.7867 0.169272
233.063 11.0431 0.172123
234.575 11.3056 0.175013
236.097 11.5741 0.177941
237.628 11.8489 0.180907
239.17 12.1301 0.183912
240.722 12.4179 0.186955
242.283 12.7122 0.190036
243.855 13.0134 0.193154
245.437 13.3214 0.196311
247.029 13.6365 0.199505
248.632 13.9589 0.202736
250.245 14.2885 0.206004
251.868 14.6256 0.209308
253.502 14.9703 0.212648
255.147 15.3228 0.216024
256.802 15.6832 0.219434
258.468 16.0517 0.222879
260.145 16.4283 0.226358
261.832 16.8133 0.229869
263.531 17.2067 0.233413
265.24 17.6088 0.236988
266.961 18.0197 0.240594
268.693 18.4395 0.244229
270.436 18.8685 0.247893
272.191 19.3066 0.251585
273.956 19.7541 0.255302
275.734 20.2112 0.259045
277.522 20.6779 0.262812
279.323 21.1545 0.266601
281.135 21.6411 0.270411
282.959 22.1377 0.27424
284.794 22.6447 0.278087
286.642 23.162 0.28195
288.501 23.6899 0.285827
290.373 24.2285 0.289716
292.257 24.778 0.293616
294.153 25.3383 0.297524
296.061 25.9098 0.301438
297.982 26.4926 0.305356
299.915 27.0866 0.309276
301.86 27.6922 0.313194
303.819 28.3093 0.317109
305.79 28.9382 0.321018
307.773 29.5789 0.324917
309.77 30.2315 0.328805
311.78 30.8962 0.332678
313.802 31.573 0.336533
315.838 32.262 0.340367
317.887 32.9633 0.344177
319.949 33.6769 0.347959
322.025 34.4031 0.35171
324.114 35.1417 0.355426
326.217 35.8929 0.359104
328.333 36.6567 0.36274
330.463 37.4332 0.36633
332.607 38.2223 0.36987
334.764 39.0242 0.373356
336.936 39.8387 0.376784
339.122 40.666 0.38015
341.322 41.5059 0.383449
343.536 42.3586 0.386677
345.765 43.2239 0.38983
348.008 44.1017 0.392903
350.266 44.9921 0.395892
352.538 45.895 0.398791
354.825 46.8103 0.401597
357.127 47.7378 0.404305
359.444 48.6775 0.406909
361.776 49.6293 0.409406
364.123 50.593 0.41179
366.485 51.5684 0.414056
368.862 52.5553 0.4162
371.255 53.5537 0.418217
373.664 54.5632 0.420102
376.088 55.5837 0.42185
378.528 56.6149 0.423457
380.983 57.6565 0.424917
383.455 58.7084 0.426227
385.942 59.7701 0.427381
388.446 60.8414 0.428376
390.966 61.922 0.429207
393.502 63.0114 0.429869
396.055 64.1094 0.430358
398.625 65.2155 0.430671
401.211 66.3294 0.430803
403.813 67.4507 0.430751
406.433 68.5788 0.430511
409.07 69.7133 0.43008
411.724 70.8538 0.429455
414.395 71.9998 0.428632
417.083 73.1507 0.42761
419.789 74.3061 0.426385
422.512 75.4653 0.424956
425.253 76.6279 0.423321
428.012 77.7932 0.421477
430.788 78.9606 0.419425
433.583 80.1296 0.417161
436.396 81.2995 0.414687
439.227 82.4697 0.412002
442.076 83.6396 0.409106
444.944 84.8084 0.405998
447.831 85.9755 0.402681
450.736 87.1403 0.399155
453.66 88.302 0.395421
456.603 89.4599 0.391482
459.565 90.6134 0.387341
462.547 91.7618 0.382999
465.547 92.9042 0.37846
468.567 94.0401 0.373728
471.607 95.1687 0.368806
474.667 96.2892 0.3637
477.746 97.401 0.358414
480.845 98.5034 0.352953
483.965 99.5956 0.347323
487.104 100.677 0.34153
490.264 101.747 0.335581
493.445 102.804 0.329482
496.646 103.849 0.323242
499.868 104.88 0.316867
503.111 105.897 0.310365
506.375 106.9 0.303745
509.66 107.886 0.297015
512.966 108.857 0.290185
516.294 109.811 0.283263
519.643 110.748 0.276259
523.014 111.668 0.269183
526.407 112.569 0.262044
529.822 113.451 0.254852
533.26 114.315 0.247619
536.719 115.159 0.240353
540.201 115.983 0.233065
543.705 116.787 0.225766
547.233 117.571 0.218466
550.783 118.333 0.211175
554.356 119.075 0.203904
557.952 119.795 0.196663
561.572 120.494 0.189463
565.215 121.171 0.182312
568.882 121.827 0.175221
572.572 122.46 0.1682
576.287 123.072 0.161257
580.025 123.662 0.154402
583.788 124.231 0.147644
587.575 124.777 0.14099
591.387 125.302 0.134449
595.224 125.806 0.128028
599.085 126.288 0.121735
602.971 126.749 0.115576
606.883 127.189 0.109558
610.82 127.609 0.103685
614.783 128.009 0.0979639
618.771 128.388 0.0923987
622.785 128.748 0.0869939
626.826 129.089 0.0817529
630.892 129.411 0.0766789
634.985 129.715 0.0717745
639.104 130.001 0.0670417
643.25 130.269 0.0624821
647.423 130.521 0.0580964
651.623 130.756 0.0538853
655.851 130.976 0.0498485
660.105 131.179 0.0459856
664.388 131.368 0.0422954
668.698 131.543 0.0387763
673.036 131.704 0.0354265
677.402 131.852 0.0322435
681.797 131.987 0.0292245
686.22 132.11 0.0263664
690.671 132.221 0.0236655
695.152 132.321 0.0211182
699.662 132.411 0.0187201
704.201 132.491 0.016467
708.769 132.562 0.0143543
713.367 132.623 0.0123772
717.995 132.676 0.0105306
722.653 132.721 0.00880944
727.341 132.759 0.00720859
732.06 132.789 0.00572271
736.809 132.813 0.00434648
741.589 132.831 0.00307455
746.4 132.843 0.00190158
751.242 132.849 0.000822263
756.115 132.851 0
761.021 132.851 0
765.958 132.851 0
770.927 132.851 0
775.928 132.851 0
780.962 132.851 0
786.028 132.851 0
791.127 132.851 0
796.26 132.851 0
801.425 132.851 0
806.624 132.851 0
811.857 132.851 0
817.124 132.851 0
822.425 132.851 0
827.76 132.851 0
833.13 132.851 0
838.535 132.851 0
843.975 132.851 0
849.45 132.851 0
854.961 132.851 0
860.507 132.851 0
866.09 132.851 0
871.708 132.851 0
877.363 132.851 0
883.055 132.851 0
888.784 132.851 0
894.55 132.851 0
900.353 132.851 0
906.194 132.851 0
912.073 132.851 0
917.99 132.851 0
923.945 132.851 0
929.939 132.851 0
935.972 132.851 0
942.044 132.851 0
948.155 132.851 0
954.306 132.851 0
960.497 132.851 0
966.728 132.851 0
973 132.851 0
979.312 132.851 0
985.665 132.851 0
992.059 132.851 0
998.495 132.851 0
1004.97 132.851 0
1011.49 132.851 0
1018.05 132.851 0
1024.66 132.851 0
1031.31 132.851 0
1038 132.851 0
1044.73 132.851 0
1051.51 132.851 0
1058.33 132.851 0
1065.2 132.851 0
1072.11 132.851 0
1079.06 132.851 0
1086.06 132.851 0
1093.11 132.851 0
1100.2 132.851 0
1107.34 132.851 0
1114.52 132.851 0
1121.75 132.851 0
1129.03 132.851 0
1136.35 132.851 0
1143.72 132.851 0
1151.14 132.851 0
1158.61 132.851 0
1166.13 132.851 0
1173.69 132.851 0
1181.31 132.851 0
1188.97 132.851 0
1196.68 132.851 0
1204.45 132.851 0
1212.26 132.851 0
1220.12 132.851 0
1228.04 132.851 0
1236.01 132.851 0
1244.02 132.851 0
1252.09 132.851 0
1260.22 132.851 0
1268.39 132.851 0
1276.62 132.851 0
1284.9 132.851 0
1293.24 132.851 0
1301.63 132.851 0
1310.07 132.851 0
1318.57 132.851 0
1327.13 132.851 0
1335.74 132.851 0
1344.4 132.851 0
1353.12 132.851 0
1361.9 132.851 0
1370.74 132.851 0
1379.63 132.851 0
1388.58 132.851 0
1397.59 132.851 0
1406.65 132.851 0
1415.78 132.851 0
1424.96 132.851 0
1434.21 132.851 0
1443.51 132.851 0
1452.88 132.851 0
1462.3 132.851 0
1471.79 132.851 0
1481.34 132.851 0
1490.95 132.851 0
1500.62 132.851 0
1510.35 132.851 0
1520.15 132.851 0
1530.01 132.851 0
1539.94 132.851 0
1549.93 132.851 0
1559.98 132.851 0
1570.1 132.851 0
1580.29 132.851 0
1590.54 132.851 0
1600.86 132.851 0
1611.25 132.851 0
1621.7 132.851 0
1632.22 132.851 0
1642.81 132.851 0
1653.47 132.851 0
1664.19 132.851 0
1674.99 132.851 0
1685.85 132.851 0
1696.79 132.851 0
1707.8 132.851 0
1718.88 132.851 0
1730.03 132.851 0
1741.25 132.851 0
1752.55 132.851 0
1763.92 132.851 0
1775.36 132.851 0
1786.88 132.851 0
1798.47 132.851 0
1810.14 132.851 0
1821.88 132.851 0
1833.7 132.851 0
1845.6 132.851 0
1857.57 132.851 0
1869.62 132.851 0
1881.75 132.851 0
1893.96 132.851 0
1906.24 132.851 0
1918.61 132.851 0
1931.06 132.851 0
1943.58 132.851 0
1956.19 132.851 0
1968.88 132.851 0
1981.66 132.851 0
1994.51 132.851 0
2007.45 132.851 0
2020.47 132.851 0
2033.58 132.851 0
2046.77 132.851 0
2060.05 132.851 0
2073.42 132.851 0
2086.87 132.851 0
2100.41 132.851 0
2114.03 132.851 0
2127.75 132.851 0
2141.55 132.851 0
2155.44 132.851 0
2169.43 132.851 0
2183.5 132.851 0
2197.66 132.851 0
2211.92 132.851 0
2226.27 132.851 0
2240.71 132.851 0
2255.25 132.851 0
2269.88 132.851 0
2284.61 132.851 0
2299.43 132.851 0
2314.34 132.851 0
2329.36 132.851 0
2344.47 132.851 0
2359.68 132.851 0
2374.99 132.851 0
2390.39 132.851 0
2405.9 132.851 0
2421.51 132.851 0
2437.22 132.851 0
2453.03 132.851 0
2468.94 132.851 0
2484.96 132.851 0
2501.08 132.851 0
2517.31 132.851 0
2533.64 132.851 0
2550.07 132.851 0
2566.62 132.851 0
2583.27 132.851 0
2600.03 132.851 0
2616.89 132.851 0
2633.87 132.851 0
2650.96 132.851 0
2668.15 132.851 0
2685.46 132.851 0
2702.89 132.851 0
2720.42 132.851 0
2738.07 132.851 0
2755.83 132.851 0
2773.71 132.851 0
2791.7 132.851 0
2809.81 132.851 0
2828.04 132.851 0
2846.39 132.851 0
2864.85 132.851 0
2883.44 132.851 0
2902.15 132.851 0
2920.97 132.851 0
2939.92 132.851 0
2958.99 132.851 0
2978.19 132.851 0
2997.51 132.851 0
3016.96 132.851 0
3036.53 132.851 0
3056.23 132.851 0
3076.05 132.851 0
3096.01 132.851 0
3116.1 132.851 0
3136.31 132.851 0
3156.66 132.851 0
3177.14 132.851 0
3197.75 132.851 0
3218.49 132.851 0
3239.37 132.851 0
3260.39 132.851 0
3281.54 132.851 0
3302.83 132.851 0
3324.25 132.851 0
3345.82 132.851 0
3367.52 132.851 0
3389.37 132.851 0
3411.36 132.851 0
3433.49 132.851 0
3455.76 132.851 0
3478.18 132.851 0
3500.75 132.851 0
3523.46 132.851 0
3546.31 132.851 0
3569.32 132.851 0
3592.48 132.851 0
3615.78 132.851 0
3639.24 132.851 0
3662.85 132.851 0
3686.61 132.851 0
3710.53 132.851 0
3734.6 132.851 0
3758.82 132.851 0
3783.21 132.851 0
3807.75 132.851 0
3832.45 132.851 0
3857.32 132.851 0
3882.34 132.851 0
3907.53 132.851 0
3932.88 132.851 0
3958.39 132.851 0
3984.07 132.851 0
4009.92 132.868 0.00126436
4035.93 132.92 0.00279473
4062.11 133.017 0.00456349
4088.47 133.164 0.00660855
4114.99 133.371 0.00897382
4141.68 133.647 0.01171
4168.55 134.004 0.0148757
4195.6 134.456 0.0185383
4222.81 135.018 0.0227748
4250.21 135.709 0.0276737
4277.78 136.55 0.0333352
4305.53 137.566 0.0398728
4333.46 138.785 0.047414
4361.58 140.24 0.0561007
4389.87 141.969 0.066089
4418.35 144.014 0.0775486
4447.01 146.425 0.0906609
4475.86 149.256 0.105615
4504.9 152.569 0.122605
4534.12 156.433 0.141819
4563.54 160.923 0.163433
4593.14 166.119 0.187596
4622.94 172.108 0.214419
4652.93 178.982 0.243956
4683.12 186.832 0.276191
4713.5 195.752 0.311019
4744.08 205.831 0.348237
4774.85 217.154 0.387539
4805.83 229.793 0.428513
4837.01 243.81 0.470658
4868.39 259.249 0.513403
4899.97 276.139 0.556133
4931.76 294.486 0.59823
4963.75 314.28 0.6391
4995.95 335.49 0.678214
5028.36 358.069 0.715128
5060.98 381.958 0.749505
5093.82 407.085 0.781115
5126.86 433.372 0.809842
5160.12 460.736 0.835662
5193.6 489.095 0.858639
5227.29 518.366 0.8789
5261.2 548.471 0.896618
5295.33 579.336 0.911999
5329.68 610.894 0.925261
5364.26 643.082 0.936629
5399.06 675.845 0.946322
5434.09 709.135 0.954547
5469.34 742.908 0.961497
5504.82 777.127 0.967348
5540.53 811.76 0.972256
5576.48 846.78 0.976362
5612.65 882.163 0.979785
5649.06 917.89 0.982633
5685.71 953.945 0.984997
5722.6 990.313 0.986954
5759.72 1026.98 0.988571
5797.09 1063.95 0.989905
5834.69 1101.19 0.991003
5872.55 1138.72 0.991906
5910.64 1176.53 0.992646
5948.99 1214.6 0.993253
5987.58 1252.94 0.993749
6026.42 1291.55 0.994154
6065.52 1330.42 0.994484
6104.87 1369.56 0.994753
6144.47 1408.96 0.994971
6184.33 1448.63 0.995149
6224.45 1488.56 0.995292
6264.83 1528.75 0.995409
6305.48 1569.21 0.995503
6346.38 1609.93 0.995579
6387.55 1650.92 0.99564
6428.99 1692.18 0.995689
6470.7 1733.71 0.995728
6512.68 1775.51 0.99576
6554.93 1817.58 0.995785
6597.45 1859.92 0.995806
6640.25 1902.54 0.995822
6683.33 1945.44 0.995835
6726.69 1988.62 0.995845
6770.32 2032.08 0.995853
6814.25 2075.81 0.99586
6858.45 2119.84 0.995865
6902.95 2164.15 0.995869
6947.73 2208.74 0.995872
6992.8 2253.63 0.995875
7038.16 2298.81 0.995877
7083.82 2344.28 0.995878
7129.78 2390.05 0.99588
7176.03 2436.11 0.995881
7222.59 2482.47 0.995881
7269.44 2529.13 0.995882
7316.6 2576.1 0.995882
7364.07 2623.37 0.995883
7411.84 2670.94 0.995883
7459.92 2718.83 0.995883
7508.32 2767.03 0.995883
7557.03 2815.53 0.995883
7606.05 2864.36 0.995884
7655.39 2913.5 0.995884
7705.06 2962.96 0.995884
7755.04 3012.74 0.995884
7805.35 3062.84 0.995884
7855.99 3113.27 0.995884
7906.95 3164.02 0.995884
7958.25 3215.1 0.995884
8009.88 3266.52 0.995884
8061.84 3318.27 0.995884
8114.14 3370.35 0.995884
8166.78 3422.78 0.995884
8219.76 3475.54 0.995884
8273.08 3528.64 0.995884
8326.76 3582.09 0.995884
8380.77 3635.89 0.995884
8435.14 3690.04 0.995884
8489.86 3744.53 0.995884
8544.94 3799.38 0.995884
8600.38 3854.59 0.995884
8656.17 3910.15 0.995884
8712.32 3966.08 0.995884
8768.84 4022.36 0.995884
8825.73 4079.02 0.995884
8882.99 4136.04 0.995884
8940.61 4193.43 0.995884
8998.61 4251.19 0.995884
9056.99 4309.33 0.995884
9115.75 4367.84 0.995884
9174.89 4426.73 0.995884
9234.41 4486.01 0.995884
9294.31 4545.67 0.995884
9354.61 4605.72 0.995884
9415.29 4666.15 0.995884
9476.38 4726.98 0.995884
9537.85 4788.21 0.995884
9599.73 4849.83 0.995884
9662 4911.85 0.995884
9724.68 4974.27 0.995884
9787.77 5037.1 0.995884
9851.27 5100.33 0.995884
9915.18 5163.98 0.995884
9979.5 5228.04 0.995884
10044.2 5292.51 0.995884
10109.4 5357.4 0.995884
10175 5422.72 0.995884
10241 5488.45 0.995884
10307.4 5554.62 0.995884
10374.3 5621.21 0.995884
10441.6 5688.23 0.995884
10509.3 5755.69 0.995884
10577.5 5823.59 0.995884
10646.1 5891.93 0.995884
10715.2 5960.71 0.995884
10784.7 6029.94 0.995884
10854.7 6099.61 0.995884
10925.1 6169.74 0.995884
10996 6240.33 0.995884
11067.3 6311.37 0.995884
11139.1 6382.87 0.995884
11211.4 6454.83 0.995884
11284.1 6527.27 0.995884
11357.3 6600.17 0.995884
11431 6673.55 0.995884
11505.1 6747.4 0.995884
11579.8 6821.73 0.995884
11654.9 6896.54 0.995884
11730.5 6971.84 0.995884
11806.6 7047.63 0.995884
11883.2 7123.9 0.995884
11960.3 7200.68 0.995884
12037.9 7277.95 0.995884
12116 7355.72 0.995884
12194.6 7434 0.995884
12273.7 7512.78 0.995884
12353.3 7592.08 0.995884
12433.5 7671.89 0.995884
12514.1 7752.22 0.995884
12595.3 7833.07 0.995884
12677 7914.44 0.995884
12759.2 7996.34 0.995884
12842 8078.78 0.995884
12925.3 8161.74 0.995884
13009.2 8245.25 0.995884
13093.6 8329.3 0.995884
13178.5 8413.89 0.995884
13264 8499.03 0.995884
13350.1 8584.73 0.995884
13436.7 8670.98 0.995884
13523.8 8757.79 0.995884
13611.6 8845.16 0.995884
13699.9 8933.1 0.995884
13788.8 9021.61 0.995884
13878.2 9110.69 0.995884
13968.2 9200.36 0.995884
14058.9 9290.6 0.995884
14150.1 9381.43 0.995884
14241.9 9472.85 0.995884
14334.2 9564.86 0.995884
14427.2 9657.47 0.995884
14520.8 9750.68 0.995884
14615 9844.49 0.995884
14709.8 9938.91 0.995884
14805.3 10033.9 0.995884
14901.3 10129.6 0.995884
14998 10225.9 0.995884
15095.3 10322.8 0.995884
15193.2 10420.3 0.995884
15291.8 10518.5 0.995884
15391 10617.2 0.995884
15490.8 10716.7 0.995884
15591.3 10816.8 0.995884
15692.5 10917.5 0.995884
15794.3 11018.9 0.995884
15896.7 11120.9 0.995884
15999.9 11223.6 0.995884
16103.7 11327 0.995884
16208.1 11431 0.995884
16313.3 11535.7 0.995884
16419.1 11641.1 0.995884
16525.6 11747.2 0.995884
16632.8 11854 0.995884
16740.7 11961.4 0.995884
16849.3 12069.6 0.995884
16958.7 12178.5 0.995884
17068.7 12288 0.995884
17179.4 12398.3 0.995884
17290.8 12509.3 0.995884
17403 12621 0.995884
17515.9 12733.4 0.995884
17629.6 12846.6 0.995884
17743.9 12960.5 0.995884
17859 13075.1 0.995884
17974.9 13190.5 0.995884
18091.5 13306.6 0.995884
18208.9 13423.5 0.995884
18327 13541.2 0.995884
18445.9 13659.6 0.995884
18565.5 13778.7 0.995884
18686 13898.7 0.995884
18807.2 14019.4 0.995884
18929.2 14140.9 0.995884
19052 14263.2 0.995884
19175.6 14386.3 0.995884
19300 14510.2 0.995884
19425.2 14634.9 0.995884
19551.2 14760.4 0.995884
19678.1 14886.7 0.995884
19805.7 15013.8 0.995884
19934.2 15141.8 0.995884
20063.5 15270.6 0.995884
20193.7 15400.2 0.995884
20324.7 15530.7 0.995884
20456.6 15662 0.995884
20589.3 15794.1 0.995884
20722.8 15927.2 0.995884
20857.3 16061 0.995884
20992.6 16195.8 0.995884
21128.8 16331.4 0.995884
21265.8 16467.9 0.995884
21403.8 16605.3 0.995884
21542.7 16743.6 0.995884
21682.4 16882.8 0.995884
21823.1 17022.9 0.995884
21964.6 17163.8 0.995884
22107.1 17305.8 0.995884
22250.6 17448.6 0.995884
22394.9 17592.3 0.995884
22540.2 17737 0.995884
22686.4 17882.6 0.995884
22833.6 18029.2 0.995884
22981.7 18176.7 0.995884
23130.8 18325.2 0.995884
23280.9 18474.7 0.995884
23431.9 18625.1 0.995884
23583.9 18776.4 0.995884
23736.9 18928.8 0.995884
23890.9 19082.2 0.995884
24045.9 19236.5 0.995884
24201.9 19391.9 0.995884
24358.9 19548.2 0.995884
24516.9 19705.6 0.995884
24676 19864 0.995884
24836 20023.4 0.995884
24997.2 20183.9 0.995884
25159.3 20345.4 0.995884
25322.5 20507.9 0.995884
25486.8 20671.5 0.995884
25652.2 20836.2 0.995884
25818.6 21001.9 0.995884
25986.1 21168.7 0.995884
26154.7 21336.6 0.995884
26324.3 21505.6 0.995884
26495.1 21675.7 0.995884
26667 21846.8 0.995884
26840 22019.1 0.995884
27014.1 22192.5 0.995884
27189.4 22367.1 0.995884
27365.7 22542.7 0.995884
27543.3 22719.5 0.995884
27722 22897.5 0.995884
27901.8 23076.6 0.995884
28082.8 23256.8 0.995884
28265 23438.3 0.995884
28448.4 23620.9 0.995884
28632.9 23804.7 0.995884
28818.7 23989.7 0.995884
29005.6 24175.8 0.995884
29193.8 24363.2 0.995884
29383.2 24551.8 0.995884
29573.8 24741.7 0.995884
29765.7 24932.7 0.995884
29958.8 25125.1 0.995884
30153.1 25318.6 0.995884
30348.7 25513.4 0.995884
30545.6 25709.5 0.995884
30743.8 25906.8 0.995884
30943.2 26105.5 0.995884
31143.9 26305.4 0.995884
31346 26506.6 0.995884
31549.3 26709.1 0.995884
31754 26912.9 0.995884
31960 27118.1 0.995884
32167.3 27324.6 0.995884
32376 27532.4 0.995884
32586.1 27741.5 0.995884
32797.5 27952.1 0.995884
33010.2 28164 0.995884
33224.4 28377.2 0.995884
33439.9 28591.9 0.995884
33656.9 28807.9 0.995884
33875.2 29025.4 0.995884
34095 29244.2 0.995884
34316.1 29464.5 0.995884
34538.8 29686.2 0.995884
34762.8 29909.4 0.995884
34988.3 30133.9 0.995884
35215.3 30360 0.995884
35443.8 30587.5 0.995884
35673.7 30816.5 0.995884
35905.1 31047 0.995884
36138.1 31278.9 0.995884
36372.5 31512.4 0.995884
36608.5 31747.4 0.995884
36846 31983.9 0.995884
37085 32222 0.995884
37325.6 32461.6 0.995884
37567.7 32702.7 0.995884
37811.4 32945.4 0.995884
38056.7 33189.7 0.995884
38303.6 33435.6 0.995884
38552.1 33683.1 0.995884
38802.2 33932.1 0.995884
39053.9 34182.8 0.995884
39307.3 34435.1 0.995884
39562.3 34689.1 0.995884
39819 34944.7 0.995884
40077.3 35201.9 0.995884
40337.3 35460.9 0.995884
40599 35721.5 0.995884
40862.3 35983.8 0.995884
41127.4 36247.8 0.995884
41394.2 36513.5 0.995884
41662.8 36780.9 0.995884
41933.1 37050.1 0.995884
42205.1 37321 0.995884
42478.9 37593.7 0.995884
42754.5 37868.1 0.995884
43031.8 38144.3 0.995884
43311 38422.3 0.995884
43592 38702.1 0.995884
43874.8 38983.8 0.995884
44159.4 39267.2 0.995884
44445.9 39552.5 0.995884
44734.2 39839.7 0.995884
45024.4 40128.7 0.995884
45316.5 40419.6 0.995884
45610.5 40712.4 0.995884
45906.4 41007 0.995884
46204.2 41303.6 0.995884
46503.9 41602.1 0.995884
46805.6 41902.6 0.995884
47109.3 42205 0.995884
47414.9 42509.3 0.995884
47722.5 42815.7 0.995884
48032.1 43124 0.995884
48343.7 43434.3 0.995884
48657.3 43746.6 0.995884
48972.9 44061 0.995884
49290.7 44377.4 0.995884
49610.4 44695.8 0.995884
49932.3 45016.3 0.995884
50256.2 45338.9 0.995884
50582.2 45663.6 0.995884
50910.4 45990.4 0.995884
51240.6 46319.3 0.995884
51573.1 46650.4 0.995884
51907.6 46983.6 0.995884
52244.4 47318.9 0.995884
52583.3 47656.5 0.995884
52924.4 47996.2 0.995884
53267.8 48338.1 0.995884
53613.3 48682.3 0.995884
53961.1 49028.6 0.995884
54311.2 49377.3 0.995884
54663.5 49728.1 0.995884
55018.2 50081.3 0.995884
55375.1 50436.8 0.995884
55734.3 50794.5 0.995884
56095.9 51154.6 0.995884
