5.78741e-09 5.95396e-15 4.29514e-06
5.8738e-08 3.33166e-13 8.58285e-06
5.86595e-07 1.45059e-11 3.56977e-05
4.6076e-06 3.38009e-10 8.97843e-05
5.86875e-06 4.61297e-10 0.000114002
2.3369e-05 3.31505e-09 0.000192532
7.39119e-05 1.62978e-08 0.000292274
0.000147358 4.17301e-08 0.000330144
0.000152693 4.34471e-08 0.000292479
0.000165528 4.67976e-08 0.000304172
0.000294481 1.01986e-07 0.000463041
0.000466785 1.89679e-07 0.00054542
0.000739961 3.52227e-07 0.00041641
0.000792747 3.70702e-07 0.000446592
0.000859333 4.13069e-07 0.00055442
0.000931697 4.48502e-07 0.00055104
0.00117285 6.10601e-07 0.000697128
0.00147667 8.31244e-07 0.000750516
0.0017323 1.02935e-06 0.000535855
0.00185963 1.08409e-06 0.000525282
0.00294795 2.00733e-06 0.000908255
0.00467391 3.71532e-06 0.00105104
0.00633042 5.56999e-06 0.00091467
0.0070765 6.16755e-06 0.00093479
0.00933155 8.92099e-06 0.00127133
0.0117504 1.21316e-05 0.00137956
0.0154948 1.7543e-05 0.00122736
0.0177925 2.00421e-05 0.00125466
0.0234638 2.89812e-05 0.00164107
0.0295474 3.94039e-05 0.00177172
0.0354913 5.03041e-05 0.00128079
0.0389653 5.38549e-05 0.00125817
0.0549487 8.51279e-05 0.00191362
0.0590129 9.27925e-05 0.00199187
0.0713035 0.000119369 0.00114686
0.0787306 0.000125461 0.00110854
0.10265 0.000178607 0.00176378
0.112568 0.000193736 0.00180901
0.132297 0.000240204 0.00240921
0.146764 0.000275794 0.00181491
0.15911 0.000293738 0.00177613
0.191354 0.000375514 0.00260957
0.227502 0.000472769 0.000973271
0.245257 0.000484229 0.000805937
0.256566 0.000495831 0.00103354
0.268397 0.000508152 0.00104919
0.280773 0.000521236 0.00106507
0.293719 0.00053513 0.0010812
0.307263 0.000549885 0.00109757
0.321432 0.000565555 0.00111419
0.336253 0.000582195 0.00113106
0.351758 0.000599866 0.00114818
0.367978 0.000618631 0.00116556
0.384946 0.000638559 0.00118321
0.402697 0.000659722 0.00120112
0.421266 0.000682195 0.00121931
0.440691 0.000706061 0.00123777
0.461012 0.000731406 0.00125651
0.48227 0.00075832 0.00127553
0.504508 0.000786902 0.00129484
0.527771 0.000817254 0.00131445
0.552107 0.000849487 0.00133435
0.577566 0.000883717 0.00135455
0.604198 0.000920067 0.00137506
0.632059 0.000958668 0.00139588
0.661204 0.000999662 0.00141701
0.691693 0.00104319 0.00143847
0.723588 0.00108942 0.00146024
0.756953 0.00113852 0.00148235
0.791857 0.00119065 0.00150479
0.828371 0.00124602 0.00152758
0.866568 0.00130481 0.00155071
0.906527 0.00136725 0.00157418
0.948328 0.00143355 0.00159802
0.992057 0.00150396 0.00162221
1.0378 0.00157874 0.00164677
1.08566 0.00165815 0.0016717
1.13572 0.00174247 0.00169701
1.18809 0.00183202 0.00172271
1.24287 0.00192712 0.00174879
1.30018 0.00202811 0.00177526
1.36014 0.00213535 0.00180214
1.42285 0.00224924 0.00182943
1.48846 0.00237018 0.00185712
1.5571 0.00249862 0.00188524
1.6289 0.00263501 0.00191378
1.70401 0.00277985 0.00194276
1.78258 0.00293367 0.00197217
1.86478 0.00309701 0.00200203
1.95077 0.00327047 0.00203234
2.04072 0.00345468 0.00206311
2.13482 0.0036503 0.00209435
2.23326 0.00385804 0.00212606
2.33624 0.00407865 0.00215824
2.44396 0.00431292 0.00219092
2.55666 0.00456171 0.00222409
2.67455 0.00482591 0.00225776
2.79788 0.00510648 0.00229195
2.92689 0.00540443 0.00232665
3.06185 0.00572083 0.00236187
3.20304 0.00605684 0.00239763
3.35074 0.00641366 0.00243393
3.50524 0.00679259 0.00247078
3.66688 0.00719499 0.00250819
3.83596 0.00762232 0.00254616
4.01284 0.00807613 0.00258471
4.19788 0.00855804 0.00262385
4.39145 0.00906982 0.00266357
4.59395 0.00961329 0.0027039
4.80578 0.0101904 0.00274483
5.02738 0.0108033 0.00278639
5.2592 0.0114542 0.00282858
5.50171 0.0121454 0.0028714
5.7554 0.0128794 0.00291488
6.02079 0.0136589 0.00295901
6.29841 0.0144866 0.00300381
6.58884 0.0153657 0.00304928
6.89266 0.0162992 0.00309545
7.21049 0.0172905 0.00314232
7.54298 0.0183433 0.00318989
7.8908 0.0194612 0.00323819
8.25465 0.0206484 0.00328721
8.63529 0.0219092 0.00333698
9.03347 0.0232481 0.0033875
9.45002 0.0246699 0.00343879
9.88577 0.0261798 0.00349085
10.3416 0.0277832 0.00354371
10.8185 0.029486 0.00359736
11.3173 0.0312942 0.00365182
11.8392 0.0332145 0.00370711
12.3851 0.0352537 0.00376324
12.9562 0.0374193 0.00382021
13.5536 0.039719 0.00387805
14.1786 0.0421611 0.00393677
14.8324 0.0447546 0.00399637
15.5164 0.0475087 0.00405687
16.2318 0.0504335 0.00411829
16.9803 0.0535394 0.00418065
17.7633 0.0568378 0.00424394
18.5824 0.0603405 0.0043082
19.4392 0.0640601 0.00437342
20.3356 0.0680102 0.00443964
21.2733 0.072205 0.00450685
22.2543 0.0766597 0.00457509
23.2804 0.0813904 0.00464435
24.3539 0.0864141 0.00471467
25.4769 0.091749 0.00478605
26.6517 0.0974144 0.00485851
27.8806 0.103431 0.00493207
29.1662 0.10982 0.00500674
30.5111 0.116605 0.00508254
31.9181 0.12381 0.00515949
33.3898 0.131462 0.00523761
34.9295 0.139587 0.00531691
36.5401 0.148216 0.0053974
38.225 0.15738 0.00547912
39.9877 0.167111 0.00556208
41.8315 0.177445 0.00564629
43.7605 0.188419 0.00573177
45.7783 0.200073 0.00581855
47.8892 0.212449 0.00590664
50.0974 0.225592 0.00599607
52.4075 0.239549 0.00608685
54.8241 0.254371 0.00617901
57.3521 0.27011 0.00627256
59.9967 0.286825 0.00636752
62.7632 0.304575 0.00646393
65.6573 0.323425 0.00656179
68.6849 0.343443 0.00666114
71.852 0.364701 0.00676199
75.1652 0.387275 0.00686552
75.1652 0.387275 0.00686451
75.6528 0.390645 0.00695638
76.1436 0.394082 0.00704993
76.6376 0.397588 0.0071452
77.1348 0.401165 0.00724223
77.6352 0.404813 0.00734106
78.1388 0.408536 0.00744172
78.6457 0.412334 0.00754425
79.1559 0.41621 0.0076487
79.6694 0.420165 0.0077551
80.1863 0.424201 0.0078635
80.7065 0.428321 0.00797394
81.23 0.432525 0.00808646
81.757 0.436817 0.00820111
82.2874 0.441197 0.00831794
82.8212 0.445669 0.00843699
83.3585 0.450235 0.00855832
83.8993 0.454897 0.00868196
84.4436 0.459656 0.00880798
84.9914 0.464517 0.00893643
85.5428 0.46948 0.00906735
86.0977 0.474549 0.00920081
86.6563 0.479726 0.00933685
87.2184 0.485014 0.00947554
87.7842 0.490415 0.00961694
88.3537 0.495933 0.00976111
88.9269 0.50157 0.0099081
89.5038 0.507329 0.010058
90.0845 0.513214 0.0102108
90.6689 0.519227 0.0103667
91.2571 0.525371 0.0105256
91.8491 0.53165 0.0106877
92.4449 0.538068 0.0108531
93.0447 0.544628 0.0110217
93.6483 0.551332 0.0111937
94.2558 0.558186 0.0113692
94.8673 0.565193 0.0115482
95.4827 0.572356 0.0117308
96.1021 0.57968 0.0119171
96.7256 0.587169 0.0121072
97.3531 0.594827 0.0123012
97.9847 0.602659 0.0124991
98.6203 0.610668 0.012701
99.2601 0.61886 0.0129071
99.904 0.627239 0.0131174
100.552 0.63581 0.0133321
101.204 0.644578 0.0135512
101.861 0.653549 0.0137748
102.522 0.662727 0.014003
103.187 0.672118 0.014236
103.856 0.681727 0.0144738
104.53 0.69156 0.0147166
105.208 0.701624 0.0149645
105.891 0.711924 0.0152175
106.578 0.722466 0.0154759
107.269 0.733258 0.0157397
107.965 0.744305 0.0160091
108.665 0.755614 0.0162842
109.37 0.767193 0.0165651
110.08 0.779048 0.016852
110.794 0.791187 0.017145
111.513 0.803617 0.0174442
112.236 0.816347 0.0177498
112.964 0.829385 0.018062
113.697 0.842738 0.0183808
114.435 0.856416 0.0187065
115.177 0.870427 0.0190392
115.924 0.88478 0.0193791
116.676 0.899484 0.0197264
117.433 0.91455 0.0200812
118.195 0.929986 0.0204436
118.962 0.945804 0.020814
119.734 0.962013 0.0211924
120.51 0.978625 0.021579
121.292 0.995649 0.0219741
122.079 1.0131 0.0223778
122.871 1.03098 0.0227904
123.668 1.04932 0.0232121
124.47 1.06811 0.023643
125.278 1.08738 0.0240834
126.091 1.10714 0.0245335
126.909 1.1274 0.0249935
127.732 1.14817 0.0254637
128.561 1.16947 0.0259443
129.395 1.19131 0.0264356
130.234 1.21371 0.0269378
131.079 1.23669 0.0274512
131.929 1.26025 0.0279759
132.785 1.28443 0.0285124
133.646 1.30922 0.0290608
134.513 1.33466 0.0296215
135.386 1.36076 0.0301947
136.264 1.38754 0.0307808
137.148 1.41501 0.0313799
138.038 1.44321 0.0319925
138.934 1.47214 0.0326188
139.835 1.50182 0.0332592
140.742 1.53229 0.033914
141.655 1.56356 0.0345835
142.574 1.59566 0.0352681
143.499 1.6286 0.0359681
144.43 1.66242 0.0366839
145.367 1.69714 0.0374158
146.31 1.73277 0.0381641
147.259 1.76936 0.0389294
148.215 1.80692 0.039712
149.176 1.84549 0.0405121
150.144 1.88509 0.0413304
151.118 1.92576 0.0421671
152.098 1.96752 0.0430228
153.085 2.0104 0.0438977
154.078 2.05444 0.0447924
155.078 2.09967 0.0457073
156.084 2.14612 0.0466428
157.096 2.19384 0.0475995
158.115 2.24285 0.0485777
159.141 2.29319 0.049578
160.173 2.3449 0.0506008
161.213 2.39802 0.0516466
162.258 2.4526 0.052716
163.311 2.50866 0.0538094
164.37 2.56626 0.0549274
165.437 2.62544 0.0560705
166.51 2.68625 0.0572392
167.59 2.74872 0.0584341
168.678 2.81292 0.0596558
169.772 2.87888 0.0609047
170.873 2.94666 0.0621815
171.982 3.01632 0.0634867
173.097 3.08789 0.064821
174.22 3.16145 0.0661849
175.351 3.23704 0.067579
176.488 3.31473 0.069004
177.633 3.39457 0.0704604
178.785 3.47662 0.0719489
179.945 3.56095 0.0734702
181.113 3.64763 0.0750247
182.288 3.73671 0.0766133
183.47 3.82827 0.0782365
184.66 3.92238 0.079895
185.858 4.0191 0.0815895
187.064 4.11852 0.0833206
188.278 4.22071 0.0850889
189.499 4.32574 0.0868953
190.728 4.4337 0.0887403
191.966 4.54466 0.0906246
193.211 4.65872 0.0925489
194.464 4.77596 0.0945139
195.726 4.89646 0.0965202
196.996 5.02031 0.0985686
198.274 5.14762 0.10066
199.56 5.27847 0.102794
200.855 5.41296 0.104973
202.158 5.55119 0.107196
203.469 5.69326 0.109465
204.789 5.83928 0.11178
206.118 5.98935 0.114141
207.455 6.14359 0.11655
208.801 6.3021 0.119007
210.155 6.465 0.121513
211.519 6.6324 0.124068
212.891 6.80443 0.126672
214.272 6.98121 0.129327
215.662 7.16287 0.132033
217.061 7.34952 0.134791
218.469 7.54131 0.137601
219.886 7.73835 0.140463
221.313 7.9408 0.143378
222.749 8.14878 0.146347
224.194 8.36245 0.149369
225.648 8.58193 0.152446
227.112 8.80738 0.155578
228.585 9.03895 0.158764
230.068 9.27679 0.162006
231.561 9.52105 0.165303
233.063 9.77189 0.168656
234.575 10.0295 0.172065
236.097 10.2939 0.175529
237.628 10.5655 0.17905
239.17 10.8443 0.182626
240.722 11.1304 0.186259
242.283 11.4242 0.189947
243.855 11.7257 0.193691
245.437 12.0351 0.19749
247.029 12.3526 0.201345
248.632 12.6784 0.205254
250.245 13.0127 0.209217
251.868 13.3556 0.213233
253.502 13.7073 0.217303
255.147 14.0681 0.221424
256.802 14.4381 0.225597
258.468 14.8174 0.229821
260.145 15.2063 0.234093
261.832 15.6051 0.238414
263.531 16.0137 0.242782
265.24 16.4326 0.247196
266.961 16.8618 0.251653
268.693 17.3015 0.256153
270.436 17.752 0.260694
272.191 18.2133 0.265274
273.956 18.6858 0.269891
275.734 19.1696 0.274543
277.522 19.6649 0.279227
279.323 20.1719 0.283942
281.135 20.6907 0.288684
282.959 21.2216 0.293451
284.794 21.7646 0.29824
286.642 22.3201 0.303048
288.501 22.8881 0.307872
290.373 23.4688 0.312708
292.257 24.0625 0.317554
294.153 24.6691 0.322404
296.061 25.289 0.327257
297.982 25.9222 0.332107
299.915 26.5689 0.33695
301.86 27.2292 0.341782
303.819 27.9032 0.346598
305.79 28.5911 0.351395
307.773 29.2929 0.356166
309.77 30.0087 0.360907
311.78 30.7387 0.365612
313.802 31.483 0.370277
315.838 32.2415 0.374896
317.887 33.0143 0.379463
319.949 33.8015 0.383972
322.025 34.6031 0.388417
324.114 35.4191 0.392792
326.217 36.2495 0.397091
328.333 37.0943 0.401308
330.463 37.9535 0.405435
332.607 38.827 0.409466
334.764 39.7148 0.413395
336.936 40.6167 0.417214
339.122 41.5327 0.420917
341.322 42.4627 0.424497
343.536 43.4064 0.427946
345.765 44.3639 0.431257
348.008 45.3348 0.434423
350.266 46.3189 0.437437
352.538 47.3162 0.440293
354.825 48.3262 0.442981
357.127 49.3488 0.445496
359.444 50.3836 0.447831
361.776 51.4304 0.449978
364.123 52.4888 0.45193
366.485 53.5584 0.453681
368.862 54.6389 0.455224
371.255 55.7298 0.456552
373.664 56.8307 0.457659
376.088 57.9412 0.458539
378.528 59.0607 0.459187
380.983 60.1888 0.459595
383.455 61.3249 0.45976
385.942 62.4685 0.459676
388.446 63.619 0.459338
390.966 64.7758 0.458742
393.502 65.9382 0.457884
396.055 67.1057 0.45676
398.625 68.2775 0.455367
401.211 69.4529 0.453703
403.813 70.6313 0.451765
406.433 71.8119 0.449551
409.07 72.9939 0.447061
411.724 74.1766 0.444293
414.395 75.3593 0.441248
417.083 76.541 0.437925
419.789 77.7211 0.434327
422.512 78.8986 0.430455
425.253 80.0728 0.426311
428.012 81.2428 0.421897
430.788 82.4078 0.417219
433.583 83.5669 0.412279
436.396 84.7192 0.407083
439.227 85.864 0.401636
442.076 87.0003 0.395945
444.944 88.1273 0.390016
447.831 89.2442 0.383857
450.736 90.3501 0.377476
453.66 91.4443 0.370882
456.603 92.5258 0.364084
459.565 93.5939 0.357092
462.547 94.6478 0.349917
465.547 95.6868 0.34257
468.567 96.7101 0.335062
471.607 97.717 0.327405
474.667 98.7067 0.319613
477.746 99.6787 0.311697
480.845 100.632 0.303671
483.965 101.567 0.295548
487.104 102.482 0.287344
490.264 103.377 0.27907
493.445 104.251 0.270743
496.646 105.105 0.262376
499.868 105.936 0.253984
503.111 106.746 0.245582
506.375 107.534 0.237183
509.66 108.3 0.228803
512.966 109.042 0.220455
516.294 109.762 0.212154
519.643 110.459 0.203914
523.014 111.133 0.195747
526.407 111.783 0.187668
529.822 112.41 0.179688
533.26 113.014 0.171821
536.719 113.595 0.164078
540.201 114.153 0.15647
543.705 114.689 0.149008
547.233 115.201 0.141701
550.783 115.692 0.13456
554.356 116.16 0.127592
557.952 116.607 0.120806
561.572 117.032 0.114209
565.215 117.437 0.107806
568.882 117.82 0.101605
572.572 118.184 0.0956083
576.287 118.529 0.0898213
580.025 118.854 0.0842467
583.788 119.161 0.0788869
587.575 119.45 0.0737434
591.387 119.722 0.0688172
595.224 119.977 0.0641081
599.085 120.216 0.0596156
602.971 120.439 0.0553381
606.883 120.648 0.0512736
610.82 120.842 0.0474194
614.783 121.023 0.0437721
618.771 121.19 0.0403278
622.785 121.346 0.0370821
626.826 121.489 0.0340301
630.892 121.622 0.0311664
634.985 121.744 0.0284853
639.104 121.856 0.0259808
643.25 121.959 0.0236464
647.423 122.053 0.0214756
651.623 122.139 0.0194615
655.851 122.217 0.0175972
660.105 122.289 0.0158757
664.388 122.353 0.0142898
668.698 122.412 0.0128324
673.036 122.464 0.0114964
677.402 122.512 0.0102747
681.797 122.555 0.00916036
686.22 122.593 0.00814659
690.671 122.627 0.00722668
695.152 122.658 0.00639416
699.662 122.685 0.00564273
704.201 122.709 0.00496632
708.769 122.73 0.00435913
713.367 122.749 0.00381559
717.995 122.766 0.00333039
722.653 122.78 0.00289853
727.341 122.793 0.00251524
732.06 122.804 0.00217608
736.809 122.813 0.00187685
741.589 122.822 0.00161365
746.4 122.829 0.00138286
751.242 122.835 0.00118112
756.115 122.841 0.00100532
761.021 122.845 0.000852623
765.958 122.849 0.000720425
770.927 122.852 0.000606349
775.928 122.855 0.00050824
780.962 122.857 0.00042415
786.028 122.859 0.000352323
791.127 122.861 0.000291186
796.26 122.862 0.000239331
801.425 122.863 0.000195507
806.624 122.864 0.000158606
811.857 122.865 0.000127648
817.124 122.866 0.000101773
822.425 122.866 8.02297e-05
827.76 122.867 6.23615e-05
833.13 122.867 4.75995e-05
838.535 122.867 3.54521e-05
843.975 122.867 2.54965e-05
849.45 122.867 1.73704e-05
854.961 122.867 1.07653e-05
860.507 122.868 5.41891e-06
866.09 122.868 1.10985e-06
871.708 122.868 0
877.363 122.868 0
883.055 122.868 0
888.784 122.868 0
894.55 122.868 0
900.353 122.868 0
906.194 122.868 0
912.073 122.868 0
917.99 122.868 0
923.945 122.868 0
929.939 122.868 0
935.972 122.868 0
942.044 122.868 0
948.155 122.868 0
954.306 122.868 0
960.497 122.868 0
966.728 122.868 0
973 122.868 0
979.312 122.868 0
985.665 122.868 0
992.059 122.868 0
998.495 122.868 0
1004.97 122.868 0
1011.49 122.868 0
1018.05 122.868 0
1024.66 122.868 0
1031.31 122.868 0
1038 122.868 0
1044.73 122.868 0
1051.51 122.868 0
1058.33 122.868 0
1065.2 122.868 0
1072.11 122.868 0
1079.06 122.868 0
1086.06 122.868 0
1093.11 122.868 0
1100.2 122.868 0
1107.34 122.868 0
1114.52 122.868 0
1121.75 122.868 0
1129.03 122.868 0
1136.35 122.868 0
1143.72 122.868 0
1151.14 122.868 0
1158.61 122.868 0
1166.13 122.868 0
1173.69 122.868 0
1181.31 122.868 0
1188.97 122.868 0
1196.68 122.868 0
1204.45 122.868 0
1212.26 122.868 0
1220.12 122.868 0
1228.04 122.868 0
1236.01 122.868 0
1244.02 122.868 0
1252.09 122.868 0
1260.22 122.868 0
1268.39 122.868 0
1276.62 122.868 0
1284.9 122.868 0
1293.24 122.868 0
1301.63 122.868 0
1310.07 122.868 0
1318.57 122.868 0
1327.13 122.868 0
1335.74 122.868 0
1344.4 122.868 0
1353.12 122.868 0
1361.9 122.868 0
1370.74 122.868 0
1379.63 122.868 0
1388.58 122.868 0
1397.59 122.868 0
1406.65 122.868 0
1415.78 122.868 0
1424.96 122.868 0
1434.21 122.868 0
1443.51 122.868 0
1452.88 122.868 0
1462.3 122.868 0
1471.79 122.868 0
1481.34 122.868 0
1490.95 122.868 0
1500.62 122.868 0
1510.35 122.868 0
1520.15 122.868 0
1530.01 122.868 0
1539.94 122.868 0
1549.93 122.868 0
1559.98 122.868 0
1570.1 122.868 0
1580.29 122.868 0
1590.54 122.868 0
1600.86 122.868 0
1611.25 122.868 0
1621.7 122.868 0
1632.22 122.868 0
1642.81 122.868 0
1653.47 122.868 0
1664.19 122.868 0
1674.99 122.868 0
1685.85 122.868 0
1696.79 122.868 0
1707.8 122.868 0
1718.88 122.868 0
1730.03 122.868 0
1741.25 122.868 0
1752.55 122.868 0
1763.92 122.868 0
1775.36 122.868 0
1786.88 122.868 0
1798.47 122.868 0
1810.14 122.868 0
1821.88 122.868 0
1833.7 122.868 0
1845.6 122.868 0
1857.57 122.868 0
1869.62 122.868 0
1881.75 122.868 0
1893.96 122.868 0
1906.24 122.868 0
1918.61 122.868 0
1931.06 122.868 0
1943.58 122.868 0
1956.19 122.868 0
1968.88 122.868 0
1981.66 122.868 0
1994.51 122.868 0
2007.45 122.868 0
2020.47 122.868 0
2033.58 122.868 0
2046.77 122.868 0
2060.05 122.868 0
2073.42 122.868 0
2086.87 122.868 0
2100.41 122.868 0
2114.03 122.868 0
2127.75 122.868 0
2141.55 122.868 0
2155.44 122.868 0
2169.43 122.868 0
2183.5 122.868 0
2197.66 122.868 0
2211.92 122.868 0
2226.27 122.868 0
2240.71 122.868 0
2255.25 122.868 0
2269.88 122.868 0
2284.61 122.868 0
2299.43 122.868 0
2314.34 122.868 0
2329.36 122.868 0
2344.47 122.868 0
2359.68 122.868 0
2374.99 122.868 0
2390.39 122.868 0
2405.9 122.868 0
2421.51 122.868 0
2437.22 122.868 0
2453.03 122.868 0
2468.94 122.868 0
2484.96 122.868 0
2501.08 122.868 0
2517.31 122.868 0
2533.64 122.868 0
2550.07 122.868 0
2566.62 122.868 0
2583.27 122.868 0
2600.03 122.868 0
2616.89 122.868 0
2633.87 122.868 0
2650.96 122.868 0
2668.15 122.868 0
2685.46 122.868 0
2702.89 122.868 0
2720.42 122.868 0
2738.07 122.868 2.33714e-07
2755.83 122.868 1.49022e-06
2773.71 122.868 2.85901e-06
2791.7 122.868 4.35086e-06
2809.81 122.868 5.97768e-06
2828.04 122.868 7.75261e-06
2846.39 122.868 9.69015e-06
2864.85 122.868 1.18063e-05
2883.44 122.868 1.41188e-05
2902.15 122.869 1.66471e-05
2920.97 122.869 1.94129e-05
2939.92 122.87 2.24402e-05
2958.99 122.87 2.57554e-05
2978.19 122.871 2.93879e-05
2997.51 122.871 3.33704e-05
3016.96 122.872 3.77388e-05
3036.53 122.873 4.25334e-05
3056.23 122.873 4.77986e-05
3076.05 122.874 5.35839e-05
3096.01 122.876 5.99443e-05
3116.1 122.877 6.69409e-05
3136.31 122.878 7.46418e-05
3156.66 122.88 8.31228e-05
3177.14 122.882 9.24684e-05
3197.75 122.884 0.000102773
3218.49 122.886 0.000114141
3239.37 122.888 0.00012669
3260.39 122.891 0.000140552
3281.54 122.894 0.000155871
3302.83 122.898 0.000172813
3324.25 122.902 0.00019156
3345.82 122.906 0.000212318
3367.52 122.911 0.000235315
3389.37 122.916 0.00026081
3411.36 122.923 0.000289092
3433.49 122.929 0.000320483
3455.76 122.937 0.000355349
3478.18 122.945 0.000394099
3500.75 122.955 0.000437192
3523.46 122.965 0.000485145
3546.31 122.977 0.000538542
3569.32 122.99 0.000598039
3592.48 123.004 0.000664374
3615.78 123.021 0.000738382
3639.24 123.039 0.000821005
3662.85 123.06 0.000913306
3686.61 123.082 0.00101649
3710.53 123.108 0.0011319
3734.6 123.137 0.00126109
3758.82 123.169 0.00140579
3783.21 123.206 0.00156798
3807.75 123.246 0.00174988
3832.45 123.292 0.00195402
3857.32 123.343 0.00218329
3882.34 123.401 0.00244092
3907.53 123.466 0.00273064
3932.88 123.54 0.00305664
3958.39 123.622 0.0034237
3984.07 123.716 0.00383727
4009.92 123.821 0.00430352
4035.93 123.94 0.0048295
4062.11 124.074 0.00542322
4088.47 124.226 0.00609379
4114.99 124.397 0.00685162
4141.68 124.592 0.00770853
4168.55 124.812 0.00867799
4195.6 125.061 0.00977537
4222.81 125.344 0.0110181
4250.21 125.665 0.0124261
4277.78 126.03 0.014022
4305.53 126.444 0.0158315
4333.46 126.915 0.0178837
4361.58 127.451 0.0202118
4389.87 128.06 0.0228532
4418.35 128.753 0.0258504
4447.01 129.543 0.0292512
4475.86 130.443 0.0331092
4504.9 131.468 0.0374848
4534.12 132.635 0.0424452
4563.54 133.967 0.0480652
4593.14 135.484 0.0544273
4622.94 137.213 0.0616222
4652.93 139.183 0.0697484
4683.12 141.426 0.0789122
4713.5 143.981 0.0892264
4744.08 146.886 0.100809
4774.85 150.188 0.113782
4805.83 153.937 0.128268
4837.01 158.187 0.144384
4868.39 162.998 0.16224
4899.97 168.433 0.181932
4931.76 174.56 0.203533
4963.75 181.448 0.227087
4995.95 189.172 0.252602
5028.36 197.803 0.280039
5060.98 207.416 0.309308
5093.82 218.079 0.340262
5126.86 229.859 0.372694
5160.12 242.814 0.40634
5193.6 256.995 0.440885
5227.29 272.441 0.475971
5261.2 289.179 0.511212
5295.33 307.225 0.546209
5329.68 326.579 0.580572
5364.26 347.229 0.613931
5399.06 369.151 0.645955
5434.09 392.308 0.676367
5469.34 416.656 0.704947
5504.82 442.14 0.731538
5540.53 468.703 0.756046
5576.48 496.28 0.778435
5612.65 524.808 0.798719
5649.06 554.222 0.816957
5685.71 584.46 0.83324
5722.6 615.461 0.847684
5759.72 647.167 0.860422
5797.09 679.526 0.871595
5834.69 712.488 0.881348
5872.55 746.009 0.889824
5910.64 780.048 0.897162
5948.99 814.571 0.90349
5987.58 849.544 0.908929
6026.42 884.941 0.913591
6065.52 920.736 0.917575
6104.87 956.909 0.920972
6144.47 993.441 0.923861
6184.33 1030.32 0.926312
6224.45 1067.52 0.928388
6264.83 1105.04 0.930143
6305.48 1142.88 0.931624
6346.38 1181.01 0.932871
6387.55 1219.44 0.93392
6428.99 1258.16 0.9348
6470.7 1297.16 0.935538
6512.68 1336.45 0.936156
6554.93 1376.01 0.936673
6597.45 1415.85 0.937104
6640.25 1455.97 0.937463
6683.33 1496.36 0.937763
6726.69 1537.02 0.938011
6770.32 1577.96 0.938218
6814.25 1619.17 0.938389
6858.45 1660.66 0.938531
6902.95 1702.42 0.938648
6947.73 1744.45 0.938744
6992.8 1786.77 0.938824
7038.16 1829.36 0.93889
7083.82 1872.23 0.938944
7129.78 1915.38 0.938988
7176.03 1958.81 0.939025
7222.59 2002.53 0.939055
7269.44 2046.53 0.939079
7316.6 2090.81 0.939099
7364.07 2135.39 0.939115
7411.84 2180.25 0.939128
7459.92 2225.41 0.939139
7508.32 2270.86 0.939148
7557.03 2316.61 0.939155
7606.05 2362.65 0.939161
7655.39 2408.99 0.939166
7705.06 2455.63 0.939169
7755.04 2502.58 0.939172
7805.35 2549.83 0.939175
7855.99 2597.38 0.939177
7906.95 2645.25 0.939178
7958.25 2693.42 0.93918
8009.88 2741.91 0.939181
8061.84 2790.71 0.939181
8114.14 2839.83 0.939182
8166.78 2889.27 0.939183
8219.76 2939.03 0.939183
8273.08 2989.11 0.939183
8326.76 3039.52 0.939184
8380.77 3090.25 0.939184
8435.14 3141.31 0.939184
8489.86 3192.71 0.939184
8544.94 3244.43 0.939184
8600.38 3296.5 0.939184
8656.17 3348.9 0.939184
8712.32 3401.64 0.939184
8768.84 3454.72 0.939184
8825.73 3508.15 0.939184
8882.99 3561.92 0.939184
8940.61 3616.04 0.939185
8998.61 3670.52 0.939185
9056.99 3725.34 0.939185
9115.75 3780.53 0.939185
9174.89 3836.07 0.939185
9234.41 3891.97 0.939185
9294.31 3948.23 0.939185
9354.61 4004.86 0.939185
9415.29 4061.86 0.939185
9476.38 4119.22 0.939185
9537.85 4176.96 0.939185
9599.73 4235.07 0.939185
9662 4293.56 0.939185
9724.68 4352.43 0.939185
9787.77 4411.68 0.939185
9851.27 4471.32 0.939185
9915.18 4531.34 0.939185
9979.5 4591.75 0.939185
10044.2 4652.55 0.939185
10109.4 4713.75 0.939185
10175 4775.35 0.939185
10241 4837.34 0.939185
10307.4 4899.74 0.939185
10374.3 4962.54 0.939185
10441.6 5025.75 0.939185
10509.3 5089.37 0.939185
10577.5 5153.4 0.939185
10646.1 5217.84 0.939185
10715.2 5282.71 0.939185
10784.7 5348 0.939185
10854.7 5413.7 0.939185
10925.1 5479.84 0.939185
10996 5546.41 0.939185
11067.3 5613.4 0.939185
11139.1 5680.83 0.939185
11211.4 5748.7 0.939185
11284.1 5817.01 0.939185
11357.3 5885.76 0.939185
11431 5954.96 0.939185
11505.1 6024.61 0.939185
11579.8 6094.71 0.939185
11654.9 6165.26 0.939185
11730.5 6236.27 0.939185
11806.6 6307.74 0.939185
11883.2 6379.68 0.939185
11960.3 6452.08 0.939185
12037.9 6524.95 0.939185
12116 6598.3 0.939185
12194.6 6672.12 0.939185
12273.7 6746.42 0.939185
12353.3 6821.2 0.939185
12433.5 6896.47 0.939185
12514.1 6972.22 0.939185
12595.3 7048.47 0.939185
12677 7125.21 0.939185
12759.2 7202.45 0.939185
12842 7280.19 0.939185
12925.3 7358.43 0.939185
13009.2 7437.18 0.939185
13093.6 7516.44 0.939185
13178.5 7596.22 0.939185
13264 7676.52 0.939185
13350.1 7757.33 0.939185
13436.7 7838.67 0.939185
13523.8 7920.54 0.939185
13611.6 8002.94 0.939185
13699.9 8085.87 0.939185
13788.8 8169.34 0.939185
13878.2 8253.35 0.939185
13968.2 8337.91 0.939185
14058.9 8423.02 0.939185
14150.1 8508.67 0.939185
14241.9 8594.89 0.939185
14334.2 8681.66 0.939185
14427.2 8769 0.939185
14520.8 8856.9 0.939185
14615 8945.37 0.939185
14709.8 9034.42 0.939185
14805.3 9124.04 0.939185
14901.3 9214.25 0.939185
14998 9305.04 0.939185
15095.3 9396.42 0.939185
15193.2 9488.39 0.939185
15291.8 9580.96 0.939185
15391 9674.13 0.939185
15490.8 9767.91 0.939185
15591.3 9862.29 0.939185
15692.5 9957.29 0.939185
15794.3 10052.9 0.939185
15896.7 10149.1 0.939185
15999.9 10246 0.939185
16103.7 10343.5 0.939185
16208.1 10441.6 0.939185
16313.3 10540.3 0.939185
16419.1 10639.7 0.939185
16525.6 10739.8 0.939185
16632.8 10840.5 0.939185
16740.7 10941.8 0.939185
16849.3 11043.8 0.939185
16958.7 11146.5 0.939185
17068.7 11249.8 0.939185
17179.4 11353.8 0.939185
17290.8 11458.5 0.939185
17403 11563.8 0.939185
17515.9 11669.8 0.939185
17629.6 11776.6 0.939185
17743.9 11884 0.939185
17859 11992.1 0.939185
17974.9 12100.9 0.939185
18091.5 12210.4 0.939185
18208.9 12320.6 0.939185
18327 12431.6 0.939185
18445.9 12543.2 0.939185
18565.5 12655.6 0.939185
18686 12768.8 0.939185
18807.2 12882.6 0.939185
18929.2 12997.2 0.939185
19052 13112.5 0.939185
19175.6 13228.6 0.939185
19300 13345.4 0.939185
19425.2 13463 0.939185
19551.2 13581.4 0.939185
19678.1 13700.5 0.939185
19805.7 13820.4 0.939185
19934.2 13941.1 0.939185
20063.5 14062.5 0.939185
20193.7 14184.8 0.939185
20324.7 14307.8 0.939185
20456.6 14431.6 0.939185
20589.3 14556.3 0.939185
20722.8 14681.7 0.939185
20857.3 14808 0.939185
20992.6 14935.1 0.939185
21128.8 15063 0.939185
21265.8 15191.7 0.939185
21403.8 15321.3 0.939185
21542.7 15451.7 0.939185
21682.4 15582.9 0.939185
21823.1 15715 0.939185
21964.6 15848 0.939185
22107.1 15981.8 0.939185
22250.6 16116.5 0.939185
22394.9 16252.1 0.939185
22540.2 16388.6 0.939185
22686.4 16525.9 0.939185
22833.6 16664.1 0.939185
22981.7 16803.2 0.939185
23130.8 16943.3 0.939185
23280.9 17084.2 0.939185
23431.9 17226 0.939185
23583.9 17368.8 0.939185
23736.9 17512.5 0.939185
23890.9 17657.1 0.939185
24045.9 17802.7 0.939185
24201.9 17949.2 0.939185
24358.9 18096.6 0.939185
24516.9 18245.1 0.939185
24676 18394.4 0.939185
24836 18544.8 0.939185
24997.2 18696.1 0.939185
25159.3 18848.4 0.939185
25322.5 19001.7 0.939185
25486.8 19156 0.939185
25652.2 19311.3 0.939185
25818.6 19467.6 0.939185
25986.1 19624.9 0.939185
26154.7 19783.2 0.939185
26324.3 19942.6 0.939185
26495.1 20102.9 0.939185
26667 20264.4 0.939185
26840 20426.9 0.939185
27014.1 20590.4 0.939185
27189.4 20755 0.939185
27365.7 20920.6 0.939185
27543.3 21087.4 0.939185
27722 21255.2 0.939185
27901.8 21424.1 0.939185
28082.8 21594.1 0.939185
28265 21765.2 0.939185
28448.4 21937.4 0.939185
28632.9 22110.7 0.939185
28818.7 22285.2 0.939185
29005.6 22460.8 0.939185
29193.8 22637.5 0.939185
29383.2 22815.4 0.939185
29573.8 22994.4 0.939185
29765.7 23174.6 0.939185
29958.8 23356 0.939185
30153.1 23538.5 0.939185
30348.7 23722.2 0.939185
30545.6 23907.1 0.939185
30743.8 24093.2 0.939185
30943.2 24280.5 0.939185
31143.9 24469.1 0.939185
31346 24658.8 0.939185
31549.3 24849.8 0.939185
31754 25042 0.939185
31960 25235.5 0.939185
32167.3 25430.2 0.939185
32376 25626.2 0.939185
32586.1 25823.5 0.939185
32797.5 26022 0.939185
33010.2 26221.9 0.939185
33224.4 26423 0.939185
33439.9 26625.4 0.939185
33656.9 26829.2 0.939185
33875.2 27034.2 0.939185
34095 27240.6 0.939185
34316.1 27448.3 0.939185
34538.8 27657.4 0.939185
34762.8 27867.9 0.939185
34988.3 28079.7 0.939185
35215.3 28292.9 0.939185
35443.8 28507.4 0.939185
35673.7 28723.4 0.939185
35905.1 28940.7 0.939185
36138.1 29159.5 0.939185
36372.5 29379.7 0.939185
36608.5 29601.3 0.939185
36846 29824.3 0.939185
37085 30048.8 0.939185
37325.6 30274.8 0.939185
37567.7 30502.2 0.939185
37811.4 30731.1 0.939185
38056.7 30961.5 0.939185
38303.6 31193.3 0.939185
38552.1 31426.7 0.939185
38802.2 31661.6 0.939185
39053.9 31898 0.939185
39307.3 32136 0.939185
39562.3 32375.5 0.939185
39819 32616.5 0.939185
40077.3 32859.1 0.939185
40337.3 33103.3 0.939185
40599 33349.1 0.939185
40862.3 33596.4 0.939185
41127.4 33845.4 0.939185
41394.2 34096 0.939185
41662.8 34348.2 0.939185
41933.1 34602 0.939185
42205.1 34857.5 0.939185
42478.9 35114.7 0.939185
42754.5 35373.5 0.939185
43031.8 35634 0.939185
43311 35896.2 0.939185
43592 36160.1 0.939185
43874.8 36425.7 0.939185
44159.4 36693 0.939185
44445.9 36962 0.939185
44734.2 37232.8 0.939185
45024.4 37505.4 0.939185
45316.5 37779.7 0.939185
45610.5 38055.8 0.939185
45906.4 38333.7 0.939185
46204.2 38613.4 0.939185
46503.9 38894.9 0.939185
46805.6 39178.3 0.939185
47109.3 39463.4 0.939185
47414.9 39750.5 0.939185
47722.5 40039.4 0.939185
48032.1 40330.1 0.939185
48343.7 40622.8 0.939185
48657.3 40917.3 0.939185
48972.9 41213.8 0.939185
49290.7 41512.2 0.939185
49610.4 41812.5 0.939185
49932.3 42114.8 0.939185
50256.2 42419 0.939185
50582.2 42725.2 0.939185
50910.4 43033.4 0.939185
51240.6 43343.6 0.939185
51573.1 43655.8 0.939185
51907.6 43970 0.939185
52244.4 44286.3 0.939185
52583.3 44604.6 0.939185
52924.4 44925 0.939185
53267.8 45247.4 0.939185
53613.3 45572 0.939185
53961.1 45898.6 0.939185
54311.2 46227.4 0.939185
54663.5 46558.3 0.939185
55018.2 46891.4 0.939185
55375.1 47226.6 0.939185
55734.3 47564 0.939185
56095.9 47903.5 0.939185
