5.78741e-09 5.95396e-15 4.29514e-06
5.8738e-08 3.33166e-13 8.58285e-06
5.86595e-07 1.45059e-11 3.56977e-05
4.6076e-06 3.38009e-10 8.97843e-05
5.86875e-06 4.61297e-10 0.000114002
2.3369e-05 3.31505e-09 0.000192532
7.39119e-05 1.62978e-08 0.000292274
0.000147358 4.17301e-08 0.000330144
0.000152693 4.34471e-08 0.000292479
0.000165528 4.67976e-08 0.000304172
0.000294481 1.01986e-07 0.000463041
0.000466785 1.89679e-07 0.00054542
0.000739961 3.52227e-07 0.00041641
0.000792747 3.70702e-07 0.000446592
0.000859333 4.13069e-07 0.00055442
0.000931697 4.48502e-07 0.00055104
0.00117285 6.10601e-07 0.000697128
0.00147667 8.31244e-07 0.000750516
0.0017323 1.02935e-06 0.000535855
0.00185963 1.08409e-06 0.000525282
0.00294795 2.00733e-06 0.000908255
0.00467391 3.71532e-06 0.00105104
0.00633042 5.56999e-06 0.00091467
0.0070765 6.16755e-06 0.00093479
0.00933155 8.92099e-06 0.00127133
0.0117504 1.21316e-05 0.00137956
0.0154948 1.7543e-05 0.00122736
0.0177925 2.00421e-05 0.00125466
0.0234638 2.89812e-05 0.00164107
0.0295474 3.94039e-05 0.00177172
0.0354913 5.03041e-05 0.00128079
0.0389653 5.38549e-05 0.00125817
0.0549487 8.51279e-05 0.00191362
0.0590129 9.27925e-05 0.00199187
0.0713035 0.000119369 0.00114686
0.0787306 0.000125461 0.00110854
0.10265 0.000178607 0.00176378
0.112568 0.000193736 0.00180901
0.132297 0.000240204 0.00240921
0.146764 0.000275794 0.00181491
0.15911 0.000293738 0.00177613
0.191354 0.000375514 0.00260957
0.227502 0.000472769 0.000973271
0.245257 0.000484229 0.000805937
0.256566 0.000495831 0.00103354
0.268397 0.000508152 0.00104919
0.280773 0.000521236 0.00106507
0.293719 0.00053513 0.0010812
0.307263 0.000549885 0.00109757
0.321432 0.000565555 0.00111419
0.336253 0.000582195 0.00113106
0.351758 0.000599866 0.00114818
0.367978 0.000618631 0.00116556
0.384946 0.000638559 0.00118321
0.402697 0.000659722 0.00120112
0.421266 0.000682195 0.00121931
0.440691 0.000706061 0.00123777
0.461012 0.000731406 0.00125651
0.48227 0.00075832 0.00127553
0.504508 0.000786902 0.00129484
0.527771 0.000817254 0.00131445
0.552107 0.000849487 0.00133435
0.577566 0.000883717 0.00135455
0.604198 0.000920067 0.00137506
0.632059 0.000958668 0.00139588
0.661204 0.000999662 0.00141701
0.691693 0.00104319 0.00143847
0.723588 0.00108942 0.00146024
0.756953 0.00113852 0.00148235
0.791857 0.00119065 0.00150479
0.828371 0.00124602 0.00152758
0.866568 0.00130481 0.00155071
0.906527 0.00136725 0.00157418
0.948328 0.00143355 0.00159802
0.992057 0.00150396 0.00162221
1.0378 0.00157874 0.00164677
1.08566 0.00165815 0.0016717
1.13572 0.00174247 0.00169701
1.18809 0.00183202 0.00172271
1.24287 0.00192712 0.00174879
1.30018 0.00202811 0.00177526
1.36014 0.00213535 0.00180214
1.42285 0.00224924 0.00182943
1.48846 0.00237018 0.00185712
1.5571 0.00249862 0.00188524
1.6289 0.00263501 0.00191378
1.70401 0.00277985 0.00194276
1.78258 0.00293367 0.00197217
1.86478 0.00309701 0.00200203
1.95077 0.00327047 0.00203234
2.04072 0.00345468 0.00206311
2.13482 0.0036503 0.00209435
2.23326 0.00385804 0.00212606
2.33624 0.00407865 0.00215824
2.44396 0.00431292 0.00219092
2.55666 0.00456171 0.00222409
2.67455 0.00482591 0.00225776
2.79788 0.00510648 0.00229195
2.92689 0.00540443 0.00232665
3.06185 0.00572083 0.00236187
3.20304 0.00605684 0.00239763
3.35074 0.00641366 0.00243393
3.50524 0.00679259 0.00247078
3.66688 0.00719499 0.00250819
3.83596 0.00762232 0.00254616
4.01284 0.00807613 0.00258471
4.19788 0.00855804 0.00262385
4.39145 0.00906982 0.00266357
4.59395 0.00961329 0.0027039
4.80578 0.0101904 0.00274483
5.02738 0.0108033 0.00278639
5.2592 0.0114542 0.00282858
5.50171 0.0121454 0.0028714
5.7554 0.0128794 0.00291488
6.02079 0.0136589 0.00295901
6.29841 0.0144866 0.00300381
6.58884 0.0153657 0.00304928
6.89266 0.0162992 0.00309545
7.21049 0.0172905 0.00314232
7.54298 0.0183433 0.00318989
7.8908 0.0194612 0.00323819
8.25465 0.0206484 0.00328721
8.63529 0.0219092 0.00333698
9.03347 0.0232481 0.0033875
9.45002 0.0246699 0.00343879
9.88577 0.0261798 0.00349085
10.3416 0.0277832 0.00354371
10.8185 0.029486 0.00359736
11.3173 0.0312942 0.00365182
11.8392 0.0332145 0.00370711
12.3851 0.0352537 0.00376324
12.9562 0.0374193 0.00382021
13.5536 0.039719 0.00387805
14.1786 0.0421611 0.00393677
14.8324 0.0447546 0.00399637
15.5164 0.0475087 0.00405687
16.2318 0.0504335 0.00411829
16.9803 0.0535394 0.00418065
17.7633 0.0568378 0.00424394
18.5824 0.0603405 0.0043082
19.4392 0.0640601 0.00437342
20.3356 0.0680102 0.00443964
21.2733 0.072205 0.00450685
22.2543 0.0766597 0.00457509
23.2804 0.0813904 0.00464435
24.3539 0.0864141 0.00471467
25.4769 0.091749 0.00478605
26.6517 0.0974144 0.00485851
27.8806 0.103431 0.00493207
29.1662 0.10982 0.00500674
30.5111 0.116605 0.00508254
31.9181 0.12381 0.00515949
33.3898 0.131462 0.00523761
34.9295 0.139587 0.00531691
36.5401 0.148216 0.0053974
38.225 0.15738 0.00547912
39.9877 0.167111 0.00556208
41.8315 0.177445 0.00564629
43.7605 0.188419 0.00573177
45.7783 0.200073 0.00581855
47.8892 0.212449 0.00590664
50.0974 0.225592 0.00599607
52.4075 0.239549 0.00608685
54.8241 0.254371 0.00617901
57.3521 0.27011 0.00627256
59.9967 0.286825 0.00636752
62.7632 0.304575 0.00646393
65.6573 0.323425 0.00656179
68.6849 0.343443 0.00666114
71.852 0.364701 0.00676199
75.1652 0.387275 0.00686552
75.1652 0.387275 0.00686451
75.6528 0.39076 0.00742923
76.1436 0.394546 0.00799695
76.6376 0.398637 0.0085677
77.1348 0.403039 0.00914148
77.6352 0.407758 0.0097183
78.1388 0.412799 0.0102982
78.6457 0.418167 0.0108811
79.1559 0.423868 0.0114671
79.6694 0.429908 0.0120562
80.1863 0.436292 0.0126484
80.7065 0.443026 0.0132437
81.23 0.450117 0.0138421
81.757 0.45757 0.0144436
82.2874 0.465391 0.0150482
82.8212 0.473586 0.015656
83.3585 0.482162 0.0162669
83.8993 0.491125 0.016881
84.4436 0.500481 0.0174982
84.9914 0.510237 0.0181186
85.5428 0.520399 0.0187422
86.0977 0.530973 0.019369
86.6563 0.541968 0.019999
87.2184 0.553389 0.0206322
87.7842 0.565243 0.0212686
88.3537 0.577537 0.0219082
88.9269 0.590279 0.0225511
89.5038 0.603475 0.0231972
90.0845 0.617133 0.0238465
90.6689 0.631259 0.0244991
91.2571 0.645863 0.025155
91.8491 0.66095 0.0258141
92.4449 0.676529 0.0264765
93.0447 0.692607 0.0271422
93.6483 0.709192 0.0278111
94.2558 0.726293 0.0284834
94.8673 0.743916 0.0291589
95.4827 0.76207 0.0298378
96.1021 0.780764 0.03052
96.7256 0.800005 0.0312055
97.3531 0.819803 0.0318943
97.9847 0.840165 0.0325864
98.6203 0.8611 0.0332819
99.2601 0.882616 0.0339807
99.904 0.904724 0.0346828
100.552 0.927431 0.0353883
101.204 0.950746 0.0360972
101.861 0.97468 0.0368094
102.522 0.99924 0.0375249
103.187 1.02444 0.0382439
103.856 1.05028 0.0389661
104.53 1.07678 0.0396918
105.208 1.10394 0.0404208
105.891 1.13178 0.0411532
106.578 1.1603 0.041889
107.269 1.18952 0.0426281
107.965 1.21944 0.0433706
108.665 1.25008 0.0441165
109.37 1.28144 0.0448658
110.08 1.31355 0.0456184
110.794 1.34639 0.0463745
111.513 1.38 0.0471339
112.236 1.41437 0.0478967
112.964 1.44952 0.0486628
113.697 1.48547 0.0494324
114.435 1.52221 0.0502053
115.177 1.55977 0.0509816
115.924 1.59816 0.0517613
116.676 1.63738 0.0525443
117.433 1.67745 0.0533307
118.195 1.71838 0.0541205
118.962 1.76018 0.0549136
119.734 1.80287 0.0557101
120.51 1.84645 0.0565099
121.292 1.89094 0.0573131
122.079 1.93636 0.0581196
122.871 1.98271 0.0589295
123.668 2.03001 0.0597427
124.47 2.07826 0.0605592
125.278 2.1275 0.061379
126.091 2.17771 0.0622021
126.909 2.22893 0.0630286
127.732 2.28117 0.0638583
128.561 2.33443 0.0646913
129.395 2.38873 0.0655276
130.234 2.44409 0.0663671
131.079 2.50052 0.0672099
131.929 2.55803 0.0680559
132.785 2.61664 0.0689052
133.646 2.67636 0.0697577
134.513 2.73721 0.0706134
135.386 2.79921 0.0714722
136.264 2.86236 0.0723343
137.148 2.92669 0.0731995
138.038 2.9922 0.0740679
138.934 3.05892 0.0749393
139.835 3.12686 0.0758139
140.742 3.19603 0.0766916
141.655 3.26645 0.0775724
142.574 3.33815 0.0784563
143.499 3.41112 0.0793432
144.43 3.4854 0.0802331
145.367 3.56099 0.081126
146.31 3.63792 0.0820219
147.259 3.7162 0.0829207
148.215 3.79585 0.0838225
149.176 3.87688 0.0847272
150.144 3.95932 0.0856348
151.118 4.04317 0.0865452
152.098 4.12846 0.0874585
153.085 4.21521 0.0883746
154.078 4.30343 0.0892934
155.078 4.39315 0.0902151
156.084 4.48437 0.0911394
157.096 4.57713 0.0920665
158.115 4.67143 0.0929962
159.141 4.7673 0.0939285
160.173 4.86475 0.0948635
161.213 4.96381 0.095801
162.258 5.0645 0.096741
163.311 5.16683 0.0976836
164.37 5.27082 0.0986286
165.437 5.37649 0.099576
166.51 5.48387 0.100526
167.59 5.59298 0.101478
168.678 5.70382 0.102432
169.772 5.81644 0.103389
170.873 5.93083 0.104348
171.982 6.04704 0.105309
173.097 6.16507 0.106272
174.22 6.28495 0.107238
175.351 6.4067 0.108205
176.488 6.53034 0.109174
177.633 6.65589 0.110145
178.785 6.78338 0.111119
179.945 6.91283 0.112094
181.113 7.04425 0.11307
182.288 7.17768 0.114049
183.47 7.31313 0.115029
184.66 7.45062 0.116011
185.858 7.59019 0.116994
187.064 7.73185 0.117979
188.278 7.87562 0.118965
189.499 8.02153 0.119953
190.728 8.1696 0.120941
191.966 8.31985 0.121932
193.211 8.47232 0.122923
194.464 8.62702 0.123915
195.726 8.78397 0.124909
196.996 8.9432 0.125903
198.274 9.10474 0.126898
199.56 9.26861 0.127894
200.855 9.43483 0.128891
202.158 9.60342 0.129889
203.469 9.77442 0.130887
204.789 9.94785 0.131885
206.118 10.1237 0.132884
207.455 10.3021 0.133884
208.801 10.4829 0.134883
210.155 10.6663 0.135883
211.519 10.8523 0.136882
212.891 11.0408 0.137882
214.272 11.2319 0.138882
215.662 11.4256 0.139881
217.061 11.622 0.14088
218.469 11.8211 0.141879
219.886 12.0229 0.142877
221.313 12.2274 0.143874
222.749 12.4347 0.144871
224.194 12.6448 0.145867
225.648 12.8577 0.146862
227.112 13.0734 0.147856
228.585 13.292 0.148849
230.068 13.5134 0.14984
231.561 13.7378 0.150831
233.063 13.9651 0.151819
234.575 14.1954 0.152806
236.097 14.4287 0.153791
237.628 14.665 0.154775
239.17 14.9044 0.155756
240.722 15.1468 0.156735
242.283 15.3923 0.157712
243.855 15.641 0.158686
245.437 15.8928 0.159658
247.029 16.1478 0.160627
248.632 16.406 0.161593
250.245 16.6674 0.162557
251.868 16.932 0.163517
253.502 17.2 0.164474
255.147 17.4713 0.165427
256.802 17.7459 0.166377
258.468 18.0239 0.167323
260.145 18.3052 0.168265
261.832 18.59 0.169203
263.531 18.8782 0.170137
265.24 19.1698 0.171067
266.961 19.465 0.171991
268.693 19.7637 0.172912
270.436 20.0659 0.173827
272.191 20.3716 0.174737
273.956 20.681 0.175641
275.734 20.9939 0.176541
277.522 21.3105 0.177434
279.323 21.6308 0.178322
281.135 21.9547 0.179204
282.959 22.2823 0.180079
284.794 22.6137 0.180948
286.642 22.9488 0.18181
288.501 23.2877 0.182665
290.373 23.6303 0.183514
292.257 23.9768 0.184355
294.153 24.3272 0.185188
296.061 24.6813 0.186014
297.982 25.0394 0.186832
299.915 25.4013 0.187641
301.86 25.7672 0.188443
303.819 26.137 0.189235
305.79 26.5108 0.190019
307.773 26.8885 0.190794
309.77 27.2702 0.191559
311.78 27.6559 0.192315
313.802 28.0456 0.193061
315.838 28.4394 0.193797
317.887 28.8372 0.194522
319.949 29.2391 0.195237
322.025 29.6451 0.195941
324.114 30.0551 0.196634
326.217 30.4693 0.197315
328.333 30.8876 0.197985
330.463 31.31 0.198643
332.607 31.7366 0.199289
334.764 32.1673 0.199922
336.936 32.6021 0.200543
339.122 33.0411 0.20115
341.322 33.4843 0.201744
343.536 33.9317 0.202325
345.765 34.3832 0.202892
348.008 34.8389 0.203444
350.266 35.2989 0.203982
352.538 35.763 0.204505
354.825 36.2312 0.205013
357.127 36.7037 0.205505
359.444 37.1804 0.205982
361.776 37.6612 0.206443
364.123 38.1463 0.206887
366.485 38.6355 0.207314
368.862 39.1289 0.207725
371.255 39.6264 0.208118
373.664 40.1281 0.208493
376.088 40.634 0.208851
378.528 41.1439 0.20919
380.983 41.658 0.20951
383.455 42.1762 0.209811
385.942 42.6985 0.210093
388.446 43.2248 0.210355
390.966 43.7552 0.210597
393.502 44.2897 0.210819
396.055 44.8281 0.21102
398.625 45.3705 0.211199
401.211 45.9169 0.211358
403.813 46.4672 0.211494
406.433 47.0214 0.211608
409.07 47.5794 0.2117
411.724 48.1413 0.211768
414.395 48.707 0.211813
417.083 49.2765 0.211835
419.789 49.8496 0.211833
422.512 50.4265 0.211806
425.253 51.007 0.211754
428.012 51.5911 0.211677
430.788 52.1787 0.211575
433.583 52.7698 0.211447
436.396 53.3643 0.211292
439.227 53.9622 0.211111
442.076 54.5635 0.210903
444.944 55.168 0.210667
447.831 55.7757 0.210404
450.736 56.3866 0.210113
453.66 57.0005 0.209793
456.603 57.6174 0.209444
459.565 58.2372 0.209066
462.547 58.8599 0.208659
465.547 59.4854 0.208222
468.567 60.1136 0.207754
471.607 60.7443 0.207256
474.667 61.3776 0.206726
477.746 62.0133 0.206165
480.845 62.6514 0.205573
483.965 63.2917 0.204948
487.104 63.9341 0.204292
490.264 64.5786 0.203602
493.445 65.225 0.202879
496.646 65.8732 0.202123
499.868 66.5232 0.201333
503.111 67.1747 0.20051
506.375 67.8278 0.199651
509.66 68.4822 0.198759
512.966 69.1378 0.197831
516.294 69.7945 0.196868
519.643 70.4523 0.19587
523.014 71.1108 0.194835
526.407 71.7701 0.193765
529.822 72.4299 0.192659
533.26 73.0901 0.191516
536.719 73.7506 0.190336
540.201 74.4112 0.189119
543.705 75.0718 0.187865
547.233 75.7322 0.186574
550.783 76.3922 0.185245
554.356 77.0516 0.183879
557.952 77.7104 0.182474
561.572 78.3682 0.181032
565.215 79.0251 0.179551
568.882 79.6807 0.178032
572.572 80.3348 0.176475
576.287 80.9874 0.174879
580.025 81.6381 0.173244
583.788 82.2868 0.171571
587.575 82.9334 0.16986
591.387 83.5775 0.16811
595.224 84.2191 0.166321
599.085 84.8578 0.164494
602.971 85.4934 0.162628
606.883 86.1259 0.160724
610.82 86.7548 0.158782
614.783 87.3801 0.156801
618.771 88.0014 0.154783
622.785 88.6186 0.152726
626.826 89.2315 0.150632
630.892 89.8397 0.148501
634.985 90.443 0.146333
639.104 91.0413 0.144127
643.25 91.6342 0.141886
647.423 92.2215 0.139608
651.623 92.803 0.137294
655.851 93.3784 0.134946
660.105 93.9475 0.132562
664.388 94.51 0.130144
668.698 95.0657 0.127693
673.036 95.6142 0.125208
677.402 96.1554 0.122691
681.797 96.689 0.120141
686.22 97.2147 0.117561
690.671 97.7322 0.11495
695.152 98.2414 0.112309
699.662 98.7418 0.10964
704.201 99.2333 0.106943
708.769 99.7157 0.104218
713.367 100.189 0.101468
717.995 100.652 0.0986921
722.653 101.105 0.0958925
727.341 101.548 0.0930701
732.06 101.98 0.090226
736.809 102.402 0.0873615
741.589 102.813 0.0844778
746.4 103.212 0.0815762
751.242 103.6 0.0786583
756.115 103.976 0.0757254
761.021 104.34 0.072779
765.958 104.692 0.0698207
770.927 105.032 0.0668522
775.928 105.359 0.0638751
780.962 105.673 0.0608913
786.028 105.974 0.0579025
791.127 106.262 0.0549106
796.26 106.536 0.0519176
801.425 106.796 0.0489254
806.624 107.043 0.0459363
811.857 107.275 0.0429523
817.124 107.494 0.0399757
822.425 107.698 0.0370087
827.76 107.887 0.0340538
833.13 108.062 0.0311132
838.535 108.223 0.0281897
843.975 108.368 0.0252856
849.45 108.499 0.0224037
854.961 108.614 0.0195467
860.507 108.715 0.0167174
866.09 108.8 0.0139185
871.708 108.871 0.0111531
877.363 108.926 0.00842413
883.055 108.966 0.00573463
888.784 108.992 0.00308774
894.55 109.002 0.000486673
900.353 109.003 0
906.194 109.003 0
912.073 109.003 0
917.99 109.003 0
923.945 109.003 0
929.939 109.003 0
935.972 109.003 0
942.044 109.003 0
948.155 109.003 0
954.306 109.003 0
960.497 109.003 0
966.728 109.003 0
973 109.003 0
979.312 109.003 0
985.665 109.003 0
992.059 109.003 0
998.495 109.003 0
1004.97 109.003 0
1011.49 109.003 0
1018.05 109.003 0
1024.66 109.003 0
1031.31 109.003 0
1038 109.003 0
1044.73 109.003 0
1051.51 109.003 0
1058.33 109.003 0
1065.2 109.003 0
1072.11 109.003 0
1079.06 109.003 0
1086.06 109.003 0
1093.11 109.003 0
1100.2 109.003 0
1107.34 109.003 0
1114.52 109.003 0
1121.75 109.003 0
1129.03 109.003 0
1136.35 109.003 0
1143.72 109.003 0
1151.14 109.003 0
1158.61 109.003 0
1166.13 109.003 0
1173.69 109.003 0
1181.31 109.003 0
1188.97 109.003 0
1196.68 109.003 0
1204.45 109.003 0
1212.26 109.003 0
1220.12 109.014 0.00285017
1228.04 109.054 0.00705385
1236.01 109.127 0.0114726
1244.02 109.238 0.0161072
1252.09 109.388 0.0209579
1260.22 109.578 0.0260248
1268.39 109.813 0.0313077
1276.62 110.093 0.0368063
1284.9 110.421 0.0425197
1293.24 110.801 0.0484469
1301.63 111.233 0.0545865
1310.07 111.721 0.0609369
1318.57 112.266 0.0674961
1327.13 112.873 0.0742618
1335.74 113.542 0.0812314
1344.4 114.277 0.0884018
1353.12 115.08 0.0957699
1361.9 115.954 0.103332
1370.74 116.901 0.111084
1379.63 117.924 0.119023
1388.58 119.026 0.127142
1397.59 120.209 0.135438
1406.65 121.475 0.143906
1415.78 122.828 0.152539
1424.96 124.269 0.161332
1434.21 125.802 0.17028
1443.51 127.428 0.179375
1452.88 129.151 0.188611
1462.3 130.973 0.197982
1471.79 132.896 0.207479
1481.34 134.923 0.217097
1490.95 137.056 0.226827
1500.62 139.298 0.236662
1510.35 141.65 0.246593
1520.15 144.115 0.256614
1530.01 146.696 0.266715
1539.94 149.394 0.276888
1549.93 152.211 0.287125
1559.98 155.15 0.297418
1570.1 158.212 0.307757
1580.29 161.4 0.318135
1590.54 164.714 0.328542
1600.86 168.158 0.33897
1611.25 171.733 0.349411
1621.7 175.44 0.359856
1632.22 179.28 0.370296
1642.81 183.257 0.380723
1653.47 187.37 0.391129
1664.19 191.621 0.401505
1674.99 196.011 0.411843
1685.85 200.542 0.422136
1696.79 205.215 0.432376
1707.8 210.031 0.442555
1718.88 214.99 0.452665
1730.03 220.093 0.462701
1741.25 225.342 0.472654
1752.55 230.737 0.482519
1763.92 236.279 0.492288
1775.36 241.967 0.501956
1786.88 247.804 0.511517
1798.47 253.788 0.520965
1810.14 259.921 0.530295
1821.88 266.202 0.539502
1833.7 272.632 0.548582
1845.6 279.211 0.557529
1857.57 285.939 0.56634
1869.62 292.816 0.575011
1881.75 299.842 0.583538
1893.96 307.017 0.591919
1906.24 314.34 0.60015
1918.61 321.812 0.608229
1931.06 329.432 0.616154
1943.58 337.199 0.623922
1956.19 345.114 0.631532
1968.88 353.176 0.638983
1981.66 361.384 0.646272
1994.51 369.738 0.6534
2007.45 378.238 0.660366
2020.47 386.882 0.667168
2033.58 395.67 0.673808
2046.77 404.602 0.680285
2060.05 413.677 0.686599
2073.42 422.894 0.692752
2086.87 432.253 0.698742
2100.41 441.752 0.704573
2114.03 451.391 0.710244
2127.75 461.169 0.715756
2141.55 471.086 0.721112
2155.44 481.141 0.726312
2169.43 491.332 0.731359
2183.5 501.66 0.736254
2197.66 512.122 0.740999
2211.92 522.72 0.745596
2226.27 533.451 0.750048
2240.71 544.314 0.754357
2255.25 555.31 0.758524
2269.88 566.437 0.762554
2284.61 577.695 0.766447
2299.43 589.082 0.770206
2314.34 600.599 0.773835
2329.36 612.243 0.777336
2344.47 624.015 0.780711
2359.68 635.914 0.783964
2374.99 647.939 0.787097
2390.39 660.09 0.790113
2405.9 672.365 0.793015
2421.51 684.764 0.795805
2437.22 697.286 0.798487
2453.03 709.932 0.801064
2468.94 722.699 0.803537
2484.96 735.588 0.805911
2501.08 748.599 0.808188
2517.31 761.73 0.81037
2533.64 774.98 0.812461
2550.07 788.351 0.814463
2566.62 801.841 0.81638
2583.27 815.449 0.818213
2600.03 829.176 0.819965
2616.89 843.021 0.82164
2633.87 856.983 0.82324
2650.96 871.063 0.824767
2668.15 885.259 0.826223
2685.46 899.573 0.827612
2702.89 914.002 0.828936
2720.42 928.548 0.830197
2738.07 943.211 0.831398
2755.83 957.989 0.83254
2773.71 972.883 0.833626
2791.7 987.892 0.834659
2809.81 1003.02 0.83564
2828.04 1018.26 0.836572
2846.39 1033.61 0.837456
2864.85 1049.09 0.838294
2883.44 1064.67 0.83909
2902.15 1080.38 0.839843
2920.97 1096.2 0.840556
2939.92 1112.13 0.841232
2958.99 1128.18 0.841871
2978.19 1144.35 0.842475
2997.51 1160.63 0.843046
3016.96 1177.03 0.843585
3036.53 1193.54 0.844094
3056.23 1210.18 0.844574
3076.05 1226.93 0.845028
3096.01 1243.79 0.845455
3116.1 1260.78 0.845857
3136.31 1277.88 0.846236
3156.66 1295.1 0.846592
3177.14 1312.44 0.846928
3197.75 1329.9 0.847243
3218.49 1347.48 0.84754
3239.37 1365.18 0.847818
3260.39 1383 0.848079
3281.54 1400.94 0.848324
3302.83 1419 0.848554
3324.25 1437.19 0.84877
3345.82 1455.49 0.848972
3367.52 1473.92 0.849161
3389.37 1492.48 0.849338
3411.36 1511.15 0.849503
3433.49 1529.95 0.849658
3455.76 1548.88 0.849802
3478.18 1567.93 0.849937
3500.75 1587.11 0.850063
3523.46 1606.42 0.850181
3546.31 1625.86 0.85029
3569.32 1645.42 0.850392
3592.48 1665.11 0.850488
3615.78 1684.93 0.850576
3639.24 1704.89 0.850659
3662.85 1724.97 0.850735
3686.61 1745.19 0.850807
3710.53 1765.54 0.850873
3734.6 1786.02 0.850934
3758.82 1806.63 0.850991
3783.21 1827.39 0.851044
3807.75 1848.27 0.851093
3832.45 1869.3 0.851139
3857.32 1890.46 0.851181
3882.34 1911.76 0.85122
3907.53 1933.2 0.851256
3932.88 1954.78 0.851289
3958.39 1976.5 0.85132
3984.07 1998.36 0.851348
4009.92 2020.37 0.851374
4035.93 2042.51 0.851399
4062.11 2064.81 0.851421
4088.47 2087.24 0.851441
4114.99 2109.83 0.85146
4141.68 2132.56 0.851478
4168.55 2155.43 0.851494
4195.6 2178.46 0.851509
4222.81 2201.64 0.851522
4250.21 2224.97 0.851535
4277.78 2248.45 0.851546
4305.53 2272.08 0.851556
4333.46 2295.86 0.851566
4361.58 2319.8 0.851575
4389.87 2343.9 0.851583
4418.35 2368.15 0.85159
4447.01 2392.56 0.851597
4475.86 2417.13 0.851603
4504.9 2441.86 0.851609
4534.12 2466.74 0.851614
4563.54 2491.79 0.851618
4593.14 2517.01 0.851623
4622.94 2542.38 0.851626
4652.93 2567.92 0.85163
4683.12 2593.63 0.851633
4713.5 2619.5 0.851636
4744.08 2645.54 0.851639
4774.85 2671.76 0.851641
4805.83 2698.14 0.851643
4837.01 2724.69 0.851645
4868.39 2751.41 0.851647
4899.97 2778.31 0.851649
4931.76 2805.38 0.85165
4963.75 2832.63 0.851651
4995.95 2860.05 0.851653
5028.36 2887.66 0.851654
5060.98 2915.44 0.851655
5093.82 2943.4 0.851656
5126.86 2971.54 0.851656
5160.12 2999.87 0.851657
5193.6 3028.38 0.851658
5227.29 3057.07 0.851658
5261.2 3085.95 0.851659
5295.33 3115.02 0.851659
5329.68 3144.28 0.85166
5364.26 3173.73 0.85166
5399.06 3203.36 0.85166
5434.09 3233.19 0.851661
5469.34 3263.22 0.851661
5504.82 3293.43 0.851661
5540.53 3323.85 0.851661
5576.48 3354.46 0.851662
5612.65 3385.27 0.851662
5649.06 3416.28 0.851662
5685.71 3447.49 0.851662
5722.6 3478.91 0.851662
5759.72 3510.52 0.851662
5797.09 3542.35 0.851662
5834.69 3574.38 0.851663
5872.55 3606.61 0.851663
5910.64 3639.06 0.851663
5948.99 3671.71 0.851663
5987.58 3704.58 0.851663
6026.42 3737.66 0.851663
6065.52 3770.96 0.851663
6104.87 3804.47 0.851663
6144.47 3838.2 0.851663
6184.33 3872.15 0.851663
6224.45 3906.32 0.851663
6264.83 3940.71 0.851663
6305.48 3975.32 0.851663
6346.38 4010.16 0.851663
6387.55 4045.23 0.851663
6428.99 4080.52 0.851663
6470.7 4116.04 0.851663
6512.68 4151.79 0.851663
6554.93 4187.77 0.851663
6597.45 4223.99 0.851663
6640.25 4260.44 0.851663
6683.33 4297.13 0.851663
6726.69 4334.05 0.851663
6770.32 4371.22 0.851663
6814.25 4408.62 0.851663
6858.45 4446.27 0.851663
6902.95 4484.17 0.851663
6947.73 4522.31 0.851663
6992.8 4560.69 0.851663
7038.16 4599.33 0.851663
7083.82 4638.21 0.851663
7129.78 4677.35 0.851663
7176.03 4716.74 0.851663
7222.59 4756.39 0.851663
7269.44 4796.3 0.851663
7316.6 4836.46 0.851663
7364.07 4876.89 0.851663
7411.84 4917.57 0.851663
7459.92 4958.52 0.851663
7508.32 4999.74 0.851663
7557.03 5041.22 0.851663
7606.05 5082.98 0.851663
7655.39 5125 0.851663
7705.06 5167.3 0.851663
7755.04 5209.87 0.851663
7805.35 5252.71 0.851663
7855.99 5295.84 0.851663
7906.95 5339.24 0.851663
7958.25 5382.93 0.851663
8009.88 5426.9 0.851663
8061.84 5471.15 0.851663
8114.14 5515.7 0.851663
8166.78 5560.53 0.851663
8219.76 5605.65 0.851663
8273.08 5651.06 0.851663
8326.76 5696.77 0.851663
8380.77 5742.78 0.851663
8435.14 5789.08 0.851663
8489.86 5835.69 0.851663
8544.94 5882.59 0.851663
8600.38 5929.8 0.851663
8656.17 5977.32 0.851663
8712.32 6025.15 0.851663
8768.84 6073.28 0.851663
8825.73 6121.73 0.851663
8882.99 6170.49 0.851663
8940.61 6219.57 0.851663
8998.61 6268.97 0.851663
9056.99 6318.69 0.851663
9115.75 6368.73 0.851663
9174.89 6419.09 0.851663
9234.41 6469.78 0.851663
9294.31 6520.81 0.851663
9354.61 6572.16 0.851663
9415.29 6623.84 0.851663
9476.38 6675.86 0.851663
9537.85 6728.22 0.851663
9599.73 6780.92 0.851663
9662 6833.95 0.851663
9724.68 6887.34 0.851663
9787.77 6941.07 0.851663
9851.27 6995.14 0.851663
9915.18 7049.57 0.851663
9979.5 7104.36 0.851663
10044.2 7159.49 0.851663
10109.4 7214.99 0.851663
10175 7270.84 0.851663
10241 7327.06 0.851663
10307.4 7383.64 0.851663
10374.3 7440.59 0.851663
10441.6 7497.91 0.851663
10509.3 7555.6 0.851663
10577.5 7613.66 0.851663
10646.1 7672.1 0.851663
10715.2 7730.92 0.851663
10784.7 7790.13 0.851663
10854.7 7849.71 0.851663
10925.1 7909.69 0.851663
10996 7970.05 0.851663
11067.3 8030.8 0.851663
11139.1 8091.95 0.851663
11211.4 8153.49 0.851663
11284.1 8215.43 0.851663
11357.3 8277.78 0.851663
11431 8340.53 0.851663
11505.1 8403.69 0.851663
11579.8 8467.25 0.851663
11654.9 8531.23 0.851663
11730.5 8595.62 0.851663
11806.6 8660.44 0.851663
11883.2 8725.67 0.851663
11960.3 8791.32 0.851663
12037.9 8857.4 0.851663
12116 8923.91 0.851663
12194.6 8990.86 0.851663
12273.7 9058.23 0.851663
12353.3 9126.04 0.851663
12433.5 9194.3 0.851663
12514.1 9262.99 0.851663
12595.3 9332.13 0.851663
12677 9401.72 0.851663
12759.2 9471.76 0.851663
12842 9542.26 0.851663
12925.3 9613.21 0.851663
13009.2 9684.62 0.851663
13093.6 9756.5 0.851663
13178.5 9828.84 0.851663
13264 9901.66 0.851663
13350.1 9974.94 0.851663
13436.7 10048.7 0.851663
13523.8 10122.9 0.851663
13611.6 10197.7 0.851663
13699.9 10272.9 0.851663
13788.8 10348.6 0.851663
13878.2 10424.7 0.851663
13968.2 10501.4 0.851663
14058.9 10578.6 0.851663
14150.1 10656.3 0.851663
14241.9 10734.4 0.851663
14334.2 10813.1 0.851663
14427.2 10892.3 0.851663
14520.8 10972 0.851663
14615 11052.3 0.851663
14709.8 11133 0.851663
14805.3 11214.3 0.851663
14901.3 11296.1 0.851663
14998 11378.4 0.851663
15095.3 11461.3 0.851663
15193.2 11544.7 0.851663
15291.8 11628.6 0.851663
15391 11713.1 0.851663
15490.8 11798.2 0.851663
15591.3 11883.7 0.851663
15692.5 11969.9 0.851663
15794.3 12056.6 0.851663
15896.7 12143.8 0.851663
15999.9 12231.7 0.851663
16103.7 12320.1 0.851663
16208.1 12409.1 0.851663
16313.3 12498.6 0.851663
16419.1 12588.7 0.851663
16525.6 12679.5 0.851663
16632.8 12770.8 0.851663
16740.7 12862.7 0.851663
16849.3 12955.1 0.851663
16958.7 13048.2 0.851663
17068.7 13141.9 0.851663
17179.4 13236.2 0.851663
17290.8 13331.2 0.851663
17403 13426.7 0.851663
17515.9 13522.8 0.851663
17629.6 13619.6 0.851663
17743.9 13717 0.851663
17859 13815.1 0.851663
17974.9 13913.7 0.851663
18091.5 14013 0.851663
18208.9 14113 0.851663
18327 14213.6 0.851663
18445.9 14314.9 0.851663
18565.5 14416.8 0.851663
18686 14519.4 0.851663
18807.2 14622.6 0.851663
18929.2 14726.5 0.851663
19052 14831.1 0.851663
19175.6 14936.4 0.851663
19300 15042.3 0.851663
19425.2 15148.9 0.851663
19551.2 15256.3 0.851663
19678.1 15364.3 0.851663
19805.7 15473 0.851663
19934.2 15582.4 0.851663
20063.5 15692.6 0.851663
20193.7 15803.4 0.851663
20324.7 15915 0.851663
20456.6 16027.3 0.851663
20589.3 16140.3 0.851663
20722.8 16254.1 0.851663
20857.3 16368.6 0.851663
20992.6 16483.8 0.851663
21128.8 16599.8 0.851663
21265.8 16716.5 0.851663
21403.8 16834 0.851663
21542.7 16952.3 0.851663
21682.4 17071.3 0.851663
21823.1 17191.1 0.851663
21964.6 17311.7 0.851663
22107.1 17433 0.851663
22250.6 17555.2 0.851663
22394.9 17678.1 0.851663
22540.2 17801.8 0.851663
22686.4 17926.4 0.851663
22833.6 18051.7 0.851663
22981.7 18177.9 0.851663
23130.8 18304.8 0.851663
23280.9 18432.6 0.851663
23431.9 18561.3 0.851663
23583.9 18690.7 0.851663
23736.9 18821 0.851663
23890.9 18952.2 0.851663
24045.9 19084.2 0.851663
24201.9 19217 0.851663
24358.9 19350.7 0.851663
24516.9 19485.3 0.851663
24676 19620.8 0.851663
24836 19757.1 0.851663
24997.2 19894.3 0.851663
25159.3 20032.5 0.851663
25322.5 20171.5 0.851663
25486.8 20311.4 0.851663
25652.2 20452.2 0.851663
25818.6 20593.9 0.851663
25986.1 20736.6 0.851663
26154.7 20880.1 0.851663
26324.3 21024.6 0.851663
26495.1 21170.1 0.851663
26667 21316.5 0.851663
26840 21463.8 0.851663
27014.1 21612.1 0.851663
27189.4 21761.4 0.851663
27365.7 21911.6 0.851663
27543.3 22062.8 0.851663
27722 22214.9 0.851663
27901.8 22368.1 0.851663
28082.8 22522.3 0.851663
28265 22677.4 0.851663
28448.4 22833.6 0.851663
28632.9 22990.8 0.851663
28818.7 23149 0.851663
29005.6 23308.2 0.851663
29193.8 23468.5 0.851663
29383.2 23629.7 0.851663
29573.8 23792.1 0.851663
29765.7 23955.5 0.851663
29958.8 24119.9 0.851663
30153.1 24285.5 0.851663
30348.7 24452.1 0.851663
30545.6 24619.7 0.851663
30743.8 24788.5 0.851663
30943.2 24958.4 0.851663
31143.9 25129.3 0.851663
31346 25301.4 0.851663
31549.3 25474.6 0.851663
31754 25648.9 0.851663
31960 25824.3 0.851663
32167.3 26000.9 0.851663
32376 26178.7 0.851663
32586.1 26357.5 0.851663
32797.5 26537.6 0.851663
33010.2 26718.8 0.851663
33224.4 26901.2 0.851663
33439.9 27084.7 0.851663
33656.9 27269.5 0.851663
33875.2 27455.4 0.851663
34095 27642.6 0.851663
34316.1 27831 0.851663
34538.8 28020.6 0.851663
34762.8 28211.4 0.851663
34988.3 28403.5 0.851663
35215.3 28596.8 0.851663
35443.8 28791.3 0.851663
35673.7 28987.2 0.851663
35905.1 29184.3 0.851663
36138.1 29382.7 0.851663
36372.5 29582.3 0.851663
36608.5 29783.3 0.851663
36846 29985.5 0.851663
37085 30189.1 0.851663
37325.6 30394 0.851663
37567.7 30600.2 0.851663
37811.4 30807.8 0.851663
38056.7 31016.7 0.851663
38303.6 31227 0.851663
38552.1 31438.6 0.851663
38802.2 31651.6 0.851663
39053.9 31866 0.851663
39307.3 32081.8 0.851663
39562.3 32298.9 0.851663
39819 32517.5 0.851663
40077.3 32737.5 0.851663
40337.3 32959 0.851663
40599 33181.8 0.851663
40862.3 33406.1 0.851663
41127.4 33631.9 0.851663
41394.2 33859.1 0.851663
41662.8 34087.8 0.851663
41933.1 34318 0.851663
42205.1 34549.7 0.851663
42478.9 34782.9 0.851663
42754.5 35017.6 0.851663
43031.8 35253.8 0.851663
43311 35491.6 0.851663
43592 35730.8 0.851663
43874.8 35971.7 0.851663
44159.4 36214.1 0.851663
44445.9 36458.1 0.851663
44734.2 36703.7 0.851663
45024.4 36950.8 0.851663
45316.5 37199.6 0.851663
45610.5 37449.9 0.851663
45906.4 37701.9 0.851663
46204.2 37955.6 0.851663
46503.9 38210.9 0.851663
46805.6 38467.8 0.851663
47109.3 38726.4 0.851663
47414.9 38986.7 0.851663
47722.5 39248.7 0.851663
48032.1 39512.3 0.851663
48343.7 39777.7 0.851663
48657.3 40044.8 0.851663
48972.9 40313.6 0.851663
49290.7 40584.2 0.851663
49610.4 40856.5 0.851663
49932.3 41130.6 0.851663
50256.2 41406.5 0.851663
50582.2 41684.2 0.851663
50910.4 41963.7 0.851663
51240.6 42244.9 0.851663
51573.1 42528 0.851663
51907.6 42813 0.851663
52244.4 43099.8 0.851663
52583.3 43388.4 0.851663
52924.4 43679 0.851663
53267.8 43971.4 0.851663
53613.3 44265.7 0.851663
53961.1 44561.9 0.851663
54311.2 44860 0.851663
54663.5 45160.1 0.851663
55018.2 45462.1 0.851663
55375.1 45766.1 0.851663
55734.3 46072 0.851663
56095.9 46380 0.851663
