5.78741e-09 5.95396e-15 4.29514e-06
5.8738e-08 3.33166e-13 8.58285e-06
5.86595e-07 1.45059e-11 3.56977e-05
4.6076e-06 3.38009e-10 8.97843e-05
5.86875e-06 4.61297e-10 0.000114002
2.3369e-05 3.31505e-09 0.000192532
7.39119e-05 1.62978e-08 0.000292274
0.000147358 4.17301e-08 0.000330144
0.000152693 4.34471e-08 0.000292479
0.000165528 4.67976e-08 0.000304172
0.000294481 1.01986e-07 0.000463041
0.000466785 1.89679e-07 0.00054542
0.000739961 3.52227e-07 0.00041641
0.000792747 3.70702e-07 0.000446592
0.000859333 4.13069e-07 0.00055442
0.000931697 4.48502e-07 0.00055104
0.00117285 6.10601e-07 0.000697128
0.00147667 8.31244e-07 0.000750516
0.0017323 1.02935e-06 0.000535855
0.00185963 1.08409e-06 0.000525282
0.00294795 2.00733e-06 0.000908255
0.00467391 3.71532e-06 0.00105104
0.00633042 5.56999e-06 0.00091467
0.0070765 6.16755e-06 0.00093479
0.00933155 8.92099e-06 0.00127133
0.0117504 1.21316e-05 0.00137956
0.0154948 1.7543e-05 0.00122736
0.0177925 2.00421e-05 0.00125466
0.0234638 2.89812e-05 0.00164107
0.0295474 3.94039e-05 0.00177172
0.0354913 5.03041e-05 0.00128079
0.0389653 5.38549e-05 0.00125817
0.0549487 8.51279e-05 0.00191362
0.0590129 9.27925e-05 0.00199187
0.0713035 0.000119369 0.00114686
0.0787306 0.000125461 0.00110854
0.10265 0.000178607 0.00176378
0.112568 0.000193736 0.00180901
0.132297 0.000240204 0.00240921
0.146764 0.000275794 0.00181491
0.15911 0.000293738 0.00177613
0.191354 0.000375514 0.00260957
0.227502 0.000472769 0.000973271
0.245257 0.000484229 0.000805937
0.256566 0.000495831 0.00103354
0.268397 0.000508152 0.00104919
0.280773 0.000521236 0.00106507
0.293719 0.00053513 0.0010812
0.307263 0.000549885 0.00109757
0.321432 0.000565555 0.00111419
0.336253 0.000582195 0.00113106
0.351758 0.000599866 0.00114818
0.367978 0.000618631 0.00116556
0.384946 0.000638559 0.00118321
0.402697 0.000659722 0.00120112
0.421266 0.000682195 0.00121931
0.440691 0.000706061 0.00123777
0.461012 0.000731406 0.00125651
0.48227 0.00075832 0.00127553
0.504508 0.000786902 0.00129484
0.527771 0.000817254 0.00131445
0.552107 0.000849487 0.00133435
0.577566 0.000883717 0.00135455
0.604198 0.000920067 0.00137506
0.632059 0.000958668 0.00139588
0.661204 0.000999662 0.00141701
0.691693 0.00104319 0.00143847
0.723588 0.00108942 0.00146024
0.756953 0.00113852 0.00148235
0.791857 0.00119065 0.00150479
0.828371 0.00124602 0.00152758
0.866568 0.00130481 0.00155071
0.906527 0.00136725 0.00157418
0.948328 0.00143355 0.00159802
0.992057 0.00150396 0.00162221
1.0378 0.00157874 0.00164677
1.08566 0.00165815 0.0016717
1.13572 0.00174247 0.00169701
1.18809 0.00183202 0.00172271
1.24287 0.00192712 0.00174879
1.30018 0.00202811 0.00177526
1.36014 0.00213535 0.00180214
1.42285 0.00224924 0.00182943
1.48846 0.00237018 0.00185712
1.5571 0.00249862 0.00188524
1.6289 0.00263501 0.00191378
1.70401 0.00277985 0.00194276
1.78258 0.00293367 0.00197217
1.86478 0.00309701 0.00200203
1.95077 0.00327047 0.00203234
2.04072 0.00345468 0.00206311
2.13482 0.0036503 0.00209435
2.23326 0.00385804 0.00212606
2.33624 0.00407865 0.00215824
2.44396 0.00431292 0.00219092
2.55666 0.00456171 0.00222409
2.67455 0.00482591 0.00225776
2.79788 0.00510648 0.00229195
2.92689 0.00540443 0.00232665
3.06185 0.00572083 0.00236187
3.20304 0.00605684 0.00239763
3.35074 0.00641366 0.00243393
3.50524 0.00679259 0.00247078
3.66688 0.00719499 0.00250819
3.83596 0.00762232 0.00254616
4.01284 0.00807613 0.00258471
4.19788 0.00855804 0.00262385
4.39145 0.00906982 0.00266357
4.59395 0.00961329 0.0027039
4.80578 0.0101904 0.00274483
5.02738 0.0108033 0.00278639
5.2592 0.0114542 0.00282858
5.50171 0.0121454 0.0028714
5.7554 0.0128794 0.00291488
6.02079 0.0136589 0.00295901
6.29841 0.0144866 0.00300381
6.58884 0.0153657 0.00304928
6.89266 0.0162992 0.00309545
7.21049 0.0172905 0.00314232
7.54298 0.0183433 0.00318989
7.8908 0.0194612 0.00323819
8.25465 0.0206484 0.00328721
8.63529 0.0219092 0.00333698
9.03347 0.0232481 0.0033875
9.45002 0.0246699 0.00343879
9.88577 0.0261798 0.00349085
10.3416 0.0277832 0.00354371
10.8185 0.029486 0.00359736
11.3173 0.0312942 0.00365182
11.8392 0.0332145 0.00370711
12.3851 0.0352537 0.00376324
12.9562 0.0374193 0.00382021
13.5536 0.039719 0.00387805
14.1786 0.0421611 0.00393677
14.8324 0.0447546 0.00399637
15.5164 0.0475087 0.00405687
16.2318 0.0504335 0.00411829
16.9803 0.0535394 0.00418065
17.7633 0.0568378 0.00424394
18.5824 0.0603405 0.0043082
19.4392 0.0640601 0.00437342
20.3356 0.0680102 0.00443964
21.2733 0.072205 0.00450685
22.2543 0.0766597 0.00457509
23.2804 0.0813904 0.00464435
24.3539 0.0864141 0.00471467
25.4769 0.091749 0.00478605
26.6517 0.0974144 0.00485851
27.8806 0.103431 0.00493207
29.1662 0.10982 0.00500674
30.5111 0.116605 0.00508254
31.9181 0.12381 0.00515949
33.3898 0.131462 0.00523761
34.9295 0.139587 0.00531691
36.5401 0.148216 0.0053974
38.225 0.15738 0.00547912
39.9877 0.167111 0.00556208
41.8315 0.177445 0.00564629
43.7605 0.188419 0.00573177
45.7783 0.200073 0.00581855
47.8892 0.212449 0.00590664
50.0974 0.225592 0.00599607
52.4075 0.239549 0.00608685
54.8241 0.254371 0.00617901
57.3521 0.27011 0.00627256
59.9967 0.286825 0.00636752
62.7632 0.304575 0.00646393
65.6573 0.323425 0.00656179
68.6849 0.343443 0.00666114
71.852 0.364701 0.00676199
75.1652 0.387275 0.00686552
75.1652 0.387275 0.00686451
75.6528 0.390748 0.00737989
76.1436 0.394498 0.00789884
76.6376 0.398528 0.00842137
77.1348 0.402846 0.00894752
77.6352 0.407456 0.00947731
78.1388 0.412364 0.0100108
78.6457 0.417574 0.0105479
79.1559 0.423094 0.0110887
79.6694 0.428928 0.0116333
80.1863 0.435082 0.0121816
80.7065 0.441563 0.0127337
81.23 0.448375 0.0132897
81.757 0.455526 0.0138494
82.2874 0.463021 0.014413
82.8212 0.470866 0.0149805
83.3585 0.479069 0.0155519
83.8993 0.487635 0.0161272
84.4436 0.49657 0.0167065
84.9914 0.505882 0.0172898
85.5428 0.515577 0.017877
86.0977 0.525662 0.0184683
86.6563 0.536143 0.0190637
87.2184 0.547029 0.0196631
87.7842 0.558325 0.0202667
88.3537 0.57004 0.0208743
88.9269 0.58218 0.0214862
89.5038 0.594753 0.0221022
90.0845 0.607767 0.0227224
90.6689 0.621228 0.0233469
91.2571 0.635146 0.0239756
91.8491 0.649527 0.0246086
92.4449 0.66438 0.0252459
93.0447 0.679713 0.0258876
93.6483 0.695534 0.0265336
94.2558 0.711852 0.027184
94.8673 0.728674 0.0278388
95.4827 0.74601 0.0284981
96.1021 0.763868 0.0291619
96.7256 0.782258 0.0298301
97.3531 0.801187 0.0305029
97.9847 0.820665 0.0311802
98.6203 0.840702 0.031862
99.2601 0.861307 0.0325485
99.904 0.882488 0.0332396
100.552 0.904257 0.0339354
101.204 0.926622 0.0346358
101.861 0.949593 0.0353409
102.522 0.973181 0.0360508
103.187 0.997396 0.0367654
103.856 1.02225 0.0374848
104.53 1.04775 0.038209
105.208 1.07391 0.0389381
105.891 1.10073 0.039672
106.578 1.12824 0.0404107
107.269 1.15644 0.0411544
107.965 1.18534 0.0419031
108.665 1.21495 0.0426566
109.37 1.24529 0.0434152
110.08 1.27636 0.0441788
110.794 1.30819 0.0449474
111.513 1.34077 0.0457211
112.236 1.37413 0.0464999
112.964 1.40827 0.0472838
113.697 1.44321 0.0480728
114.435 1.47896 0.048867
115.177 1.51554 0.0496663
115.924 1.55295 0.0504709
116.676 1.59121 0.0512807
117.433 1.63033 0.0520957
118.195 1.67033 0.0529161
118.962 1.71122 0.0537417
119.734 1.75302 0.0545727
120.51 1.79573 0.055409
121.292 1.83938 0.0562507
122.079 1.88398 0.0570977
122.871 1.92953 0.0579502
123.668 1.97607 0.0588082
124.47 2.02359 0.0596715
125.278 2.07213 0.0605404
126.091 2.12169 0.0614147
126.909 2.17228 0.0622946
127.732 2.22394 0.06318
128.561 2.27666 0.064071
129.395 2.33047 0.0649676
130.234 2.38538 0.0658697
131.079 2.44142 0.0667775
131.929 2.49859 0.0676909
132.785 2.55692 0.0686099
133.646 2.61642 0.0695346
134.513 2.67711 0.070465
135.386 2.73901 0.0714011
136.264 2.80213 0.0723429
137.148 2.8665 0.0732904
138.038 2.93214 0.0742437
138.934 2.99905 0.0752028
139.835 3.06727 0.0761676
140.742 3.1368 0.0771381
141.655 3.20768 0.0781145
142.574 3.27992 0.0790967
143.499 3.35353 0.0800847
144.43 3.42855 0.0810785
145.367 3.50498 0.0820782
146.31 3.58286 0.0830837
147.259 3.6622 0.084095
148.215 3.74302 0.0851122
149.176 3.82535 0.0861352
150.144 3.90921 0.0871642
151.118 3.99461 0.0881989
152.098 4.08159 0.0892396
153.085 4.17016 0.0902861
154.078 4.26035 0.0913385
155.078 4.35218 0.0923968
156.084 4.44567 0.0934609
157.096 4.54084 0.0945309
158.115 4.63773 0.0956068
159.141 4.73635 0.0966885
160.173 4.83674 0.0977761
161.213 4.93891 0.0988695
162.258 5.04288 0.0999688
163.311 5.14869 0.101074
164.37 5.25637 0.102185
165.437 5.36592 0.103302
166.51 5.47739 0.104424
167.59 5.5908 0.105552
168.678 5.70618 0.106686
169.772 5.82355 0.107826
170.873 5.94293 0.108972
171.982 6.06437 0.110123
173.097 6.18788 0.11128
174.22 6.31349 0.112442
175.351 6.44124 0.11361
176.488 6.57114 0.114784
177.633 6.70324 0.115963
178.785 6.83755 0.117148
179.945 6.97412 0.118338
181.113 7.11296 0.119534
182.288 7.25411 0.120735
183.47 7.3976 0.121942
184.66 7.54346 0.123154
185.858 7.69173 0.124371
187.064 7.84242 0.125593
188.278 7.99558 0.126821
189.499 8.15123 0.128054
190.728 8.30942 0.129292
191.966 8.47016 0.130535
193.211 8.6335 0.131783
194.464 8.79947 0.133035
195.726 8.96809 0.134293
196.996 9.13941 0.135555
198.274 9.31346 0.136822
199.56 9.49027 0.138094
200.855 9.66987 0.13937
202.158 9.85231 0.140651
203.469 10.0376 0.141936
204.789 10.2258 0.143226
206.118 10.417 0.14452
207.455 10.6111 0.145817
208.801 10.8082 0.147119
210.155 11.0084 0.148425
211.519 11.2116 0.149735
212.891 11.418 0.151048
214.272 11.6275 0.152365
215.662 11.8402 0.153685
217.061 12.0561 0.155009
218.469 12.2754 0.156336
219.886 12.4979 0.157667
221.313 12.7237 0.159
222.749 12.953 0.160336
224.194 13.1856 0.161675
225.648 13.4218 0.163016
227.112 13.6614 0.16436
228.585 13.9045 0.165706
230.068 14.1513 0.167055
231.561 14.4016 0.168405
233.063 14.6556 0.169757
234.575 14.9133 0.171111
236.097 15.1747 0.172466
237.628 15.4399 0.173823
239.17 15.7089 0.17518
240.722 15.9818 0.176539
242.283 16.2585 0.177898
243.855 16.5392 0.179258
245.437 16.8239 0.180618
247.029 17.1125 0.181978
248.632 17.4053 0.183338
250.245 17.7021 0.184698
251.868 18.003 0.186057
253.502 18.3081 0.187415
255.147 18.6175 0.188772
256.802 18.931 0.190128
258.468 19.2489 0.191482
260.145 19.5711 0.192835
261.832 19.8977 0.194185
263.531 20.2287 0.195533
265.24 20.5641 0.196878
266.961 20.904 0.198221
268.693 21.2485 0.19956
270.436 21.5975 0.200896
272.191 21.9511 0.202227
273.956 22.3094 0.203555
275.734 22.6724 0.204878
277.522 23.04 0.206196
279.323 23.4124 0.207509
281.135 23.7896 0.208817
282.959 24.1717 0.210118
284.794 24.5586 0.211414
286.642 24.9503 0.212702
288.501 25.3471 0.213984
290.373 25.7488 0.215259
292.257 26.1554 0.216525
294.153 26.5672 0.217784
296.061 26.9839 0.219033
297.982 27.4058 0.220274
299.915 27.8328 0.221505
301.86 28.265 0.222727
303.819 28.7023 0.223938
305.79 29.1449 0.225138
307.773 29.5927 0.226327
309.77 30.0458 0.227504
311.78 30.5041 0.22867
313.802 30.9678 0.229822
315.838 31.4368 0.230961
317.887 31.9112 0.232086
319.949 32.391 0.233198
322.025 32.8761 0.234294
324.114 33.3667 0.235375
326.217 33.8628 0.23644
328.333 34.3642 0.237489
330.463 34.8712 0.238521
332.607 35.3836 0.239535
334.764 35.9016 0.240531
336.936 36.425 0.241508
339.122 36.9539 0.242466
341.322 37.4884 0.243404
343.536 38.0284 0.244321
345.765 38.5739 0.245217
348.008 39.1249 0.246091
350.266 39.6814 0.246943
352.538 40.2435 0.247772
354.825 40.8111 0.248576
357.127 41.3842 0.249357
359.444 41.9628 0.250112
361.776 42.5468 0.250841
364.123 43.1364 0.251543
366.485 43.7314 0.252218
368.862 44.3318 0.252865
371.255 44.9376 0.253484
373.664 45.5488 0.254072
376.088 46.1654 0.254631
378.528 46.7873 0.255159
380.983 47.4145 0.255654
383.455 48.0469 0.256118
385.942 48.6846 0.256548
388.446 49.3274 0.256943
390.966 49.9754 0.257304
393.502 50.6284 0.25763
396.055 51.2864 0.257919
398.625 51.9494 0.25817
401.211 52.6173 0.258384
403.813 53.2901 0.258559
406.433 53.9676 0.258694
409.07 54.6498 0.258788
411.724 55.3367 0.258841
414.395 56.028 0.258852
417.083 56.7239 0.25882
419.789 57.4241 0.258744
422.512 58.1286 0.258623
425.253 58.8372 0.258457
428.012 59.5499 0.258245
430.788 60.2666 0.257985
433.583 60.9872 0.257678
436.396 61.7115 0.257321
439.227 62.4394 0.256915
442.076 63.1708 0.256459
444.944 63.9056 0.255951
447.831 64.6436 0.255391
450.736 65.3847 0.254778
453.66 66.1287 0.254111
456.603 66.8755 0.25339
459.565 67.6249 0.252613
462.547 68.3768 0.251781
465.547 69.131 0.250891
468.567 69.8873 0.249944
471.607 70.6455 0.248938
474.667 71.4055 0.247873
477.746 72.1671 0.246748
480.845 72.93 0.245562
483.965 73.6941 0.244316
487.104 74.4591 0.243007
490.264 75.2248 0.241635
493.445 75.9911 0.2402
496.646 76.7576 0.238701
499.868 77.5241 0.237138
503.111 78.2905 0.235509
506.375 79.0564 0.233815
509.66 79.8216 0.232054
512.966 80.5858 0.230227
516.294 81.3488 0.228332
519.643 82.1103 0.226369
523.014 82.87 0.224339
526.407 83.6276 0.222239
529.822 84.3828 0.220071
533.26 85.1354 0.217833
536.719 85.885 0.215526
540.201 86.6313 0.213149
543.705 87.374 0.210701
547.233 88.1127 0.208184
550.783 88.8472 0.205596
554.356 89.5771 0.202937
557.952 90.302 0.200207
561.572 91.0216 0.197407
565.215 91.7356 0.194536
568.882 92.4435 0.191594
572.572 93.145 0.188582
576.287 93.8398 0.1855
580.025 94.5274 0.182347
583.788 95.2075 0.179124
587.575 95.8796 0.175832
591.387 96.5434 0.17247
595.224 97.1985 0.169039
599.085 97.8445 0.16554
602.971 98.481 0.161973
606.883 99.1074 0.158339
610.82 99.7235 0.154638
614.783 100.329 0.150871
618.771 100.923 0.147039
622.785 101.505 0.143142
626.826 102.076 0.139181
630.892 102.633 0.135159
634.985 103.178 0.131074
639.104 103.71 0.126929
643.25 104.227 0.122724
647.423 104.73 0.118461
651.623 105.219 0.114142
655.851 105.692 0.109766
660.105 106.15 0.105336
664.388 106.591 0.100853
668.698 107.016 0.0963193
673.036 107.424 0.0917355
677.402 107.815 0.0871035
681.797 108.187 0.082425
686.22 108.541 0.0777018
690.671 108.876 0.0729358
695.152 109.192 0.0681287
699.662 109.489 0.0632826
704.201 109.765 0.0583995
708.769 110.021 0.0534814
713.367 110.255 0.0485304
717.995 110.468 0.0435487
722.653 110.659 0.0385385
727.341 110.828 0.033502
732.06 110.974 0.0284417
736.809 111.097 0.0233599
741.589 111.197 0.018259
746.4 111.272 0.0131414
751.242 111.324 0.0080096
756.115 111.35 0.00286622
761.021 111.357 0
765.958 111.357 0
770.927 111.357 0
775.928 111.357 0
780.962 111.357 0
786.028 111.357 0
791.127 111.357 0
796.26 111.357 0
801.425 111.357 0
806.624 111.357 0
811.857 111.357 0
817.124 111.357 0
822.425 111.357 0
827.76 111.357 0
833.13 111.357 0
838.535 111.357 0
843.975 111.357 0
849.45 111.357 0
854.961 111.357 0
860.507 111.357 0
866.09 111.357 0
871.708 111.357 0
877.363 111.357 0
883.055 111.357 0
888.784 111.357 0
894.55 111.357 0
900.353 111.357 0
906.194 111.357 0
912.073 111.357 0
917.99 111.357 0
923.945 111.357 0
929.939 111.357 0
935.972 111.357 0
942.044 111.357 0
948.155 111.357 0
954.306 111.357 0
960.497 111.357 0
966.728 111.357 0
973 111.357 0
979.312 111.357 0
985.665 111.357 0
992.059 111.357 0
998.495 111.357 0
1004.97 111.357 0
1011.49 111.357 0
1018.05 111.357 0
1024.66 111.357 0
1031.31 111.357 0
1038 111.357 0
1044.73 111.357 0
1051.51 111.357 0
1058.33 111.357 0
1065.2 111.357 0
1072.11 111.357 0
1079.06 111.357 0
1086.06 111.357 0
1093.11 111.357 0
1100.2 111.357 0
1107.34 111.357 0
1114.52 111.357 0
1121.75 111.357 0
1129.03 111.357 0
1136.35 111.357 0
1143.72 111.357 0
1151.14 111.357 0
1158.61 111.357 0
1166.13 111.357 0
1173.69 111.357 0
1181.31 111.357 0
1188.97 111.357 0
1196.68 111.357 0
1204.45 111.357 0
1212.26 111.357 0
1220.12 111.357 0
1228.04 111.357 0
1236.01 111.357 0
1244.02 111.357 0
1252.09 111.357 0
1260.22 111.357 0
1268.39 111.357 0
1276.62 111.357 0
1284.9 111.357 0
1293.24 111.357 0
1301.63 111.357 0
1310.07 111.357 0
1318.57 111.357 0
1327.13 111.357 0
1335.74 111.357 0
1344.4 111.357 0
1353.12 111.357 0
1361.9 111.357 0
1370.74 111.357 0
1379.63 111.357 0
1388.58 111.357 0
1397.59 111.357 0
1406.65 111.357 0
1415.78 111.357 0
1424.96 111.357 0
1434.21 111.357 0
1443.51 111.357 0
1452.88 111.357 0
1462.3 111.357 0
1471.79 111.357 0
1481.34 111.357 0
1490.95 111.357 0
1500.62 111.357 0
1510.35 111.357 0
1520.15 111.357 0
1530.01 111.357 0
1539.94 111.357 0
1549.93 111.357 0
1559.98 111.357 0
1570.1 111.357 0
1580.29 111.357 0
1590.54 111.357 0
1600.86 111.357 0
1611.25 111.357 0
1621.7 111.357 0
1632.22 111.357 0
1642.81 111.357 0
1653.47 111.357 0
1664.19 111.357 0
1674.99 111.357 0
1685.85 111.357 0
1696.79 111.357 0
1707.8 111.357 0
1718.88 111.357 0
1730.03 111.357 0
1741.25 111.357 0
1752.55 111.357 0
1763.92 111.357 0
1775.36 111.357 0
1786.88 111.357 0
1798.47 111.357 0
1810.14 111.357 0
1821.88 111.357 0
1833.7 111.357 0
1845.6 111.357 0
1857.57 111.357 0
1869.62 111.357 0
1881.75 111.357 0
1893.96 111.357 0
1906.24 111.357 0
1918.61 111.357 0
1931.06 111.357 0
1943.58 111.357 0
1956.19 111.357 0
1968.88 111.357 0
1981.66 111.357 0
1994.51 111.357 0
2007.45 111.357 0
2020.47 111.357 0
2033.58 111.357 0
2046.77 111.357 0
2060.05 111.357 0
2073.42 111.357 0
2086.87 111.357 0
2100.41 111.357 0
2114.03 111.357 0
2127.75 111.357 0
2141.55 111.357 0
2155.44 111.357 0
2169.43 111.357 0
2183.5 111.357 0
2197.66 111.357 0
2211.92 111.357 0
2226.27 111.357 0
2240.71 111.357 0
2255.25 111.357 0
2269.88 111.357 0
2284.61 111.357 0
2299.43 111.357 0
2314.34 111.357 0
2329.36 111.357 0
2344.47 111.357 0
2359.68 111.357 0
2374.99 111.357 0
2390.39 111.357 0
2405.9 111.357 0
2421.51 111.357 0
2437.22 111.357 0
2453.03 111.357 0
2468.94 111.357 0
2484.96 111.357 0
2501.08 111.357 0
2517.31 111.357 0
2533.64 111.357 0
2550.07 111.357 0
2566.62 111.357 0
2583.27 111.357 0
2600.03 111.357 0
2616.89 111.357 0
2633.87 111.357 0
2650.96 111.357 0
2668.15 111.357 0
2685.46 111.357 0
2702.89 111.357 0
2720.42 111.357 0
2738.07 111.357 0
2755.83 111.357 0
2773.71 111.357 0
2791.7 111.357 0
2809.81 111.357 0
2828.04 111.357 0
2846.39 111.357 0
2864.85 111.357 0
2883.44 111.357 0
2902.15 111.357 0
2920.97 111.357 0
2939.92 111.357 0
2958.99 111.357 0
2978.19 111.357 0
2997.51 111.357 0
3016.96 111.357 0
3036.53 111.357 0
3056.23 111.357 0
3076.05 111.357 0
3096.01 111.357 0
3116.1 111.357 0
3136.31 111.357 0
3156.66 111.357 0
3177.14 111.357 0
3197.75 111.357 0
3218.49 111.558 0.0194159
3239.37 112.192 0.0412681
3260.39 113.302 0.0643641
3281.54 114.921 0.0886961
3302.83 117.081 0.114241
3324.25 119.815 0.14096
3345.82 123.155 0.168798
3367.52 127.132 0.19768
3389.37 131.777 0.227514
3411.36 137.116 0.25819
3433.49 143.178 0.289581
3455.76 149.984 0.321544
3478.18 157.555 0.353923
3500.75 165.91 0.38655
3523.46 175.06 0.419251
3546.31 185.015 0.451848
3569.32 195.782 0.484162
3592.48 207.362 0.516019
3615.78 219.752 0.547252
3639.24 232.946 0.577706
3662.85 246.934 0.607238
3686.61 261.702 0.635725
3710.53 277.233 0.663059
3734.6 293.508 0.689155
3758.82 310.505 0.713944
3783.21 328.2 0.737382
3807.75 346.568 0.759439
3832.45 365.583 0.780107
3857.32 385.218 0.79939
3882.34 405.446 0.817311
3907.53 426.24 0.833902
3932.88 447.573 0.849207
3958.39 469.419 0.863277
3984.07 491.753 0.876171
4009.92 514.551 0.88795
4035.93 537.79 0.898681
4062.11 561.447 0.90843
4088.47 585.503 0.917266
4114.99 609.938 0.925254
4141.68 634.734 0.932459
4168.55 659.875 0.938945
4195.6 685.345 0.944771
4222.81 711.131 0.949995
4250.21 737.22 0.954671
4277.78 763.601 0.958849
4305.53 790.262 0.962575
4333.46 817.195 0.965895
4361.58 844.39 0.968847
4389.87 871.841 0.971469
4418.35 899.54 0.973794
4447.01 927.482 0.975854
4475.86 955.661 0.977676
4504.9 984.072 0.979286
4534.12 1012.71 0.980707
4563.54 1041.58 0.98196
4593.14 1070.67 0.983062
4622.94 1099.97 0.984032
4652.93 1129.5 0.984884
4683.12 1159.24 0.985632
4713.5 1189.19 0.986288
4744.08 1219.36 0.986862
4774.85 1249.74 0.987365
4805.83 1280.33 0.987804
4837.01 1311.13 0.988187
4868.39 1342.15 0.988521
4899.97 1373.37 0.988813
4931.76 1404.81 0.989066
4963.75 1436.46 0.989287
4995.95 1468.32 0.989478
5028.36 1500.39 0.989645
5060.98 1532.67 0.989789
5093.82 1565.17 0.989914
5126.86 1597.89 0.990022
5160.12 1630.82 0.990115
5193.6 1663.96 0.990196
5227.29 1697.33 0.990265
5261.2 1730.91 0.990325
5295.33 1764.71 0.990377
5329.68 1798.73 0.990421
5364.26 1832.98 0.990459
5399.06 1867.45 0.990492
5434.09 1902.14 0.99052
5469.34 1937.06 0.990544
5504.82 1972.21 0.990565
5540.53 2007.58 0.990582
5576.48 2043.19 0.990597
5612.65 2079.02 0.99061
5649.06 2115.09 0.990621
5685.71 2151.4 0.99063
5722.6 2187.94 0.990638
5759.72 2224.71 0.990645
5797.09 2261.73 0.99065
5834.69 2298.98 0.990655
5872.55 2336.48 0.990659
5910.64 2374.22 0.990663
5948.99 2412.21 0.990666
5987.58 2450.44 0.990668
6026.42 2488.92 0.99067
6065.52 2527.66 0.990672
6104.87 2566.64 0.990673
6144.47 2605.87 0.990675
6184.33 2645.36 0.990676
6224.45 2685.11 0.990677
6264.83 2725.11 0.990677
6305.48 2765.38 0.990678
6346.38 2805.9 0.990678
6387.55 2846.69 0.990679
6428.99 2887.74 0.990679
6470.7 2929.06 0.990679
6512.68 2970.64 0.99068
6554.93 3012.5 0.99068
6597.45 3054.63 0.99068
6640.25 3097.03 0.99068
6683.33 3139.71 0.99068
6726.69 3182.66 0.99068
6770.32 3225.89 0.99068
6814.25 3269.4 0.990681
6858.45 3313.2 0.990681
6902.95 3357.28 0.990681
6947.73 3401.64 0.990681
6992.8 3446.29 0.990681
7038.16 3491.23 0.990681
7083.82 3536.47 0.990681
7129.78 3582 0.990681
7176.03 3627.82 0.990681
7222.59 3673.94 0.990681
7269.44 3720.36 0.990681
7316.6 3767.08 0.990681
7364.07 3814.1 0.990681
7411.84 3861.43 0.990681
7459.92 3909.06 0.990681
7508.32 3957.01 0.990681
7557.03 4005.26 0.990681
7606.05 4053.83 0.990681
7655.39 4102.71 0.990681
7705.06 4151.91 0.990681
7755.04 4201.43 0.990681
7805.35 4251.27 0.990681
7855.99 4301.44 0.990681
7906.95 4351.93 0.990681
7958.25 4402.74 0.990681
8009.88 4453.89 0.990681
8061.84 4505.37 0.990681
8114.14 4557.18 0.990681
8166.78 4609.33 0.990681
8219.76 4661.82 0.990681
8273.08 4714.65 0.990681
8326.76 4767.82 0.990681
8380.77 4821.33 0.990681
8435.14 4875.19 0.990681
8489.86 4929.41 0.990681
8544.94 4983.97 0.990681
8600.38 5038.89 0.990681
8656.17 5094.16 0.990681
8712.32 5149.79 0.990681
8768.84 5205.79 0.990681
8825.73 5262.14 0.990681
8882.99 5318.86 0.990681
8940.61 5375.95 0.990681
8998.61 5433.42 0.990681
9056.99 5491.25 0.990681
9115.75 5549.46 0.990681
9174.89 5608.04 0.990681
9234.41 5667.01 0.990681
9294.31 5726.36 0.990681
9354.61 5786.09 0.990681
9415.29 5846.21 0.990681
9476.38 5906.72 0.990681
9537.85 5967.63 0.990681
9599.73 6028.93 0.990681
9662 6090.62 0.990681
9724.68 6152.72 0.990681
9787.77 6215.22 0.990681
9851.27 6278.12 0.990681
9915.18 6341.44 0.990681
9979.5 6405.16 0.990681
10044.2 6469.3 0.990681
10109.4 6533.85 0.990681
10175 6598.82 0.990681
10241 6664.22 0.990681
10307.4 6730.03 0.990681
10374.3 6796.28 0.990681
10441.6 6862.95 0.990681
10509.3 6930.06 0.990681
10577.5 6997.6 0.990681
10646.1 7065.58 0.990681
10715.2 7134.01 0.990681
10784.7 7202.87 0.990681
10854.7 7272.18 0.990681
10925.1 7341.95 0.990681
10996 7412.16 0.990681
11067.3 7482.83 0.990681
11139.1 7553.96 0.990681
11211.4 7625.55 0.990681
11284.1 7697.6 0.990681
11357.3 7770.12 0.990681
11431 7843.12 0.990681
11505.1 7916.58 0.990681
11579.8 7990.52 0.990681
11654.9 8064.95 0.990681
11730.5 8139.85 0.990681
11806.6 8215.24 0.990681
11883.2 8291.12 0.990681
11960.3 8367.49 0.990681
12037.9 8444.36 0.990681
12116 8521.73 0.990681
12194.6 8599.6 0.990681
12273.7 8677.97 0.990681
12353.3 8756.85 0.990681
12433.5 8836.24 0.990681
12514.1 8916.15 0.990681
12595.3 8996.58 0.990681
12677 9077.53 0.990681
12759.2 9159 0.990681
12842 9241.01 0.990681
12925.3 9323.54 0.990681
13009.2 9406.61 0.990681
13093.6 9490.22 0.990681
13178.5 9574.37 0.990681
13264 9659.07 0.990681
13350.1 9744.31 0.990681
13436.7 9830.11 0.990681
13523.8 9916.47 0.990681
13611.6 10003.4 0.990681
13699.9 10090.9 0.990681
13788.8 10178.9 0.990681
13878.2 10267.5 0.990681
13968.2 10356.7 0.990681
14058.9 10446.5 0.990681
14150.1 10536.9 0.990681
14241.9 10627.8 0.990681
14334.2 10719.3 0.990681
14427.2 10811.4 0.990681
14520.8 10904.2 0.990681
14615 10997.5 0.990681
14709.8 11091.4 0.990681
14805.3 11186 0.990681
14901.3 11281.1 0.990681
14998 11376.9 0.990681
15095.3 11473.3 0.990681
15193.2 11570.3 0.990681
15291.8 11667.9 0.990681
15391 11766.2 0.990681
15490.8 11865.1 0.990681
15591.3 11964.7 0.990681
15692.5 12064.9 0.990681
15794.3 12165.7 0.990681
15896.7 12267.3 0.990681
15999.9 12369.4 0.990681
16103.7 12472.3 0.990681
16208.1 12575.7 0.990681
16313.3 12679.9 0.990681
16419.1 12784.8 0.990681
16525.6 12890.3 0.990681
16632.8 12996.5 0.990681
16740.7 13103.4 0.990681
16849.3 13211 0.990681
16958.7 13319.3 0.990681
17068.7 13428.3 0.990681
17179.4 13538 0.990681
17290.8 13648.4 0.990681
17403 13759.5 0.990681
17515.9 13871.3 0.990681
17629.6 13983.9 0.990681
17743.9 14097.2 0.990681
17859 14211.3 0.990681
17974.9 14326 0.990681
18091.5 14441.6 0.990681
18208.9 14557.8 0.990681
18327 14674.9 0.990681
18445.9 14792.6 0.990681
18565.5 14911.2 0.990681
18686 15030.5 0.990681
18807.2 15150.6 0.990681
18929.2 15271.5 0.990681
19052 15393.1 0.990681
19175.6 15515.6 0.990681
19300 15638.8 0.990681
19425.2 15762.9 0.990681
19551.2 15887.7 0.990681
19678.1 16013.4 0.990681
19805.7 16139.8 0.990681
19934.2 16267.1 0.990681
20063.5 16395.2 0.990681
20193.7 16524.2 0.990681
20324.7 16654 0.990681
20456.6 16784.6 0.990681
20589.3 16916.1 0.990681
20722.8 17048.4 0.990681
20857.3 17181.6 0.990681
20992.6 17315.6 0.990681
21128.8 17450.5 0.990681
21265.8 17586.3 0.990681
21403.8 17723 0.990681
21542.7 17860.6 0.990681
21682.4 17999 0.990681
21823.1 18138.4 0.990681
21964.6 18278.6 0.990681
22107.1 18419.8 0.990681
22250.6 18561.9 0.990681
22394.9 18704.9 0.990681
22540.2 18848.8 0.990681
22686.4 18993.7 0.990681
22833.6 19139.5 0.990681
22981.7 19286.2 0.990681
23130.8 19433.9 0.990681
23280.9 19582.6 0.990681
23431.9 19732.2 0.990681
23583.9 19882.8 0.990681
23736.9 20034.4 0.990681
23890.9 20186.9 0.990681
24045.9 20340.5 0.990681
24201.9 20495 0.990681
24358.9 20650.5 0.990681
24516.9 20807.1 0.990681
24676 20964.7 0.990681
24836 21123.2 0.990681
24997.2 21282.9 0.990681
25159.3 21443.5 0.990681
25322.5 21605.2 0.990681
25486.8 21768 0.990681
25652.2 21931.8 0.990681
25818.6 22096.6 0.990681
25986.1 22262.6 0.990681
26154.7 22429.6 0.990681
26324.3 22597.7 0.990681
26495.1 22766.8 0.990681
26667 22937.1 0.990681
26840 23108.5 0.990681
27014.1 23281 0.990681
27189.4 23454.6 0.990681
27365.7 23629.4 0.990681
27543.3 23805.2 0.990681
27722 23982.3 0.990681
27901.8 24160.4 0.990681
28082.8 24339.8 0.990681
28265 24520.2 0.990681
28448.4 24701.9 0.990681
28632.9 24884.7 0.990681
28818.7 25068.8 0.990681
29005.6 25254 0.990681
29193.8 25440.4 0.990681
29383.2 25628 0.990681
29573.8 25816.9 0.990681
29765.7 26006.9 0.990681
29958.8 26198.2 0.990681
30153.1 26390.8 0.990681
30348.7 26584.6 0.990681
30545.6 26779.6 0.990681
30743.8 26975.9 0.990681
30943.2 27173.5 0.990681
31143.9 27372.4 0.990681
31346 27572.5 0.990681
31549.3 27774 0.990681
31754 27976.8 0.990681
31960 28180.8 0.990681
32167.3 28386.2 0.990681
32376 28593 0.990681
32586.1 28801 0.990681
32797.5 29010.5 0.990681
33010.2 29221.3 0.990681
33224.4 29433.4 0.990681
33439.9 29646.9 0.990681
33656.9 29861.9 0.990681
33875.2 30078.2 0.990681
34095 30295.9 0.990681
34316.1 30515 0.990681
34538.8 30735.6 0.990681
34762.8 30957.5 0.990681
34988.3 31180.9 0.990681
35215.3 31405.8 0.990681
35443.8 31632.1 0.990681
35673.7 31859.9 0.990681
35905.1 32089.2 0.990681
36138.1 32320 0.990681
36372.5 32552.2 0.990681
36608.5 32786 0.990681
36846 33021.3 0.990681
37085 33258.1 0.990681
37325.6 33496.4 0.990681
37567.7 33736.3 0.990681
37811.4 33977.7 0.990681
38056.7 34220.7 0.990681
38303.6 34465.3 0.990681
38552.1 34711.5 0.990681
38802.2 34959.3 0.990681
39053.9 35208.7 0.990681
39307.3 35459.7 0.990681
39562.3 35712.3 0.990681
39819 35966.5 0.990681
40077.3 36222.5 0.990681
40337.3 36480 0.990681
40599 36739.3 0.990681
40862.3 37000.2 0.990681
41127.4 37262.8 0.990681
41394.2 37527.1 0.990681
41662.8 37793.2 0.990681
41933.1 38060.9 0.990681
42205.1 38330.4 0.990681
42478.9 38601.7 0.990681
42754.5 38874.7 0.990681
43031.8 39149.5 0.990681
43311 39426 0.990681
43592 39704.4 0.990681
43874.8 39984.5 0.990681
44159.4 40266.5 0.990681
44445.9 40550.3 0.990681
44734.2 40836 0.990681
45024.4 41123.5 0.990681
45316.5 41412.8 0.990681
45610.5 41704.1 0.990681
45906.4 41997.2 0.990681
46204.2 42292.3 0.990681
46503.9 42589.2 0.990681
46805.6 42888.1 0.990681
47109.3 43188.9 0.990681
47414.9 43491.7 0.990681
47722.5 43796.4 0.990681
48032.1 44103.1 0.990681
48343.7 44411.8 0.990681
48657.3 44722.5 0.990681
48972.9 45035.2 0.990681
49290.7 45350 0.990681
49610.4 45666.7 0.990681
49932.3 45985.6 0.990681
50256.2 46306.5 0.990681
50582.2 46629.5 0.990681
50910.4 46954.6 0.990681
51240.6 47281.8 0.990681
51573.1 47611.1 0.990681
51907.6 47942.5 0.990681
52244.4 48276.1 0.990681
52583.3 48611.9 0.990681
52924.4 48949.9 0.990681
53267.8 49290 0.990681
53613.3 49632.4 0.990681
53961.1 49976.9 0.990681
54311.2 50323.7 0.990681
54663.5 50672.8 0.990681
55018.2 51024.1 0.990681
55375.1 51377.7 0.990681
55734.3 51733.6 0.990681
56095.9 52091.8 0.990681
