5.78741e-09 5.95396e-15 4.29514e-06
5.8738e-08 3.33166e-13 8.58285e-06
5.86595e-07 1.45059e-11 3.56977e-05
4.6076e-06 3.38009e-10 8.97843e-05
5.86875e-06 4.61297e-10 0.000114002
2.3369e-05 3.31505e-09 0.000192532
7.39119e-05 1.62978e-08 0.000292274
0.000147358 4.17301e-08 0.000330144
0.000152693 4.34471e-08 0.000292479
0.000165528 4.67976e-08 0.000304172
0.000294481 1.01986e-07 0.000463041
0.000466785 1.89679e-07 0.00054542
0.000739961 3.52227e-07 0.00041641
0.000792747 3.70702e-07 0.000446592
0.000859333 4.13069e-07 0.00055442
0.000931697 4.48502e-07 0.00055104
0.00117285 6.10601e-07 0.000697128
0.00147667 8.31244e-07 0.000750516
0.0017323 1.02935e-06 0.000535855
0.00185963 1.08409e-06 0.000525282
0.00294795 2.00733e-06 0.000908255
0.00467391 3.71532e-06 0.00105104
0.00633042 5.56999e-06 0.00091467
0.0070765 6.16755e-06 0.00093479
0.00933155 8.92099e-06 0.00127133
0.0117504 1.21316e-05 0.00137956
0.0154948 1.7543e-05 0.00122736
0.0177925 2.00421e-05 0.00125466
0.0234638 2.89812e-05 0.00164107
0.0295474 3.94039e-05 0.00177172
0.0354913 5.03041e-05 0.00128079
0.0389653 5.38549e-05 0.00125817
0.0549487 8.51279e-05 0.00191362
0.0590129 9.27925e-05 0.00199187
0.0713035 0.000119369 0.00114686
0.0787306 0.000125461 0.00110854
0.10265 0.000178607 0.00176378
0.112568 0.000193736 0.00180901
0.132297 0.000240204 0.00240921
0.146764 0.000275794 0.00181491
0.15911 0.000293738 0.00177613
0.191354 0.000375514 0.00260957
0.227502 0.000472769 0.000973271
0.245257 0.000484229 0.000805937
0.256566 0.000495831 0.00103354
0.268397 0.000508152 0.00104919
0.280773 0.000521236 0.00106507
0.293719 0.00053513 0.0010812
0.307263 0.000549885 0.00109757
0.321432 0.000565555 0.00111419
0.336253 0.000582195 0.00113106
0.351758 0.000599866 0.00114818
0.367978 0.000618631 0.00116556
0.384946 0.000638559 0.00118321
0.402697 0.000659722 0.00120112
0.421266 0.000682195 0.00121931
0.440691 0.000706061 0.00123777
0.461012 0.000731406 0.00125651
0.48227 0.00075832 0.00127553
0.504508 0.000786902 0.00129484
0.527771 0.000817254 0.00131445
0.552107 0.000849487 0.00133435
0.577566 0.000883717 0.00135455
0.604198 0.000920067 0.00137506
0.632059 0.000958668 0.00139588
0.661204 0.000999662 0.00141701
0.691693 0.00104319 0.00143847
0.723588 0.00108942 0.00146024
0.756953 0.00113852 0.00148235
0.791857 0.00119065 0.00150479
0.828371 0.00124602 0.00152758
0.866568 0.00130481 0.00155071
0.906527 0.00136725 0.00157418
0.948328 0.00143355 0.00159802
0.992057 0.00150396 0.00162221
1.0378 0.00157874 0.00164677
1.08566 0.00165815 0.0016717
1.13572 0.00174247 0.00169701
1.18809 0.00183202 0.00172271
1.24287 0.00192712 0.00174879
1.30018 0.00202811 0.00177526
1.36014 0.00213535 0.00180214
1.42285 0.00224924 0.00182943
1.48846 0.00237018 0.00185712
1.5571 0.00249862 0.00188524
1.6289 0.00263501 0.00191378
1.70401 0.00277985 0.00194276
1.78258 0.00293367 0.00197217
1.86478 0.00309701 0.00200203
1.95077 0.00327047 0.00203234
2.04072 0.00345468 0.00206311
2.13482 0.0036503 0.00209435
2.23326 0.00385804 0.00212606
2.33624 0.00407865 0.00215824
2.44396 0.00431292 0.00219092
2.55666 0.00456171 0.00222409
2.67455 0.00482591 0.00225776
2.79788 0.00510648 0.00229195
2.92689 0.00540443 0.00232665
3.06185 0.00572083 0.00236187
3.20304 0.00605684 0.00239763
3.35074 0.00641366 0.00243393
3.50524 0.00679259 0.00247078
3.66688 0.00719499 0.00250819
3.83596 0.00762232 0.00254616
4.01284 0.00807613 0.00258471
4.19788 0.00855804 0.00262385
4.39145 0.00906982 0.00266357
4.59395 0.00961329 0.0027039
4.80578 0.0101904 0.00274483
5.02738 0.0108033 0.00278639
5.2592 0.0114542 0.00282858
5.50171 0.0121454 0.0028714
5.7554 0.0128794 0.00291488
6.02079 0.0136589 0.00295901
6.29841 0.0144866 0.00300381
6.58884 0.0153657 0.00304928
6.89266 0.0162992 0.00309545
7.21049 0.0172905 0.00314232
7.54298 0.0183433 0.00318989
7.8908 0.0194612 0.00323819
8.25465 0.0206484 0.00328721
8.63529 0.0219092 0.00333698
9.03347 0.0232481 0.0033875
9.45002 0.0246699 0.00343879
9.88577 0.0261798 0.00349085
10.3416 0.0277832 0.00354371
10.8185 0.029486 0.00359736
11.3173 0.0312942 0.00365182
11.8392 0.0332145 0.00370711
12.3851 0.0352537 0.00376324
12.9562 0.0374193 0.00382021
13.5536 0.039719 0.00387805
14.1786 0.0421611 0.00393677
14.8324 0.0447546 0.00399637
15.5164 0.0475087 0.00405687
16.2318 0.0504335 0.00411829
16.9803 0.0535394 0.00418065
17.7633 0.0568378 0.00424394
18.5824 0.0603405 0.0043082
19.4392 0.0640601 0.00437342
20.3356 0.0680102 0.00443964
21.2733 0.072205 0.00450685
22.2543 0.0766597 0.00457509
23.2804 0.0813904 0.00464435
24.3539 0.0864141 0.00471467
25.4769 0.091749 0.00478605
26.6517 0.0974144 0.00485851
27.8806 0.103431 0.00493207
29.1662 0.10982 0.00500674
30.5111 0.116605 0.00508254
31.9181 0.12381 0.00515949
33.3898 0.131462 0.00523761
34.9295 0.139587 0.00531691
36.5401 0.148216 0.0053974
38.225 0.15738 0.00547912
39.9877 0.167111 0.00556208
41.8315 0.177445 0.00564629
43.7605 0.188419 0.00573177
45.7783 0.200073 0.00581855
47.8892 0.212449 0.00590664
50.0974 0.225592 0.00599607
52.4075 0.239549 0.00608685
54.8241 0.254371 0.00617901
57.3521 0.27011 0.00627256
59.9967 0.286825 0.00636752
62.7632 0.304575 0.00646393
65.6573 0.323425 0.00656179
68.6849 0.343443 0.00666114
71.852 0.364701 0.00676199
75.1652 0.387275 0.00686552
75.1652 0.387275 0.00686451
75.6528 0.390766 0.00745341
76.1436 0.39457 0.00804556
76.6376 0.398691 0.00864098
77.1348 0.403136 0.00923968
77.6352 0.40791 0.00984168
78.1388 0.413019 0.010447
78.6457 0.418469 0.0110556
79.1559 0.424266 0.0116676
79.6694 0.430415 0.0122829
80.1863 0.436923 0.0129015
80.7065 0.443797 0.0135235
81.23 0.451041 0.0141489
81.757 0.458663 0.0147777
82.2874 0.466668 0.0154099
82.8212 0.475064 0.0160456
83.3585 0.483857 0.0166846
83.8993 0.493053 0.0173271
84.4436 0.50266 0.017973
84.9914 0.512684 0.0186224
85.5428 0.523131 0.0192753
86.0977 0.53401 0.0199317
86.6563 0.545327 0.0205915
87.2184 0.55709 0.0212549
87.7842 0.569305 0.0219217
88.3537 0.58198 0.0225922
88.9269 0.595122 0.0232661
89.5038 0.60874 0.0239436
90.0845 0.62284 0.0246247
90.6689 0.637431 0.0253093
91.2571 0.652521 0.0259975
91.8491 0.668117 0.0266893
92.4449 0.684227 0.0273847
93.0447 0.70086 0.0280837
93.6483 0.718023 0.0287863
94.2558 0.735726 0.0294926
94.8673 0.753977 0.0302025
95.4827 0.772785 0.030916
96.1021 0.792157 0.0316332
96.7256 0.812103 0.0323541
97.3531 0.832633 0.0330786
97.9847 0.853754 0.0338068
98.6203 0.875476 0.0345387
99.2601 0.897809 0.0352743
99.904 0.920761 0.0360136
100.552 0.944343 0.0367567
101.204 0.968563 0.0375034
101.861 0.993433 0.0382539
102.522 1.01896 0.0390081
103.187 1.04516 0.039766
103.856 1.07203 0.0405277
104.53 1.09959 0.0412932
105.208 1.12786 0.0420624
105.891 1.15683 0.0428354
106.578 1.18652 0.0436121
107.269 1.21695 0.0443926
107.965 1.24811 0.0451769
108.665 1.28003 0.045965
109.37 1.31271 0.0467569
110.08 1.34617 0.0475525
110.794 1.38041 0.048352
111.513 1.41546 0.0491553
112.236 1.45131 0.0499624
112.964 1.48798 0.0507732
113.697 1.52549 0.0515879
114.435 1.56384 0.0524064
115.177 1.60305 0.0532287
115.924 1.64313 0.0540548
116.676 1.6841 0.0548848
117.433 1.72595 0.0557185
118.195 1.76872 0.0565561
118.962 1.81241 0.0573975
119.734 1.85703 0.0582427
120.51 1.9026 0.0590917
121.292 1.94913 0.0599446
122.079 1.99664 0.0608012
122.871 2.04513 0.0616617
123.668 2.09463 0.0625259
124.47 2.14514 0.063394
125.278 2.19668 0.0642658
126.091 2.24927 0.0651415
126.909 2.30291 0.0660209
127.732 2.35763 0.0669042
128.561 2.41344 0.0677912
129.395 2.47035 0.068682
130.234 2.52838 0.0695765
131.079 2.58754 0.0704749
131.929 2.64785 0.0713769
132.785 2.70933 0.0722828
133.646 2.77199 0.0731923
134.513 2.83584 0.0741056
135.386 2.90091 0.0750226
136.264 2.96721 0.0759433
137.148 3.03475 0.0768677
138.038 3.10355 0.0777958
138.934 3.17364 0.0787276
139.835 3.24502 0.079663
140.742 3.31771 0.0806021
141.655 3.39173 0.0815448
142.574 3.4671 0.0824911
143.499 3.54384 0.083441
144.43 3.62196 0.0843945
145.367 3.70149 0.0853515
146.31 3.78243 0.0863122
147.259 3.86481 0.0872763
148.215 3.94865 0.0882439
149.176 4.03397 0.0892151
150.144 4.12078 0.0901897
151.118 4.2091 0.0911677
152.098 4.29896 0.0921492
153.085 4.39037 0.0931341
154.078 4.48335 0.0941223
155.078 4.57793 0.0951139
156.084 4.67412 0.0961088
157.096 4.77194 0.097107
158.115 4.87142 0.0981085
159.141 4.97257 0.0991132
160.173 5.07541 0.100121
161.213 5.17997 0.101132
162.258 5.28627 0.102146
163.311 5.39433 0.103164
164.37 5.50417 0.104184
165.437 5.61581 0.105208
166.51 5.72927 0.106234
167.59 5.84458 0.107264
168.678 5.96176 0.108296
169.772 6.08084 0.109331
170.873 6.20182 0.110369
171.982 6.32474 0.11141
173.097 6.44963 0.112454
174.22 6.57649 0.1135
175.351 6.70537 0.114549
176.488 6.83627 0.115601
177.633 6.96923 0.116655
178.785 7.10427 0.117712
179.945 7.24141 0.118771
181.113 7.38068 0.119833
182.288 7.5221 0.120897
183.47 7.6657 0.121963
184.66 7.8115 0.123032
185.858 7.95953 0.124103
187.064 8.10981 0.125175
188.278 8.26237 0.12625
189.499 8.41723 0.127327
190.728 8.57443 0.128406
191.966 8.73398 0.129487
193.211 8.89591 0.13057
194.464 9.06025 0.131654
195.726 9.22702 0.13274
196.996 9.39626 0.133828
198.274 9.56798 0.134917
199.56 9.74223 0.136008
200.855 9.91901 0.1371
202.158 10.0984 0.138193
203.469 10.2803 0.139287
204.789 10.4649 0.140383
206.118 10.6521 0.14148
207.455 10.842 0.142577
208.801 11.0347 0.143676
210.155 11.23 0.144775
211.519 11.4282 0.145875
212.891 11.6291 0.146975
214.272 11.8328 0.148076
215.662 12.0394 0.149178
217.061 12.2489 0.150279
218.469 12.4613 0.151381
219.886 12.6766 0.152483
221.313 12.8949 0.153585
222.749 13.1162 0.154686
224.194 13.3406 0.155788
225.648 13.5679 0.156889
227.112 13.7984 0.157989
228.585 14.032 0.159089
230.068 14.2687 0.160189
231.561 14.5086 0.161287
233.063 14.7517 0.162384
234.575 14.9981 0.16348
236.097 15.2477 0.164575
237.628 15.5006 0.165669
239.17 15.7568 0.166761
240.722 16.0164 0.167851
242.283 16.2794 0.16894
243.855 16.5458 0.170026
245.437 16.8156 0.171111
247.029 17.0889 0.172193
248.632 17.3658 0.173273
250.245 17.6461 0.17435
251.868 17.93 0.175425
253.502 18.2175 0.176496
255.147 18.5087 0.177565
256.802 18.8035 0.17863
258.468 19.1019 0.179692
260.145 19.4041 0.18075
261.832 19.7101 0.181805
263.531 20.0198 0.182855
265.24 20.3333 0.183902
266.961 20.6506 0.184944
268.693 20.9718 0.185981
270.436 21.2969 0.187014
272.191 21.6259 0.188042
273.956 21.9589 0.189065
275.734 22.2958 0.190083
277.522 22.6367 0.191095
279.323 22.9816 0.192101
281.135 23.3306 0.193101
282.959 23.6837 0.194095
284.794 24.0409 0.195083
286.642 24.4023 0.196064
288.501 24.7678 0.197038
290.373 25.1374 0.198005
292.257 25.5113 0.198965
294.153 25.8895 0.199917
296.061 26.2719 0.200862
297.982 26.6586 0.201798
299.915 27.0496 0.202726
301.86 27.4449 0.203645
303.819 27.8446 0.204555
305.79 28.2486 0.205457
307.773 28.6571 0.206349
309.77 29.07 0.207231
311.78 29.4873 0.208103
313.802 29.9091 0.208966
315.838 30.3354 0.209817
317.887 30.7661 0.210658
319.949 31.2014 0.211488
322.025 31.6412 0.212306
324.114 32.0856 0.213113
326.217 32.5345 0.213907
328.333 32.988 0.214689
330.463 33.4462 0.215459
332.607 33.9089 0.216216
334.764 34.3762 0.216959
336.936 34.8482 0.217689
339.122 35.3248 0.218405
341.322 35.8061 0.219106
343.536 36.292 0.219793
345.765 36.7826 0.220465
348.008 37.2778 0.221121
350.266 37.7778 0.221762
352.538 38.2824 0.222387
354.825 38.7917 0.222996
357.127 39.3057 0.223587
359.444 39.8244 0.224162
361.776 40.3477 0.224719
364.123 40.8758 0.225258
366.485 41.4085 0.225779
368.862 41.9459 0.226281
371.255 42.4879 0.226765
373.664 43.0346 0.227228
376.088 43.586 0.227672
378.528 44.142 0.228096
380.983 44.7026 0.228499
383.455 45.2678 0.228881
385.942 45.8376 0.229241
388.446 46.412 0.229579
390.966 46.991 0.229896
393.502 47.5744 0.230189
396.055 48.1624 0.230459
398.625 48.7548 0.230705
401.211 49.3517 0.230928
403.813 49.9531 0.231126
406.433 50.5588 0.231299
409.07 51.1688 0.231446
411.724 51.7832 0.231568
414.395 52.4018 0.231663
417.083 53.0247 0.231732
419.789 53.6518 0.231774
422.512 54.283 0.231787
425.253 54.9183 0.231773
428.012 55.5576 0.23173
430.788 56.201 0.231658
433.583 56.8482 0.231556
436.396 57.4994 0.231424
439.227 58.1543 0.231262
442.076 58.813 0.231069
444.944 59.4754 0.230845
447.831 60.1413 0.230588
450.736 60.8108 0.230299
453.66 61.4838 0.229977
456.603 62.1601 0.229622
459.565 62.8397 0.229233
462.547 63.5225 0.22881
465.547 64.2084 0.228352
468.567 64.8973 0.227859
471.607 65.5891 0.22733
474.667 66.2838 0.226764
477.746 66.9811 0.226162
480.845 67.6811 0.225523
483.965 68.3835 0.224846
487.104 69.0884 0.224131
490.264 69.7954 0.223378
493.445 70.5046 0.222585
496.646 71.2158 0.221753
499.868 71.9289 0.220882
503.111 72.6437 0.219969
506.375 73.3601 0.219016
509.66 74.0779 0.218022
512.966 74.7971 0.216986
516.294 75.5174 0.215907
519.643 76.2386 0.214786
523.014 76.9607 0.213623
526.407 77.6835 0.212415
529.822 78.4068 0.211165
533.26 79.1304 0.209869
536.719 79.8541 0.20853
540.201 80.5777 0.207145
543.705 81.3012 0.205715
547.233 82.0242 0.20424
550.783 82.7465 0.202719
554.356 83.4681 0.201151
557.952 84.1886 0.199537
561.572 84.9078 0.197875
565.215 85.6256 0.196167
568.882 86.3417 0.194411
572.572 87.0558 0.192608
576.287 87.7678 0.190756
580.025 88.4774 0.188856
583.788 89.1844 0.186908
587.575 89.8885 0.184912
591.387 90.5894 0.182867
595.224 91.287 0.180772
599.085 91.9809 0.178629
602.971 92.6709 0.176437
606.883 93.3566 0.174196
610.82 94.0379 0.171905
614.783 94.7145 0.169565
618.771 95.386 0.167176
622.785 96.0522 0.164737
626.826 96.7127 0.16225
630.892 97.3674 0.159713
634.985 98.0158 0.157127
639.104 98.6576 0.154493
643.25 99.2926 0.15181
647.423 99.9204 0.149078
651.623 100.541 0.146298
655.851 101.153 0.14347
660.105 101.757 0.140594
664.388 102.353 0.137671
668.698 102.94 0.134701
673.036 103.518 0.131685
677.402 104.086 0.128622
681.797 104.645 0.125514
686.22 105.193 0.122361
690.671 105.731 0.119164
695.152 106.257 0.115923
699.662 106.773 0.112638
704.201 107.276 0.109312
708.769 107.768 0.105944
713.367 108.247 0.102535
717.995 108.714 0.099086
722.653 109.167 0.0955984
727.341 109.607 0.0920728
732.06 110.033 0.0885105
736.809 110.445 0.0849124
741.589 110.842 0.0812797
746.4 111.224 0.0776137
751.242 111.591 0.0739156
756.115 111.942 0.0701868
761.021 112.277 0.0664287
765.958 112.596 0.0626428
770.927 112.898 0.0588307
775.928 113.182 0.0549939
780.962 113.45 0.0511341
786.028 113.699 0.047253
791.127 113.93 0.0433526
796.26 114.142 0.0394346
801.425 114.336 0.0355011
806.624 114.51 0.0315541
811.857 114.665 0.0275957
817.124 114.8 0.0236281
822.425 114.915 0.0196535
827.76 115.009 0.0156744
833.13 115.082 0.0116931
838.535 115.135 0.00771218
843.975 115.166 0.00373416
849.45 115.176 0
854.961 115.176 0
860.507 115.176 0
866.09 115.176 0
871.708 115.176 0
877.363 115.176 0
883.055 115.176 0
888.784 115.176 0
894.55 115.176 0
900.353 115.176 0
906.194 115.176 0
912.073 115.176 0
917.99 115.176 0
923.945 115.176 0
929.939 115.176 0
935.972 115.176 0
942.044 115.176 0
948.155 115.176 0
954.306 115.176 0
960.497 115.176 0
966.728 115.176 0
973 115.176 0
979.312 115.176 0
985.665 115.176 0
992.059 115.176 0
998.495 115.176 0
1004.97 115.176 0
1011.49 115.176 0
1018.05 115.176 0
1024.66 115.176 0
1031.31 115.176 0
1038 115.176 0
1044.73 115.176 0
1051.51 115.176 0
1058.33 115.176 0
1065.2 115.176 0
1072.11 115.176 0
1079.06 115.176 0
1086.06 115.176 0
1093.11 115.176 0
1100.2 115.176 0
1107.34 115.176 0
1114.52 115.176 0
1121.75 115.176 0
1129.03 115.176 0
1136.35 115.176 0
1143.72 115.176 0
1151.14 115.176 0
1158.61 115.176 0
1166.13 115.176 0
1173.69 115.176 0
1181.31 115.176 0
1188.97 115.176 0
1196.68 115.176 0
1204.45 115.176 0
1212.26 115.176 0
1220.12 115.176 0
1228.04 115.176 0
1236.01 115.176 0
1244.02 115.176 0
1252.09 115.176 0
1260.22 115.176 0
1268.39 115.176 0
1276.62 115.176 0
1284.9 115.176 0
1293.24 115.176 0
1301.63 115.176 0
1310.07 115.176 0
1318.57 115.176 0
1327.13 115.176 0
1335.74 115.176 0
1344.4 115.176 0
1353.12 115.176 0
1361.9 115.176 0
1370.74 115.176 0
1379.63 115.189 0.00294293
1388.58 115.251 0.0108282
1397.59 115.385 0.0189647
1406.65 115.595 0.027349
1415.78 115.884 0.0359774
1424.96 116.255 0.0448458
1434.21 116.712 0.0539494
1443.51 117.257 0.0632834
1452.88 117.894 0.0728424
1462.3 118.627 0.0826206
1471.79 119.458 0.0926118
1481.34 120.391 0.102809
1490.95 121.429 0.113207
1500.62 122.575 0.123796
1510.35 123.833 0.13457
1520.15 125.205 0.14552
1530.01 126.695 0.156639
1539.94 128.306 0.167917
1549.93 130.04 0.179346
1559.98 131.902 0.190916
1570.1 133.893 0.202618
1580.29 136.017 0.214442
1590.54 138.277 0.226378
1600.86 140.675 0.238416
1611.25 143.214 0.250545
1621.7 145.896 0.262755
1632.22 148.725 0.275035
1642.81 151.703 0.287375
1653.47 154.832 0.299763
1664.19 158.114 0.312189
1674.99 161.551 0.324642
1685.85 165.147 0.33711
1696.79 168.902 0.349583
1707.8 172.819 0.36205
1718.88 176.899 0.3745
1730.03 181.144 0.386923
1741.25 185.556 0.399308
1752.55 190.136 0.411644
1763.92 194.886 0.423922
1775.36 199.807 0.436131
1786.88 204.9 0.448262
1798.47 210.166 0.460305
1810.14 215.607 0.472251
1821.88 221.222 0.484091
1833.7 227.013 0.495816
1845.6 232.98 0.507419
1857.57 239.124 0.51889
1869.62 245.445 0.530224
1881.75 251.944 0.541411
1893.96 258.621 0.552447
1906.24 265.475 0.563323
1918.61 272.508 0.574035
1931.06 279.718 0.584576
1943.58 287.106 0.594942
1956.19 294.672 0.605127
1968.88 302.415 0.615127
1981.66 310.334 0.624938
1994.51 318.43 0.634557
2007.45 326.702 0.64398
2020.47 335.148 0.653205
2033.58 343.769 0.662229
2046.77 352.564 0.67105
2060.05 361.532 0.679668
2073.42 370.671 0.68808
2086.87 379.982 0.696285
2100.41 389.462 0.704284
2114.03 399.112 0.712076
2127.75 408.93 0.719662
2141.55 418.915 0.727041
2155.44 429.065 0.734214
2169.43 439.38 0.741184
2183.5 449.859 0.74795
2197.66 460.501 0.754516
2211.92 471.303 0.760882
2226.27 482.266 0.76705
2240.71 493.387 0.773024
2255.25 504.666 0.778805
2269.88 516.101 0.784397
2284.61 527.692 0.789801
2299.43 539.436 0.795022
2314.34 551.333 0.800063
2329.36 563.382 0.804926
2344.47 575.581 0.809616
2359.68 587.929 0.814135
2374.99 600.425 0.818487
2390.39 613.068 0.822677
2405.9 625.857 0.826707
2421.51 638.79 0.830583
2437.22 651.867 0.834307
2453.03 665.087 0.837883
2468.94 678.448 0.841316
2484.96 691.95 0.844609
2501.08 705.591 0.847766
2517.31 719.371 0.850792
2533.64 733.289 0.85369
2550.07 747.343 0.856464
2566.62 761.534 0.859118
2583.27 775.86 0.861656
2600.03 790.32 0.864082
2616.89 804.914 0.866399
2633.87 819.642 0.868611
2650.96 834.502 0.870722
2668.15 849.493 0.872736
2685.46 864.616 0.874655
2702.89 879.87 0.876484
2720.42 895.254 0.878226
2738.07 910.768 0.879884
2755.83 926.411 0.881461
2773.71 942.183 0.882961
2791.7 958.084 0.884386
2809.81 974.114 0.885741
2828.04 990.271 0.887027
2846.39 1006.56 0.888247
2864.85 1022.97 0.889405
2883.44 1039.51 0.890503
2902.15 1056.18 0.891543
2920.97 1072.97 0.892528
2939.92 1089.89 0.893461
2958.99 1106.94 0.894344
2978.19 1124.12 0.895179
2997.51 1141.42 0.895969
3016.96 1158.85 0.896715
3036.53 1176.41 0.89742
3056.23 1194.09 0.898086
3076.05 1211.9 0.898714
3096.01 1229.84 0.899306
3116.1 1247.91 0.899864
3136.31 1266.11 0.900391
3156.66 1284.43 0.900886
3177.14 1302.89 0.901353
3197.75 1321.47 0.901792
3218.49 1340.18 0.902205
3239.37 1359.02 0.902593
3260.39 1378 0.902958
3281.54 1397.1 0.903301
3302.83 1416.33 0.903622
3324.25 1435.7 0.903924
3345.82 1455.19 0.904207
3367.52 1474.82 0.904473
3389.37 1494.58 0.904721
3411.36 1514.48 0.904954
3433.49 1534.51 0.905172
3455.76 1554.67 0.905376
3478.18 1574.97 0.905567
3500.75 1595.41 0.905745
3523.46 1615.98 0.905911
3546.31 1636.69 0.906067
3569.32 1657.54 0.906212
3592.48 1678.52 0.906347
3615.78 1699.65 0.906473
3639.24 1720.91 0.906591
3662.85 1742.32 0.906701
3686.61 1763.86 0.906803
3710.53 1785.55 0.906897
3734.6 1807.38 0.906986
3758.82 1829.36 0.907068
3783.21 1851.48 0.907144
3807.75 1873.74 0.907215
3832.45 1896.15 0.90728
3857.32 1918.71 0.907341
3882.34 1941.42 0.907398
3907.53 1964.27 0.90745
3932.88 1987.27 0.907498
3958.39 2010.43 0.907543
3984.07 2033.73 0.907585
4009.92 2057.19 0.907623
4035.93 2080.8 0.907658
4062.11 2104.57 0.907691
4088.47 2128.49 0.907721
4114.99 2152.57 0.907749
4141.68 2176.8 0.907775
4168.55 2201.19 0.907798
4195.6 2225.74 0.90782
4222.81 2250.45 0.90784
4250.21 2275.32 0.907859
4277.78 2300.35 0.907875
4305.53 2325.55 0.907891
4333.46 2350.91 0.907905
4361.58 2376.43 0.907918
4389.87 2402.12 0.90793
4418.35 2427.98 0.907942
4447.01 2454 0.907952
4475.86 2480.19 0.907961
4504.9 2506.56 0.907969
4534.12 2533.09 0.907977
4563.54 2559.8 0.907984
4593.14 2586.68 0.907991
4622.94 2613.74 0.907996
4652.93 2640.97 0.908002
4683.12 2668.38 0.908007
4713.5 2695.97 0.908011
4744.08 2723.73 0.908015
4774.85 2751.68 0.908019
4805.83 2779.8 0.908022
4837.01 2808.11 0.908025
4868.39 2836.61 0.908028
4899.97 2865.28 0.908031
4931.76 2894.15 0.908033
4963.75 2923.2 0.908035
4995.95 2952.44 0.908037
5028.36 2981.87 0.908038
5060.98 3011.49 0.90804
5093.82 3041.3 0.908041
5126.86 3071.31 0.908043
5160.12 3101.51 0.908044
5193.6 3131.91 0.908045
5227.29 3162.5 0.908046
5261.2 3193.3 0.908046
5295.33 3224.29 0.908047
5329.68 3255.48 0.908048
5364.26 3286.88 0.908048
5399.06 3318.48 0.908049
5434.09 3350.29 0.908049
5469.34 3382.3 0.90805
5504.82 3414.52 0.90805
5540.53 3446.94 0.908051
5576.48 3479.58 0.908051
5612.65 3512.43 0.908051
5649.06 3545.5 0.908051
5685.71 3578.77 0.908052
5722.6 3612.27 0.908052
5759.72 3645.98 0.908052
5797.09 3679.91 0.908052
5834.69 3714.06 0.908052
5872.55 3748.43 0.908052
5910.64 3783.02 0.908053
5948.99 3817.84 0.908053
5987.58 3852.89 0.908053
6026.42 3888.16 0.908053
6065.52 3923.66 0.908053
6104.87 3959.39 0.908053
6144.47 3995.35 0.908053
6184.33 4031.55 0.908053
6224.45 4067.98 0.908053
6264.83 4104.65 0.908053
6305.48 4141.55 0.908053
6346.38 4178.7 0.908053
6387.55 4216.08 0.908053
6428.99 4253.71 0.908053
6470.7 4291.58 0.908053
6512.68 4329.7 0.908053
6554.93 4368.07 0.908053
6597.45 4406.68 0.908053
6640.25 4445.55 0.908053
6683.33 4484.66 0.908053
6726.69 4524.03 0.908053
6770.32 4563.66 0.908053
6814.25 4603.54 0.908053
6858.45 4643.68 0.908053
6902.95 4684.09 0.908053
6947.73 4724.75 0.908053
6992.8 4765.68 0.908053
7038.16 4806.87 0.908053
7083.82 4848.33 0.908053
7129.78 4890.06 0.908053
7176.03 4932.06 0.908053
7222.59 4974.34 0.908053
7269.44 5016.88 0.908053
7316.6 5059.71 0.908053
7364.07 5102.81 0.908053
7411.84 5146.19 0.908053
7459.92 5189.85 0.908053
7508.32 5233.8 0.908053
7557.03 5278.03 0.908053
7606.05 5322.55 0.908053
7655.39 5367.35 0.908053
7705.06 5412.45 0.908053
7755.04 5457.84 0.908053
7805.35 5503.52 0.908053
7855.99 5549.5 0.908053
7906.95 5595.78 0.908053
7958.25 5642.36 0.908053
8009.88 5689.24 0.908053
8061.84 5736.43 0.908053
8114.14 5783.92 0.908053
8166.78 5831.72 0.908053
8219.76 5879.83 0.908053
8273.08 5928.25 0.908053
8326.76 5976.98 0.908053
8380.77 6026.03 0.908053
8435.14 6075.4 0.908053
8489.86 6125.09 0.908053
8544.94 6175.11 0.908053
8600.38 6225.44 0.908053
8656.17 6276.11 0.908053
8712.32 6327.1 0.908053
8768.84 6378.42 0.908053
8825.73 6430.08 0.908053
8882.99 6482.07 0.908053
8940.61 6534.4 0.908053
8998.61 6587.07 0.908053
9056.99 6640.08 0.908053
9115.75 6693.43 0.908053
9174.89 6747.13 0.908053
9234.41 6801.18 0.908053
9294.31 6855.58 0.908053
9354.61 6910.33 0.908053
9415.29 6965.43 0.908053
9476.38 7020.9 0.908053
9537.85 7076.72 0.908053
9599.73 7132.91 0.908053
9662 7189.46 0.908053
9724.68 7246.38 0.908053
9787.77 7303.66 0.908053
9851.27 7361.32 0.908053
9915.18 7419.35 0.908053
9979.5 7477.76 0.908053
10044.2 7536.55 0.908053
10109.4 7595.72 0.908053
10175 7655.27 0.908053
10241 7715.21 0.908053
10307.4 7775.54 0.908053
10374.3 7836.26 0.908053
10441.6 7897.38 0.908053
10509.3 7958.89 0.908053
10577.5 8020.79 0.908053
10646.1 8083.1 0.908053
10715.2 8145.82 0.908053
10784.7 8208.94 0.908053
10854.7 8272.47 0.908053
10925.1 8336.42 0.908053
10996 8400.77 0.908053
11067.3 8465.55 0.908053
11139.1 8530.75 0.908053
11211.4 8596.37 0.908053
11284.1 8662.41 0.908053
11357.3 8728.88 0.908053
11431 8795.79 0.908053
11505.1 8863.13 0.908053
11579.8 8930.9 0.908053
11654.9 8999.12 0.908053
11730.5 9067.77 0.908053
11806.6 9136.88 0.908053
11883.2 9206.43 0.908053
11960.3 9276.43 0.908053
12037.9 9346.89 0.908053
12116 9417.8 0.908053
12194.6 9489.17 0.908053
12273.7 9561.01 0.908053
12353.3 9633.31 0.908053
12433.5 9706.08 0.908053
12514.1 9779.33 0.908053
12595.3 9853.05 0.908053
12677 9927.24 0.908053
12759.2 10001.9 0.908053
12842 10077.1 0.908053
12925.3 10152.7 0.908053
13009.2 10228.9 0.908053
13093.6 10305.5 0.908053
13178.5 10382.6 0.908053
13264 10460.3 0.908053
13350.1 10538.4 0.908053
13436.7 10617.1 0.908053
13523.8 10696.2 0.908053
13611.6 10775.9 0.908053
13699.9 10856.1 0.908053
13788.8 10936.8 0.908053
13878.2 11018 0.908053
13968.2 11099.7 0.908053
14058.9 11182 0.908053
14150.1 11264.9 0.908053
14241.9 11348.2 0.908053
14334.2 11432.1 0.908053
14427.2 11516.5 0.908053
14520.8 11601.5 0.908053
14615 11687.1 0.908053
14709.8 11773.2 0.908053
14805.3 11859.8 0.908053
14901.3 11947 0.908053
14998 12034.8 0.908053
15095.3 12123.2 0.908053
15193.2 12212.1 0.908053
15291.8 12301.6 0.908053
15391 12391.7 0.908053
15490.8 12482.3 0.908053
15591.3 12573.6 0.908053
15692.5 12665.4 0.908053
15794.3 12757.9 0.908053
15896.7 12850.9 0.908053
15999.9 12944.6 0.908053
16103.7 13038.8 0.908053
16208.1 13133.7 0.908053
16313.3 13229.2 0.908053
16419.1 13325.3 0.908053
16525.6 13422 0.908053
16632.8 13519.3 0.908053
16740.7 13617.3 0.908053
16849.3 13715.9 0.908053
16958.7 13815.2 0.908053
17068.7 13915.1 0.908053
17179.4 14015.7 0.908053
17290.8 14116.9 0.908053
17403 14218.7 0.908053
17515.9 14321.2 0.908053
17629.6 14424.4 0.908053
17743.9 14528.3 0.908053
17859 14632.8 0.908053
17974.9 14738 0.908053
18091.5 14843.9 0.908053
18208.9 14950.5 0.908053
18327 15057.7 0.908053
18445.9 15165.7 0.908053
18565.5 15274.4 0.908053
18686 15383.7 0.908053
18807.2 15493.8 0.908053
18929.2 15604.6 0.908053
19052 15716.1 0.908053
19175.6 15828.3 0.908053
19300 15941.3 0.908053
19425.2 16055 0.908053
19551.2 16169.4 0.908053
19678.1 16284.6 0.908053
19805.7 16400.5 0.908053
19934.2 16517.2 0.908053
20063.5 16634.6 0.908053
20193.7 16752.8 0.908053
20324.7 16871.8 0.908053
20456.6 16991.5 0.908053
20589.3 17112 0.908053
20722.8 17233.3 0.908053
20857.3 17355.4 0.908053
20992.6 17478.2 0.908053
21128.8 17601.9 0.908053
21265.8 17726.4 0.908053
21403.8 17851.6 0.908053
21542.7 17977.7 0.908053
21682.4 18104.6 0.908053
21823.1 18232.4 0.908053
21964.6 18360.9 0.908053
22107.1 18490.3 0.908053
22250.6 18620.5 0.908053
22394.9 18751.6 0.908053
22540.2 18883.5 0.908053
22686.4 19016.3 0.908053
22833.6 19150 0.908053
22981.7 19284.5 0.908053
23130.8 19419.9 0.908053
23280.9 19556.1 0.908053
23431.9 19693.3 0.908053
23583.9 19831.3 0.908053
23736.9 19970.2 0.908053
23890.9 20110.1 0.908053
24045.9 20250.8 0.908053
24201.9 20392.4 0.908053
24358.9 20535 0.908053
24516.9 20678.5 0.908053
24676 20822.9 0.908053
24836 20968.3 0.908053
24997.2 21114.6 0.908053
25159.3 21261.9 0.908053
25322.5 21410.1 0.908053
25486.8 21559.2 0.908053
25652.2 21709.4 0.908053
25818.6 21860.5 0.908053
25986.1 22012.6 0.908053
26154.7 22165.7 0.908053
26324.3 22319.7 0.908053
26495.1 22474.8 0.908053
26667 22630.9 0.908053
26840 22788 0.908053
27014.1 22946.1 0.908053
27189.4 23105.2 0.908053
27365.7 23265.4 0.908053
27543.3 23426.6 0.908053
27722 23588.9 0.908053
27901.8 23752.2 0.908053
28082.8 23916.5 0.908053
28265 24082 0.908053
28448.4 24248.5 0.908053
28632.9 24416.1 0.908053
28818.7 24584.7 0.908053
29005.6 24754.5 0.908053
29193.8 24925.4 0.908053
29383.2 25097.3 0.908053
29573.8 25270.4 0.908053
29765.7 25444.6 0.908053
29958.8 25620 0.908053
30153.1 25796.5 0.908053
30348.7 25974.1 0.908053
30545.6 26152.9 0.908053
30743.8 26332.8 0.908053
30943.2 26513.9 0.908053
31143.9 26696.2 0.908053
31346 26879.7 0.908053
31549.3 27064.3 0.908053
31754 27250.2 0.908053
31960 27437.2 0.908053
32167.3 27625.5 0.908053
32376 27815 0.908053
32586.1 28005.7 0.908053
32797.5 28197.7 0.908053
33010.2 28390.9 0.908053
33224.4 28585.4 0.908053
33439.9 28781.1 0.908053
33656.9 28978.1 0.908053
33875.2 29176.3 0.908053
34095 29375.9 0.908053
34316.1 29576.7 0.908053
34538.8 29778.9 0.908053
34762.8 29982.3 0.908053
34988.3 30187.1 0.908053
35215.3 30393.2 0.908053
35443.8 30600.7 0.908053
35673.7 30809.5 0.908053
35905.1 31019.6 0.908053
36138.1 31231.1 0.908053
36372.5 31444 0.908053
36608.5 31658.3 0.908053
36846 31874 0.908053
37085 32091 0.908053
37325.6 32309.5 0.908053
37567.7 32529.4 0.908053
37811.4 32750.7 0.908053
38056.7 32973.4 0.908053
38303.6 33197.6 0.908053
38552.1 33423.2 0.908053
38802.2 33650.3 0.908053
39053.9 33878.9 0.908053
39307.3 34109 0.908053
39562.3 34340.5 0.908053
39819 34573.6 0.908053
40077.3 34808.2 0.908053
40337.3 35044.2 0.908053
40599 35281.9 0.908053
40862.3 35521 0.908053
41127.4 35761.7 0.908053
41394.2 36004 0.908053
41662.8 36247.9 0.908053
41933.1 36493.3 0.908053
42205.1 36740.3 0.908053
42478.9 36988.9 0.908053
42754.5 37239.2 0.908053
43031.8 37491 0.908053
43311 37744.5 0.908053
43592 37999.7 0.908053
43874.8 38256.5 0.908053
44159.4 38514.9 0.908053
44445.9 38775.1 0.908053
44734.2 39036.9 0.908053
45024.4 39300.4 0.908053
45316.5 39565.6 0.908053
45610.5 39832.6 0.908053
45906.4 40101.3 0.908053
46204.2 40371.7 0.908053
46503.9 40643.9 0.908053
46805.6 40917.8 0.908053
47109.3 41193.6 0.908053
47414.9 41471.1 0.908053
47722.5 41750.4 0.908053
48032.1 42031.5 0.908053
48343.7 42314.5 0.908053
48657.3 42599.3 0.908053
48972.9 42885.9 0.908053
49290.7 43174.4 0.908053
49610.4 43464.8 0.908053
49932.3 43757 0.908053
50256.2 44051.1 0.908053
50582.2 44347.2 0.908053
50910.4 44645.2 0.908053
51240.6 44945.1 0.908053
51573.1 45246.9 0.908053
51907.6 45550.7 0.908053
52244.4 45856.5 0.908053
52583.3 46164.3 0.908053
52924.4 46474 0.908053
53267.8 46785.8 0.908053
53613.3 47099.6 0.908053
53961.1 47415.4 0.908053
54311.2 47733.3 0.908053
54663.5 48053.3 0.908053
55018.2 48375.3 0.908053
55375.1 48699.4 0.908053
55734.3 49025.6 0.908053
56095.9 49353.9 0.908053
