5.78741e-09 5.95396e-15 4.29514e-06
5.8738e-08 3.33166e-13 8.58285e-06
5.86595e-07 1.45059e-11 3.56977e-05
4.6076e-06 3.38009e-10 8.97843e-05
5.86875e-06 4.61297e-10 0.000114002
2.3369e-05 3.31505e-09 0.000192532
7.39119e-05 1.62978e-08 0.000292274
0.000147358 4.17301e-08 0.000330144
0.000152693 4.34471e-08 0.000292479
0.000165528 4.67976e-08 0.000304172
0.000294481 1.01986e-07 0.000463041
0.000466785 1.89679e-07 0.00054542
0.000739961 3.52227e-07 0.00041641
0.000792747 3.70702e-07 0.000446592
0.000859333 4.13069e-07 0.00055442
0.000931697 4.48502e-07 0.00055104
0.00117285 6.10601e-07 0.000697128
0.00147667 8.31244e-07 0.000750516
0.0017323 1.02935e-06 0.000535855
0.00185963 1.08409e-06 0.000525282
0.00294795 2.00733e-06 0.000908255
0.00467391 3.71532e-06 0.00105104
0.00633042 5.56999e-06 0.00091467
0.0070765 6.16755e-06 0.00093479
0.00933155 8.92099e-06 0.00127133
0.0117504 1.21316e-05 0.00137956
0.0154948 1.7543e-05 0.00122736
0.0177925 2.00421e-05 0.00125466
0.0234638 2.89812e-05 0.00164107
0.0295474 3.94039e-05 0.00177172
0.0354913 5.03041e-05 0.00128079
0.0389653 5.38549e-05 0.00125817
0.0549487 8.51279e-05 0.00191362
0.0590129 9.27925e-05 0.00199187
0.0713035 0.000119369 0.00114686
0.0787306 0.000125461 0.00110854
0.10265 0.000178607 0.00176378
0.112568 0.000193736 0.00180901
0.132297 0.000240204 0.00240921
0.146764 0.000275794 0.00181491
0.15911 0.000293738 0.00177613
0.191354 0.000375514 0.00260957
0.227502 0.000472769 0.000973271
0.245257 0.000484229 0.000805937
0.256566 0.000495831 0.00103354
0.268397 0.000508152 0.00104919
0.280773 0.000521236 0.00106507
0.293719 0.00053513 0.0010812
0.307263 0.000549885 0.00109757
0.321432 0.000565555 0.00111419
0.336253 0.000582195 0.00113106
0.351758 0.000599866 0.00114818
0.367978 0.000618631 0.00116556
0.384946 0.000638559 0.00118321
0.402697 0.000659722 0.00120112
0.421266 0.000682195 0.00121931
0.440691 0.000706061 0.00123777
0.461012 0.000731406 0.00125651
0.48227 0.00075832 0.00127553
0.504508 0.000786902 0.00129484
0.527771 0.000817254 0.00131445
0.552107 0.000849487 0.00133435
0.577566 0.000883717 0.00135455
0.604198 0.000920067 0.00137506
0.632059 0.000958668 0.00139588
0.661204 0.000999662 0.00141701
0.691693 0.00104319 0.00143847
0.723588 0.00108942 0.00146024
0.756953 0.00113852 0.00148235
0.791857 0.00119065 0.00150479
0.828371 0.00124602 0.00152758
0.866568 0.00130481 0.00155071
0.906527 0.00136725 0.00157418
0.948328 0.00143355 0.00159802
0.992057 0.00150396 0.00162221
1.0378 0.00157874 0.00164677
1.08566 0.00165815 0.0016717
1.13572 0.00174247 0.00169701
1.18809 0.00183202 0.00172271
1.24287 0.00192712 0.00174879
1.30018 0.00202811 0.00177526
1.36014 0.00213535 0.00180214
1.42285 0.00224924 0.00182943
1.48846 0.00237018 0.00185712
1.5571 0.00249862 0.00188524
1.6289 0.00263501 0.00191378
1.70401 0.00277985 0.00194276
1.78258 0.00293367 0.00197217
1.86478 0.00309701 0.00200203
1.95077 0.00327047 0.00203234
2.04072 0.00345468 0.00206311
2.13482 0.0036503 0.00209435
2.23326 0.00385804 0.00212606
2.33624 0.00407865 0.00215824
2.44396 0.00431292 0.00219092
2.55666 0.00456171 0.00222409
2.67455 0.00482591 0.00225776
2.79788 0.00510648 0.00229195
2.92689 0.00540443 0.00232665
3.06185 0.00572083 0.00236187
3.20304 0.00605684 0.00239763
3.35074 0.00641366 0.00243393
3.50524 0.00679259 0.00247078
3.66688 0.00719499 0.00250819
3.83596 0.00762232 0.00254616
4.01284 0.00807613 0.00258471
4.19788 0.00855804 0.00262385
4.39145 0.00906982 0.00266357
4.59395 0.00961329 0.0027039
4.80578 0.0101904 0.00274483
5.02738 0.0108033 0.00278639
5.2592 0.0114542 0.00282858
5.50171 0.0121454 0.0028714
5.7554 0.0128794 0.00291488
6.02079 0.0136589 0.00295901
6.29841 0.0144866 0.00300381
6.58884 0.0153657 0.00304928
6.89266 0.0162992 0.00309545
7.21049 0.0172905 0.00314232
7.54298 0.0183433 0.00318989
7.8908 0.0194612 0.00323819
8.25465 0.0206484 0.00328721
8.63529 0.0219092 0.00333698
9.03347 0.0232481 0.0033875
9.45002 0.0246699 0.00343879
9.88577 0.0261798 0.00349085
10.3416 0.0277832 0.00354371
10.8185 0.029486 0.00359736
11.3173 0.0312942 0.00365182
11.8392 0.0332145 0.00370711
12.3851 0.0352537 0.00376324
12.9562 0.0374193 0.00382021
13.5536 0.039719 0.00387805
14.1786 0.0421611 0.00393677
14.8324 0.0447546 0.00399637
15.5164 0.0475087 0.00405687
16.2318 0.0504335 0.00411829
16.9803 0.0535394 0.00418065
17.7633 0.0568378 0.00424394
18.5824 0.0603405 0.0043082
19.4392 0.0640601 0.00437342
20.3356 0.0680102 0.00443964
21.2733 0.072205 0.00450685
22.2543 0.0766597 0.00457509
23.2804 0.0813904 0.00464435
24.3539 0.0864141 0.00471467
25.4769 0.091749 0.00478605
26.6517 0.0974144 0.00485851
27.8806 0.103431 0.00493207
29.1662 0.10982 0.00500674
30.5111 0.116605 0.00508254
31.9181 0.12381 0.00515949
33.3898 0.131462 0.00523761
34.9295 0.139587 0.00531691
36.5401 0.148216 0.0053974
38.225 0.15738 0.00547912
39.9877 0.167111 0.00556208
41.8315 0.177445 0.00564629
43.7605 0.188419 0.00573177
45.7783 0.200073 0.00581855
47.8892 0.212449 0.00590664
50.0974 0.225592 0.00599607
52.4075 0.239549 0.00608685
54.8241 0.254371 0.00617901
57.3521 0.27011 0.00627256
59.9967 0.286825 0.00636752
62.7632 0.304575 0.00646393
65.6573 0.323425 0.00656179
68.6849 0.343443 0.00666114
71.852 0.364701 0.00676199
75.1652 0.387275 0.00686552
75.1652 0.387275 0.00686451
75.6528 0.390762 0.00743735
76.1436 0.394554 0.00801339
76.6376 0.398655 0.00859266
77.1348 0.403072 0.00917516
77.6352 0.40781 0.00976092
78.1388 0.412874 0.0103499
78.6457 0.418271 0.0109422
79.1559 0.424006 0.0115378
79.6694 0.430084 0.0121367
80.1863 0.436513 0.0127389
80.7065 0.443297 0.0133445
81.23 0.450443 0.0139533
81.757 0.457957 0.0145656
82.2874 0.465846 0.0151812
82.8212 0.474115 0.0158002
83.3585 0.482772 0.0164225
83.8993 0.491822 0.0170483
84.4436 0.501272 0.0176775
84.9914 0.51113 0.0183101
85.5428 0.521401 0.0189462
86.0977 0.532092 0.0195858
86.6563 0.543211 0.0202287
87.2184 0.554765 0.0208752
87.7842 0.566761 0.0215252
88.3537 0.579205 0.0221787
88.9269 0.592106 0.0228357
89.5038 0.60547 0.0234962
90.0845 0.619306 0.0241602
90.6689 0.63362 0.0248278
91.2571 0.648421 0.025499
91.8491 0.663717 0.0261738
92.4449 0.679515 0.0268521
93.0447 0.695823 0.027534
93.6483 0.71265 0.0282196
94.2558 0.730004 0.0289087
94.8673 0.747892 0.0296015
95.4827 0.766325 0.030298
96.1021 0.785309 0.030998
96.7256 0.804854 0.0317018
97.3531 0.824968 0.0324092
97.9847 0.845661 0.0331203
98.6203 0.866942 0.0338351
99.2601 0.888819 0.0345536
99.904 0.911302 0.0352758
100.552 0.9344 0.0360017
101.204 0.958122 0.0367314
101.861 0.982479 0.0374647
102.522 1.00748 0.0382019
103.187 1.03313 0.0389428
103.856 1.05945 0.0396875
104.53 1.08644 0.0404359
105.208 1.11412 0.0411881
105.891 1.14249 0.0419442
106.578 1.17156 0.042704
107.269 1.20135 0.0434676
107.965 1.23187 0.0442351
108.665 1.26312 0.0450063
109.37 1.29512 0.0457814
110.08 1.32788 0.0465604
110.794 1.36141 0.0473431
111.513 1.39572 0.0481297
112.236 1.43083 0.0489202
112.964 1.46673 0.0497146
113.697 1.50346 0.0505128
114.435 1.54101 0.0513148
115.177 1.57941 0.0521208
115.924 1.61865 0.0529306
116.676 1.65877 0.0537443
117.433 1.69976 0.0545619
118.195 1.74164 0.0553834
118.962 1.78442 0.0562088
119.734 1.82812 0.0570381
120.51 1.87275 0.0578713
121.292 1.91832 0.0587084
122.079 1.96484 0.0595494
122.871 2.01234 0.0603943
123.668 2.06082 0.0612431
124.47 2.11029 0.0620958
125.278 2.16078 0.0629525
126.091 2.21229 0.063813
126.909 2.26485 0.0646775
127.732 2.31845 0.0655458
128.561 2.37313 0.0664181
129.395 2.42889 0.0672943
130.234 2.48575 0.0681744
131.079 2.54372 0.0690584
131.929 2.60282 0.0699463
132.785 2.66307 0.0708381
133.646 2.72447 0.0717338
134.513 2.78706 0.0726333
135.386 2.85083 0.0735368
136.264 2.91582 0.0744441
137.148 2.98203 0.0753554
138.038 3.04948 0.0762704
138.934 3.1182 0.0771894
139.835 3.18818 0.0781122
140.742 3.25946 0.0790388
141.655 3.33205 0.0799693
142.574 3.40597 0.0809036
143.499 3.48124 0.0818417
144.43 3.55786 0.0827836
145.367 3.63587 0.0837293
146.31 3.71528 0.0846789
147.259 3.79611 0.0856321
148.215 3.87837 0.0865892
149.176 3.96209 0.08755
150.144 4.04728 0.0885145
151.118 4.13397 0.0894827
152.098 4.22217 0.0904546
153.085 4.31191 0.0914302
154.078 4.4032 0.0924095
155.078 4.49606 0.0933925
156.084 4.59051 0.094379
157.096 4.68657 0.0953692
158.115 4.78428 0.096363
159.141 4.88363 0.0973603
160.173 4.98466 0.0983612
161.213 5.08739 0.0993656
162.258 5.19184 0.100373
163.311 5.29803 0.101385
164.37 5.40598 0.1024
165.437 5.51571 0.103418
166.51 5.62725 0.10444
167.59 5.74063 0.105465
168.678 5.85585 0.106493
169.772 5.97294 0.107525
170.873 6.09194 0.108559
171.982 6.21285 0.109598
173.097 6.33571 0.110639
174.22 6.46054 0.111684
175.351 6.58736 0.112731
176.488 6.7162 0.113782
177.633 6.84707 0.114836
178.785 6.98002 0.115893
179.945 7.11505 0.116953
181.113 7.2522 0.118016
182.288 7.39148 0.119081
183.47 7.53294 0.12015
184.66 7.67658 0.121221
185.858 7.82244 0.122295
187.064 7.97055 0.123372
188.278 8.12092 0.124452
189.499 8.27359 0.125534
190.728 8.42858 0.126619
191.966 8.58592 0.127706
193.211 8.74564 0.128795
194.464 8.90776 0.129887
195.726 9.07231 0.130982
196.996 9.23932 0.132079
198.274 9.40881 0.133177
199.56 9.58082 0.134278
200.855 9.75538 0.135382
202.158 9.9325 0.136487
203.469 10.1122 0.137594
204.789 10.2946 0.138703
206.118 10.4796 0.139814
207.455 10.6673 0.140926
208.801 10.8577 0.142041
210.155 11.0509 0.143156
211.519 11.2468 0.144274
212.891 11.4455 0.145392
214.272 11.6471 0.146513
215.662 11.8515 0.147634
217.061 12.0589 0.148757
218.469 12.2691 0.14988
219.886 12.4824 0.151005
221.313 12.6986 0.152131
222.749 12.9178 0.153257
224.194 13.1401 0.154384
225.648 13.3654 0.155512
227.112 13.5939 0.15664
228.585 13.8255 0.157769
230.068 14.0603 0.158898
231.561 14.2983 0.160027
233.063 14.5396 0.161156
234.575 14.7841 0.162286
236.097 15.0319 0.163415
237.628 15.2831 0.164544
239.17 15.5376 0.165672
240.722 15.7955 0.1668
242.283 16.0569 0.167928
243.855 16.3217 0.169054
245.437 16.59 0.17018
247.029 16.8619 0.171305
248.632 17.1373 0.172429
250.245 17.4164 0.173551
251.868 17.699 0.174672
253.502 17.9853 0.175791
255.147 18.2754 0.176909
256.802 18.5691 0.178025
258.468 18.8666 0.179139
260.145 19.1679 0.18025
261.832 19.4731 0.181359
263.531 19.7821 0.182466
265.24 20.0949 0.18357
266.961 20.4118 0.184671
268.693 20.7325 0.18577
270.436 21.0573 0.186865
272.191 21.3861 0.187956
273.956 21.719 0.189044
275.734 22.0559 0.190129
277.522 22.397 0.191209
279.323 22.7422 0.192286
281.135 23.0916 0.193358
282.959 23.4452 0.194425
284.794 23.8031 0.195488
286.642 24.1652 0.196546
288.501 24.5317 0.197599
290.373 24.9025 0.198646
292.257 25.2777 0.199688
294.153 25.6573 0.200724
296.061 26.0413 0.201754
297.982 26.4298 0.202777
299.915 26.8228 0.203794
301.86 27.2203 0.204805
303.819 27.6223 0.205808
305.79 28.0289 0.206805
307.773 28.4402 0.207793
309.77 28.856 0.208774
311.78 29.2766 0.209747
313.802 29.7018 0.210712
315.838 30.1317 0.211668
317.887 30.5664 0.212615
319.949 31.0058 0.213554
322.025 31.45 0.214482
324.114 31.8991 0.215401
326.217 32.3529 0.216311
328.333 32.8116 0.217209
330.463 33.2753 0.218098
332.607 33.7438 0.218975
334.764 34.2172 0.219841
336.936 34.6956 0.220696
339.122 35.1789 0.221539
341.322 35.6672 0.222369
343.536 36.1605 0.223187
345.765 36.6588 0.223993
348.008 37.1621 0.224785
350.266 37.6705 0.225563
352.538 38.1839 0.226328
354.825 38.7024 0.227078
357.127 39.2259 0.227813
359.444 39.7545 0.228534
361.776 40.2883 0.229239
364.123 40.8271 0.229928
366.485 41.371 0.230602
368.862 41.9201 0.231258
371.255 42.4742 0.231898
373.664 43.0335 0.23252
376.088 43.5979 0.233124
378.528 44.1674 0.23371
380.983 44.742 0.234278
383.455 45.3217 0.234826
385.942 45.9065 0.235355
388.446 46.4964 0.235864
390.966 47.0914 0.236353
393.502 47.6914 0.23682
396.055 48.2966 0.237267
398.625 48.9067 0.237691
401.211 49.5219 0.238093
403.813 50.1421 0.238473
406.433 50.7673 0.238829
409.07 51.3975 0.239161
411.724 52.0326 0.239469
414.395 52.6726 0.239753
417.083 53.3174 0.240011
419.789 53.9672 0.240243
422.512 54.6217 0.240449
425.253 55.281 0.240629
428.012 55.9451 0.24078
430.788 56.6138 0.240904
433.583 57.2872 0.241
436.396 57.9652 0.241066
439.227 58.6477 0.241103
442.076 59.3347 0.24111
444.944 60.0262 0.241086
447.831 60.722 0.24103
450.736 61.4221 0.240943
453.66 62.1265 0.240823
456.603 62.835 0.240671
459.565 63.5476 0.240484
462.547 64.2643 0.240263
465.547 64.9848 0.240008
468.567 65.7093 0.239716
471.607 66.4374 0.239389
474.667 67.1693 0.239025
477.746 67.9047 0.238623
480.845 68.6436 0.238183
483.965 69.3858 0.237705
487.104 70.1313 0.237187
490.264 70.88 0.236629
493.445 71.6316 0.236031
496.646 72.3862 0.235391
499.868 73.1435 0.234709
503.111 73.9034 0.233985
506.375 74.6659 0.233217
509.66 75.4307 0.232405
512.966 76.1977 0.231548
516.294 76.9667 0.230646
519.643 77.7376 0.229697
523.014 78.5103 0.228702
526.407 79.2845 0.227659
529.822 80.0601 0.226568
533.26 80.8369 0.225428
536.719 81.6147 0.224239
540.201 82.3933 0.222999
543.705 83.1725 0.221708
547.233 83.9522 0.220365
550.783 84.732 0.21897
554.356 85.5118 0.217521
557.952 86.2914 0.216018
561.572 87.0705 0.214461
565.215 87.8488 0.212849
568.882 88.6263 0.21118
572.572 89.4024 0.209454
576.287 90.1771 0.207671
580.025 90.9501 0.20583
583.788 91.721 0.20393
587.575 92.4896 0.20197
591.387 93.2557 0.19995
595.224 94.0188 0.197868
599.085 94.7787 0.195725
602.971 95.5351 0.19352
606.883 96.2876 0.191251
610.82 97.036 0.188919
614.783 97.7799 0.186522
618.771 98.5189 0.18406
622.785 99.2527 0.181532
626.826 99.9808 0.178937
630.892 100.703 0.176275
634.985 101.419 0.173546
639.104 102.128 0.170748
643.25 102.83 0.167881
647.423 103.525 0.164945
651.623 104.211 0.161938
655.851 104.889 0.158861
660.105 105.558 0.155712
664.388 106.218 0.152491
668.698 106.868 0.149198
673.036 107.508 0.145832
677.402 108.137 0.142392
681.797 108.756 0.138879
686.22 109.362 0.135291
690.671 109.956 0.131628
695.152 110.537 0.12789
699.662 111.106 0.124076
704.201 111.66 0.120185
708.769 112.2 0.116219
713.367 112.725 0.112176
717.995 113.235 0.108055
722.653 113.728 0.103857
727.341 114.205 0.099582
732.06 114.665 0.0952287
736.809 115.106 0.0907973
741.589 115.53 0.0862877
746.4 115.934 0.0816998
751.242 116.318 0.0770335
756.115 116.682 0.0722886
761.021 117.025 0.0674652
765.958 117.346 0.0625634
770.927 117.644 0.0575831
775.928 117.919 0.0525244
780.962 118.171 0.0473876
786.028 118.398 0.0421727
791.127 118.599 0.0368801
796.26 118.775 0.03151
801.425 118.923 0.0260627
806.624 119.045 0.0205386
811.857 119.137 0.0149382
817.124 119.201 0.00926188
822.425 119.235 0.00351026
827.76 119.244 0
833.13 119.244 0
838.535 119.244 0
843.975 119.244 0
849.45 119.244 0
854.961 119.244 0
860.507 119.244 0
866.09 119.244 0
871.708 119.244 0
877.363 119.244 0
883.055 119.244 0
888.784 119.244 0
894.55 119.244 0
900.353 119.244 0
906.194 119.244 0
912.073 119.244 0
917.99 119.244 0
923.945 119.244 0
929.939 119.244 0
935.972 119.244 0
942.044 119.244 0
948.155 119.244 0
954.306 119.244 0
960.497 119.244 0
966.728 119.244 0
973 119.244 0
979.312 119.244 0
985.665 119.244 0
992.059 119.244 0
998.495 119.244 0
1004.97 119.244 0
1011.49 119.244 0
1018.05 119.244 0
1024.66 119.244 0
1031.31 119.244 0
1038 119.244 0
1044.73 119.244 0
1051.51 119.244 0
1058.33 119.244 0
1065.2 119.244 0
1072.11 119.244 0
1079.06 119.244 0
1086.06 119.244 0
1093.11 119.244 0
1100.2 119.244 0
1107.34 119.244 0
1114.52 119.244 0
1121.75 119.244 0
1129.03 119.244 0
1136.35 119.244 0
1143.72 119.244 0
1151.14 119.244 0
1158.61 119.244 0
1166.13 119.244 0
1173.69 119.244 0
1181.31 119.244 0
1188.97 119.244 0
1196.68 119.244 0
1204.45 119.244 0
1212.26 119.244 0
1220.12 119.244 0
1228.04 119.244 0
1236.01 119.244 0
1244.02 119.244 0
1252.09 119.244 0
1260.22 119.244 0
1268.39 119.244 0
1276.62 119.244 0
1284.9 119.244 0
1293.24 119.244 0
1301.63 119.244 0
1310.07 119.244 0
1318.57 119.244 0
1327.13 119.244 0
1335.74 119.244 0
1344.4 119.244 0
1353.12 119.244 0
1361.9 119.244 0
1370.74 119.244 0
1379.63 119.244 0
1388.58 119.244 0
1397.59 119.244 0
1406.65 119.244 0
1415.78 119.244 0
1424.96 119.244 0
1434.21 119.244 0
1443.51 119.244 0
1452.88 119.244 0
1462.3 119.244 0
1471.79 119.244 0
1481.34 119.244 0
1490.95 119.244 0
1500.62 119.244 0
1510.35 119.244 0
1520.15 119.244 0
1530.01 119.244 0
1539.94 119.244 0
1549.93 119.244 0
1559.98 119.244 0
1570.1 119.244 0
1580.29 119.244 0
1590.54 119.244 0
1600.86 119.244 0
1611.25 119.244 0
1621.7 119.244 0
1632.22 119.244 0
1642.81 119.244 0
1653.47 119.244 0
1664.19 119.244 0
1674.99 119.244 0
1685.85 119.244 0
1696.79 119.244 0
1707.8 119.244 0
1718.88 119.244 0
1730.03 119.244 0
1741.25 119.244 0
1752.55 119.244 0
1763.92 119.244 0
1775.36 119.244 0
1786.88 119.244 0
1798.47 119.244 0
1810.14 119.244 0
1821.88 119.244 0
1833.7 119.244 0
1845.6 119.244 0
1857.57 119.244 0
1869.62 119.244 0
1881.75 119.328 0.0137718
1893.96 119.628 0.035472
1906.24 120.199 0.0573803
1918.61 121.045 0.0794653
1931.06 122.172 0.101695
1943.58 123.586 0.124036
1956.19 125.292 0.146457
1968.88 127.293 0.168922
1981.66 129.594 0.1914
1994.51 132.199 0.213856
2007.45 135.111 0.236257
2020.47 138.333 0.258571
2033.58 141.868 0.280764
2046.77 145.717 0.302806
2060.05 149.883 0.324665
2073.42 154.367 0.346312
2086.87 159.169 0.367717
2100.41 164.29 0.388853
2114.03 169.731 0.409695
2127.75 175.49 0.430216
2141.55 181.568 0.450394
2155.44 187.963 0.470208
2169.43 194.674 0.489637
2183.5 201.698 0.508662
2197.66 209.036 0.527269
2211.92 216.682 0.545441
2226.27 224.636 0.563166
2240.71 232.895 0.580432
2255.25 241.454 0.597231
2269.88 250.311 0.613554
2284.61 259.463 0.629396
2299.43 268.905 0.644753
2314.34 278.634 0.65962
2329.36 288.645 0.673998
2344.47 298.935 0.687886
2359.68 309.499 0.701287
2374.99 320.334 0.714202
2390.39 331.433 0.726636
2405.9 342.794 0.738594
2421.51 354.412 0.750082
2437.22 366.282 0.761108
2453.03 378.399 0.771679
2468.94 390.76 0.781804
2484.96 403.36 0.791493
2501.08 416.194 0.800755
2517.31 429.258 0.809602
2533.64 442.548 0.818044
2550.07 456.06 0.826092
2566.62 469.79 0.833758
2583.27 483.733 0.841054
2600.03 497.886 0.847991
2616.89 512.245 0.854583
2633.87 526.806 0.860841
2650.96 541.566 0.866777
2668.15 556.521 0.872403
2685.46 571.668 0.877732
2702.89 587.003 0.882775
2720.42 602.524 0.887544
2738.07 618.228 0.892051
2755.83 634.111 0.896306
2773.71 650.171 0.900322
2791.7 666.405 0.904108
2809.81 682.812 0.907676
2828.04 699.388 0.911035
2846.39 716.131 0.914196
2864.85 733.04 0.917169
2883.44 750.111 0.919962
2902.15 767.345 0.922585
2920.97 784.738 0.925047
2939.92 802.288 0.927355
2958.99 819.996 0.929519
2978.19 837.858 0.931546
2997.51 855.875 0.933443
3016.96 874.044 0.935218
3036.53 892.364 0.936877
3056.23 910.835 0.938427
3076.05 929.455 0.939874
3096.01 948.224 0.941225
3116.1 967.141 0.942484
3136.31 986.206 0.943658
3156.66 1005.42 0.944751
3177.14 1024.77 0.945769
3197.75 1044.28 0.946715
3218.49 1063.93 0.947595
3239.37 1083.72 0.948413
3260.39 1103.66 0.949172
3281.54 1123.74 0.949877
3302.83 1143.97 0.95053
3324.25 1164.34 0.951136
3345.82 1184.86 0.951697
3367.52 1205.52 0.952217
3389.37 1226.33 0.952697
3411.36 1247.29 0.953142
3433.49 1268.38 0.953552
3455.76 1289.63 0.953931
3478.18 1311.02 0.954281
3500.75 1332.55 0.954604
3523.46 1354.24 0.954902
3546.31 1376.07 0.955176
3569.32 1398.04 0.955428
3592.48 1420.17 0.955661
3615.78 1442.45 0.955874
3639.24 1464.87 0.956071
3662.85 1487.44 0.956251
3686.61 1510.17 0.956416
3710.53 1533.04 0.956568
3734.6 1556.07 0.956707
3758.82 1579.25 0.956835
3783.21 1602.59 0.956951
3807.75 1626.07 0.957058
3832.45 1649.72 0.957156
3857.32 1673.51 0.957245
3882.34 1697.47 0.957326
3907.53 1721.58 0.957401
3932.88 1745.85 0.957469
3958.39 1770.28 0.95753
3984.07 1794.87 0.957587
4009.92 1819.62 0.957638
4035.93 1844.53 0.957685
4062.11 1869.61 0.957727
4088.47 1894.85 0.957766
4114.99 1920.25 0.9578
4141.68 1945.82 0.957832
4168.55 1971.56 0.957861
4195.6 1997.46 0.957887
4222.81 2023.53 0.957911
4250.21 2049.78 0.957932
4277.78 2076.19 0.957951
4305.53 2102.77 0.957969
4333.46 2129.53 0.957984
4361.58 2156.46 0.957998
4389.87 2183.57 0.958011
4418.35 2210.85 0.958023
4447.01 2238.31 0.958033
4475.86 2265.95 0.958043
4504.9 2293.77 0.958051
4534.12 2321.77 0.958058
4563.54 2349.95 0.958065
4593.14 2378.31 0.958071
4622.94 2406.86 0.958077
4652.93 2435.6 0.958082
4683.12 2464.52 0.958086
4713.5 2493.62 0.95809
4744.08 2522.92 0.958093
4774.85 2552.41 0.958096
4805.83 2582.08 0.958099
4837.01 2611.96 0.958102
4868.39 2642.02 0.958104
4899.97 2672.28 0.958106
4931.76 2702.74 0.958108
4963.75 2733.39 0.958109
4995.95 2764.24 0.958111
5028.36 2795.3 0.958112
5060.98 2826.55 0.958113
5093.82 2858.01 0.958114
5126.86 2889.67 0.958115
5160.12 2921.53 0.958115
5193.6 2953.61 0.958116
5227.29 2985.89 0.958117
5261.2 3018.38 0.958117
5295.33 3051.08 0.958118
5329.68 3084 0.958118
5364.26 3117.12 0.958118
5399.06 3150.47 0.958119
5434.09 3184.02 0.958119
5469.34 3217.8 0.958119
5504.82 3251.8 0.958119
5540.53 3286.01 0.95812
5576.48 3320.45 0.95812
5612.65 3355.11 0.95812
5649.06 3390 0.95812
5685.71 3425.11 0.95812
5722.6 3460.45 0.95812
5759.72 3496.02 0.95812
5797.09 3531.82 0.95812
5834.69 3567.85 0.95812
5872.55 3604.12 0.958121
5910.64 3640.62 0.958121
5948.99 3677.36 0.958121
5987.58 3714.34 0.958121
6026.42 3751.56 0.958121
6065.52 3789.01 0.958121
6104.87 3826.72 0.958121
6144.47 3864.66 0.958121
6184.33 3902.85 0.958121
6224.45 3941.29 0.958121
6264.83 3979.98 0.958121
6305.48 4018.92 0.958121
6346.38 4058.11 0.958121
6387.55 4097.56 0.958121
6428.99 4137.26 0.958121
6470.7 4177.23 0.958121
6512.68 4217.44 0.958121
6554.93 4257.93 0.958121
6597.45 4298.67 0.958121
6640.25 4339.68 0.958121
6683.33 4380.95 0.958121
6726.69 4422.49 0.958121
6770.32 4464.3 0.958121
6814.25 4506.38 0.958121
6858.45 4548.74 0.958121
6902.95 4591.37 0.958121
6947.73 4634.28 0.958121
6992.8 4677.46 0.958121
7038.16 4720.93 0.958121
7083.82 4764.67 0.958121
7129.78 4808.7 0.958121
7176.03 4853.02 0.958121
7222.59 4897.62 0.958121
7269.44 4942.52 0.958121
7316.6 4987.7 0.958121
7364.07 5033.18 0.958121
7411.84 5078.95 0.958121
7459.92 5125.02 0.958121
7508.32 5171.39 0.958121
7557.03 5218.06 0.958121
7606.05 5265.03 0.958121
7655.39 5312.31 0.958121
7705.06 5359.89 0.958121
7755.04 5407.78 0.958121
7805.35 5455.99 0.958121
7855.99 5504.5 0.958121
7906.95 5553.33 0.958121
7958.25 5602.48 0.958121
8009.88 5651.94 0.958121
8061.84 5701.73 0.958121
8114.14 5751.84 0.958121
8166.78 5802.28 0.958121
8219.76 5853.04 0.958121
8273.08 5904.13 0.958121
8326.76 5955.55 0.958121
8380.77 6007.31 0.958121
8435.14 6059.4 0.958121
8489.86 6111.83 0.958121
8544.94 6164.6 0.958121
8600.38 6217.71 0.958121
8656.17 6271.17 0.958121
8712.32 6324.97 0.958121
8768.84 6379.13 0.958121
8825.73 6433.63 0.958121
8882.99 6488.49 0.958121
8940.61 6543.7 0.958121
8998.61 6599.27 0.958121
9056.99 6655.21 0.958121
9115.75 6711.5 0.958121
9174.89 6768.16 0.958121
9234.41 6825.19 0.958121
9294.31 6882.59 0.958121
9354.61 6940.36 0.958121
9415.29 6998.5 0.958121
9476.38 7057.03 0.958121
9537.85 7115.93 0.958121
9599.73 7175.21 0.958121
9662 7234.88 0.958121
9724.68 7294.94 0.958121
9787.77 7355.38 0.958121
9851.27 7416.22 0.958121
9915.18 7477.45 0.958121
9979.5 7539.08 0.958121
10044.2 7601.11 0.958121
10109.4 7663.54 0.958121
10175 7726.38 0.958121
10241 7789.62 0.958121
10307.4 7853.28 0.958121
10374.3 7917.35 0.958121
10441.6 7981.83 0.958121
10509.3 8046.73 0.958121
10577.5 8112.05 0.958121
10646.1 8177.8 0.958121
10715.2 8243.97 0.958121
10784.7 8310.57 0.958121
10854.7 8377.61 0.958121
10925.1 8445.08 0.958121
10996 8512.98 0.958121
11067.3 8581.33 0.958121
11139.1 8650.12 0.958121
11211.4 8719.36 0.958121
11284.1 8789.05 0.958121
11357.3 8859.18 0.958121
11431 8929.78 0.958121
11505.1 9000.83 0.958121
11579.8 9072.34 0.958121
11654.9 9144.32 0.958121
11730.5 9216.76 0.958121
11806.6 9289.67 0.958121
11883.2 9363.06 0.958121
11960.3 9436.92 0.958121
12037.9 9511.26 0.958121
12116 9586.09 0.958121
12194.6 9661.39 0.958121
12273.7 9737.19 0.958121
12353.3 9813.48 0.958121
12433.5 9890.27 0.958121
12514.1 9967.55 0.958121
12595.3 10045.3 0.958121
12677 10123.6 0.958121
12759.2 10202.4 0.958121
12842 10281.7 0.958121
12925.3 10361.5 0.958121
13009.2 10441.9 0.958121
13093.6 10522.7 0.958121
13178.5 10604.1 0.958121
13264 10686 0.958121
13350.1 10768.5 0.958121
13436.7 10851.5 0.958121
13523.8 10935 0.958121
13611.6 11019 0.958121
13699.9 11103.7 0.958121
13788.8 11188.8 0.958121
13878.2 11274.5 0.958121
13968.2 11360.8 0.958121
14058.9 11447.6 0.958121
14150.1 11535 0.958121
14241.9 11622.9 0.958121
14334.2 11711.5 0.958121
14427.2 11800.6 0.958121
14520.8 11890.2 0.958121
14615 11980.5 0.958121
14709.8 12071.3 0.958121
14805.3 12162.8 0.958121
14901.3 12254.8 0.958121
14998 12347.4 0.958121
15095.3 12440.6 0.958121
15193.2 12534.5 0.958121
15291.8 12628.9 0.958121
15391 12723.9 0.958121
15490.8 12819.6 0.958121
15591.3 12915.9 0.958121
15692.5 13012.8 0.958121
15794.3 13110.3 0.958121
15896.7 13208.5 0.958121
15999.9 13307.3 0.958121
16103.7 13406.8 0.958121
16208.1 13506.9 0.958121
16313.3 13607.6 0.958121
16419.1 13709 0.958121
16525.6 13811.1 0.958121
16632.8 13913.8 0.958121
16740.7 14017.2 0.958121
16849.3 14121.2 0.958121
16958.7 14226 0.958121
17068.7 14331.4 0.958121
17179.4 14437.5 0.958121
17290.8 14544.2 0.958121
17403 14651.7 0.958121
17515.9 14759.9 0.958121
17629.6 14868.8 0.958121
17743.9 14978.3 0.958121
17859 15088.6 0.958121
17974.9 15199.6 0.958121
18091.5 15311.4 0.958121
18208.9 15423.8 0.958121
18327 15537 0.958121
18445.9 15650.9 0.958121
18565.5 15765.6 0.958121
18686 15881 0.958121
18807.2 15997.1 0.958121
18929.2 16114 0.958121
19052 16231.7 0.958121
19175.6 16350.1 0.958121
19300 16469.3 0.958121
19425.2 16589.2 0.958121
19551.2 16710 0.958121
19678.1 16831.5 0.958121
19805.7 16953.8 0.958121
19934.2 17076.9 0.958121
20063.5 17200.8 0.958121
20193.7 17325.5 0.958121
20324.7 17451 0.958121
20456.6 17577.4 0.958121
20589.3 17704.5 0.958121
20722.8 17832.5 0.958121
20857.3 17961.3 0.958121
20992.6 18090.9 0.958121
21128.8 18221.4 0.958121
21265.8 18352.8 0.958121
21403.8 18484.9 0.958121
21542.7 18618 0.958121
21682.4 18751.9 0.958121
21823.1 18886.7 0.958121
21964.6 19022.3 0.958121
22107.1 19158.8 0.958121
22250.6 19296.2 0.958121
22394.9 19434.5 0.958121
22540.2 19573.7 0.958121
22686.4 19713.8 0.958121
22833.6 19854.8 0.958121
22981.7 19996.8 0.958121
23130.8 20139.6 0.958121
23280.9 20283.4 0.958121
23431.9 20428.1 0.958121
23583.9 20573.7 0.958121
23736.9 20720.3 0.958121
23890.9 20867.9 0.958121
24045.9 21016.4 0.958121
24201.9 21165.8 0.958121
24358.9 21316.3 0.958121
24516.9 21467.7 0.958121
24676 21620.1 0.958121
24836 21773.4 0.958121
24997.2 21927.8 0.958121
25159.3 22083.2 0.958121
25322.5 22239.6 0.958121
25486.8 22397 0.958121
25652.2 22555.4 0.958121
25818.6 22714.8 0.958121
25986.1 22875.3 0.958121
26154.7 23036.8 0.958121
26324.3 23199.4 0.958121
26495.1 23363 0.958121
26667 23527.7 0.958121
26840 23693.5 0.958121
27014.1 23860.3 0.958121
27189.4 24028.2 0.958121
27365.7 24197.2 0.958121
27543.3 24367.3 0.958121
27722 24538.5 0.958121
27901.8 24710.8 0.958121
28082.8 24884.2 0.958121
28265 25058.8 0.958121
28448.4 25234.5 0.958121
28632.9 25411.3 0.958121
28818.7 25589.3 0.958121
29005.6 25768.4 0.958121
29193.8 25948.7 0.958121
29383.2 26130.1 0.958121
29573.8 26312.8 0.958121
29765.7 26496.6 0.958121
29958.8 26681.6 0.958121
30153.1 26867.8 0.958121
30348.7 27055.3 0.958121
30545.6 27243.9 0.958121
30743.8 27433.8 0.958121
30943.2 27624.8 0.958121
31143.9 27817.2 0.958121
31346 28010.8 0.958121
31549.3 28205.6 0.958121
31754 28401.7 0.958121
31960 28599.1 0.958121
32167.3 28797.7 0.958121
32376 28997.7 0.958121
32586.1 29198.9 0.958121
32797.5 29401.4 0.958121
33010.2 29605.3 0.958121
33224.4 29810.5 0.958121
33439.9 30017 0.958121
33656.9 30224.8 0.958121
33875.2 30434 0.958121
34095 30644.6 0.958121
34316.1 30856.5 0.958121
34538.8 31069.8 0.958121
34762.8 31284.5 0.958121
34988.3 31500.6 0.958121
35215.3 31718.1 0.958121
35443.8 31936.9 0.958121
35673.7 32157.2 0.958121
35905.1 32379 0.958121
36138.1 32602.2 0.958121
36372.5 32826.8 0.958121
36608.5 33052.9 0.958121
36846 33280.4 0.958121
37085 33509.4 0.958121
37325.6 33739.9 0.958121
37567.7 33971.9 0.958121
37811.4 34205.5 0.958121
38056.7 34440.5 0.958121
38303.6 34677 0.958121
38552.1 34915.1 0.958121
38802.2 35154.7 0.958121
39053.9 35395.9 0.958121
39307.3 35638.7 0.958121
39562.3 35883 0.958121
39819 36128.9 0.958121
40077.3 36376.4 0.958121
40337.3 36625.5 0.958121
40599 36876.2 0.958121
40862.3 37128.6 0.958121
41127.4 37382.6 0.958121
41394.2 37638.2 0.958121
41662.8 37895.5 0.958121
41933.1 38154.4 0.958121
42205.1 38415.1 0.958121
42478.9 38677.4 0.958121
42754.5 38941.5 0.958121
43031.8 39207.2 0.958121
43311 39474.7 0.958121
43592 39743.9 0.958121
43874.8 40014.8 0.958121
44159.4 40287.5 0.958121
44445.9 40562 0.958121
44734.2 40838.3 0.958121
45024.4 41116.3 0.958121
45316.5 41396.2 0.958121
45610.5 41677.9 0.958121
45906.4 41961.4 0.958121
46204.2 42246.7 0.958121
46503.9 42533.9 0.958121
46805.6 42823 0.958121
47109.3 43113.9 0.958121
47414.9 43406.7 0.958121
47722.5 43701.4 0.958121
48032.1 43998 0.958121
48343.7 44296.6 0.958121
48657.3 44597.1 0.958121
48972.9 44899.5 0.958121
49290.7 45203.9 0.958121
49610.4 45510.3 0.958121
49932.3 45818.7 0.958121
50256.2 46129 0.958121
50582.2 46441.4 0.958121
50910.4 46755.8 0.958121
51240.6 47072.2 0.958121
51573.1 47390.7 0.958121
51907.6 47711.3 0.958121
52244.4 48033.9 0.958121
52583.3 48358.7 0.958121
52924.4 48685.5 0.958121
53267.8 49014.5 0.958121
53613.3 49345.6 0.958121
53961.1 49678.8 0.958121
54311.2 50014.2 0.958121
54663.5 50351.8 0.958121
55018.2 50691.6 0.958121
55375.1 51033.5 0.958121
55734.3 51377.7 0.958121
56095.9 51724.2 0.958121
