5.78741e-09 5.95396e-15 4.29514e-06
5.8738e-08 3.33166e-13 8.58285e-06
5.86595e-07 1.45059e-11 3.56977e-05
4.6076e-06 3.38009e-10 8.97843e-05
5.86875e-06 4.61297e-10 0.000114002
2.3369e-05 3.31505e-09 0.000192532
7.39119e-05 1.62978e-08 0.000292274
0.000147358 4.17301e-08 0.000330144
0.000152693 4.34471e-08 0.000292479
0.000165528 4.67976e-08 0.000304172
0.000294481 1.01986e-07 0.000463041
0.000466785 1.89679e-07 0.00054542
0.000739961 3.52227e-07 0.00041641
0.000792747 3.70702e-07 0.000446592
0.000859333 4.13069e-07 0.00055442
0.000931697 4.48502e-07 0.00055104
0.00117285 6.10601e-07 0.000697128
0.00147667 8.31244e-07 0.000750516
0.0017323 1.02935e-06 0.000535855
0.00185963 1.08409e-06 0.000525282
0.00294795 2.00733e-06 0.000908255
0.00467391 3.71532e-06 0.00105104
0.00633042 5.56999e-06 0.00091467
0.0070765 6.16755e-06 0.00093479
0.00933155 8.92099e-06 0.00127133
0.0117504 1.21316e-05 0.00137956
0.0154948 1.7543e-05 0.00122736
0.0177925 2.00421e-05 0.00125466
0.0234638 2.89812e-05 0.00164107
0.0295474 3.94039e-05 0.00177172
0.0354913 5.03041e-05 0.00128079
0.0389653 5.38549e-05 0.00125817
0.0549487 8.51279e-05 0.00191362
0.0590129 9.27925e-05 0.00199187
0.0713035 0.000119369 0.00114686
0.0787306 0.000125461 0.00110854
0.10265 0.000178607 0.00176378
0.112568 0.000193736 0.00180901
0.132297 0.000240204 0.00240921
0.146764 0.000275794 0.00181491
0.15911 0.000293738 0.00177613
0.191354 0.000375514 0.00260957
0.227502 0.000472769 0.000973271
0.245257 0.000484229 0.000805937
0.256566 0.000495831 0.00103354
0.268397 0.000508152 0.00104919
0.280773 0.000521236 0.00106507
0.293719 0.00053513 0.0010812
0.307263 0.000549885 0.00109757
0.321432 0.000565555 0.00111419
0.336253 0.000582195 0.00113106
0.351758 0.000599866 0.00114818
0.367978 0.000618631 0.00116556
0.384946 0.000638559 0.00118321
0.402697 0.000659722 0.00120112
0.421266 0.000682195 0.00121931
0.440691 0.000706061 0.00123777
0.461012 0.000731406 0.00125651
0.48227 0.00075832 0.00127553
0.504508 0.000786902 0.00129484
0.527771 0.000817254 0.00131445
0.552107 0.000849487 0.00133435
0.577566 0.000883717 0.00135455
0.604198 0.000920067 0.00137506
0.632059 0.000958668 0.00139588
0.661204 0.000999662 0.00141701
0.691693 0.00104319 0.00143847
0.723588 0.00108942 0.00146024
0.756953 0.00113852 0.00148235
0.791857 0.00119065 0.00150479
0.828371 0.00124602 0.00152758
0.866568 0.00130481 0.00155071
0.906527 0.00136725 0.00157418
0.948328 0.00143355 0.00159802
0.992057 0.00150396 0.00162221
1.0378 0.00157874 0.00164677
1.08566 0.00165815 0.0016717
1.13572 0.00174247 0.00169701
1.18809 0.00183202 0.00172271
1.24287 0.00192712 0.00174879
1.30018 0.00202811 0.00177526
1.36014 0.00213535 0.00180214
1.42285 0.00224924 0.00182943
1.48846 0.00237018 0.00185712
1.5571 0.00249862 0.00188524
1.6289 0.00263501 0.00191378
1.70401 0.00277985 0.00194276
1.78258 0.00293367 0.00197217
1.86478 0.00309701 0.00200203
1.95077 0.00327047 0.00203234
2.04072 0.00345468 0.00206311
2.13482 0.0036503 0.00209435
2.23326 0.00385804 0.00212606
2.33624 0.00407865 0.00215824
2.44396 0.00431292 0.00219092
2.55666 0.00456171 0.00222409
2.67455 0.00482591 0.00225776
2.79788 0.00510648 0.00229195
2.92689 0.00540443 0.00232665
3.06185 0.00572083 0.00236187
3.20304 0.00605684 0.00239763
3.35074 0.00641366 0.00243393
3.50524 0.00679259 0.00247078
3.66688 0.00719499 0.00250819
3.83596 0.00762232 0.00254616
4.01284 0.00807613 0.00258471
4.19788 0.00855804 0.00262385
4.39145 0.00906982 0.00266357
4.59395 0.00961329 0.0027039
4.80578 0.0101904 0.00274483
5.02738 0.0108033 0.00278639
5.2592 0.0114542 0.00282858
5.50171 0.0121454 0.0028714
5.7554 0.0128794 0.00291488
6.02079 0.0136589 0.00295901
6.29841 0.0144866 0.00300381
6.58884 0.0153657 0.00304928
6.89266 0.0162992 0.00309545
7.21049 0.0172905 0.00314232
7.54298 0.0183433 0.00318989
7.8908 0.0194612 0.00323819
8.25465 0.0206484 0.00328721
8.63529 0.0219092 0.00333698
9.03347 0.0232481 0.0033875
9.45002 0.0246699 0.00343879
9.88577 0.0261798 0.00349085
10.3416 0.0277832 0.00354371
10.8185 0.029486 0.00359736
11.3173 0.0312942 0.00365182
11.8392 0.0332145 0.00370711
12.3851 0.0352537 0.00376324
12.9562 0.0374193 0.00382021
13.5536 0.039719 0.00387805
14.1786 0.0421611 0.00393677
14.8324 0.0447546 0.00399637
15.5164 0.0475087 0.00405687
16.2318 0.0504335 0.00411829
16.9803 0.0535394 0.00418065
17.7633 0.0568378 0.00424394
18.5824 0.0603405 0.0043082
19.4392 0.0640601 0.00437342
20.3356 0.0680102 0.00443964
21.2733 0.072205 0.00450685
22.2543 0.0766597 0.00457509
23.2804 0.0813904 0.00464435
24.3539 0.0864141 0.00471467
25.4769 0.091749 0.00478605
26.6517 0.0974144 0.00485851
27.8806 0.103431 0.00493207
29.1662 0.10982 0.00500674
30.5111 0.116605 0.00508254
31.9181 0.12381 0.00515949
33.3898 0.131462 0.00523761
34.9295 0.139587 0.00531691
36.5401 0.148216 0.0053974
38.225 0.15738 0.00547912
39.9877 0.167111 0.00556208
41.8315 0.177445 0.00564629
43.7605 0.188419 0.00573177
45.7783 0.200073 0.00581855
47.8892 0.212449 0.00590664
50.0974 0.225592 0.00599607
52.4075 0.239549 0.00608685
54.8241 0.254371 0.00617901
57.3521 0.27011 0.00627256
59.9967 0.286825 0.00636752
62.7632 0.304575 0.00646393
65.6573 0.323425 0.00656179
68.6849 0.343443 0.00666114
71.852 0.364701 0.00676199
75.1652 0.387275 0.00686552
75.1652 0.387275 0.00686451
75.6528 0.390768 0.00746099
76.1436 0.394577 0.00806085
76.6376 0.398708 0.00866411
77.1348 0.403166 0.00927078
77.6352 0.407958 0.00988087
78.1388 0.413089 0.0104944
78.6457 0.418565 0.0111114
79.1559 0.424392 0.0117318
79.6694 0.430577 0.0123558
80.1863 0.437125 0.0129832
80.7065 0.444043 0.0136141
81.23 0.451337 0.0142486
81.757 0.459014 0.0148866
82.2874 0.46708 0.0155281
82.8212 0.475541 0.0161733
83.3585 0.484405 0.016822
83.8993 0.493679 0.0174742
84.4436 0.503368 0.0181301
84.9914 0.513481 0.0187896
85.5428 0.524023 0.0194528
86.0977 0.535004 0.0201196
86.6563 0.546429 0.02079
87.2184 0.558306 0.0214641
87.7842 0.570642 0.022142
88.3537 0.583446 0.0228235
88.9269 0.596724 0.0235087
89.5038 0.610485 0.0241976
90.0845 0.624736 0.0248903
90.6689 0.639486 0.0255867
91.2571 0.654742 0.0262869
91.8491 0.670513 0.0269909
92.4449 0.686806 0.0276987
93.0447 0.703631 0.0284102
93.6483 0.720996 0.0291256
94.2558 0.738909 0.0298448
94.8673 0.757379 0.0305678
95.4827 0.776416 0.0312947
96.1021 0.796027 0.0320254
96.7256 0.816222 0.03276
97.3531 0.83701 0.0334985
97.9847 0.858401 0.0342409
98.6203 0.880404 0.0349872
99.2601 0.903028 0.0357374
99.904 0.926284 0.0364915
100.552 0.95018 0.0372495
101.204 0.974727 0.0380115
101.861 0.999935 0.0387775
102.522 1.02581 0.0395474
103.187 1.05237 0.0403213
103.856 1.07963 0.0410992
104.53 1.10758 0.0418811
105.208 1.13625 0.0426669
105.891 1.16564 0.0434568
106.578 1.19576 0.0442507
107.269 1.22663 0.0450487
107.965 1.25826 0.0458506
108.665 1.29066 0.0466567
109.37 1.32383 0.0474667
110.08 1.3578 0.0482809
110.794 1.39257 0.049099
111.513 1.42816 0.0499213
112.236 1.46457 0.0507477
112.964 1.50182 0.0515781
113.697 1.53993 0.0524126
114.435 1.5789 0.0532512
115.177 1.61874 0.054094
115.924 1.65948 0.0549408
116.676 1.70112 0.0557917
117.433 1.74367 0.0566468
118.195 1.78715 0.057506
118.962 1.83158 0.0583693
119.734 1.87696 0.0592367
120.51 1.92331 0.0601083
121.292 1.97064 0.060984
122.079 2.01898 0.0618638
122.871 2.06832 0.0627477
123.668 2.11869 0.0636359
124.47 2.1701 0.0645281
125.278 2.22257 0.0654245
126.091 2.27611 0.066325
126.909 2.33073 0.0672297
127.732 2.38646 0.0681385
128.561 2.4433 0.0690514
129.395 2.50127 0.0699685
130.234 2.56039 0.0708897
131.079 2.62067 0.071815
131.929 2.68214 0.0727445
132.785 2.7448 0.0736781
133.646 2.80867 0.0746158
134.513 2.87377 0.0755576
135.386 2.94012 0.0765035
136.264 3.00773 0.0774536
137.148 3.07662 0.0784077
138.038 3.1468 0.0793659
138.934 3.21831 0.0803282
139.835 3.29114 0.0812946
140.742 3.36533 0.082265
141.655 3.44089 0.0832395
142.574 3.51783 0.0842181
143.499 3.59618 0.0852006
144.43 3.67596 0.0861872
145.367 3.75717 0.0871778
146.31 3.83986 0.0881724
147.259 3.92402 0.089171
148.215 4.00969 0.0901736
149.176 4.09687 0.0911801
150.144 4.1856 0.0921905
151.118 4.27589 0.0932048
152.098 4.36777 0.0942231
153.085 4.46124 0.0952452
154.078 4.55634 0.0962712
155.078 4.65309 0.0973011
156.084 4.75149 0.0983347
157.096 4.85159 0.0993722
158.115 4.95339 0.100413
159.141 5.05693 0.101458
160.173 5.16222 0.102507
161.213 5.26928 0.10356
162.258 5.37814 0.104616
163.311 5.48882 0.105675
164.37 5.60134 0.106739
165.437 5.71573 0.107806
166.51 5.832 0.108876
167.59 5.95019 0.10995
168.678 6.07032 0.111028
169.772 6.1924 0.112109
170.873 6.31647 0.113193
171.982 6.44255 0.114281
173.097 6.57067 0.115372
174.22 6.70084 0.116466
175.351 6.83309 0.117564
176.488 6.96745 0.118665
177.633 7.10395 0.119769
178.785 7.24261 0.120876
179.945 7.38345 0.121987
181.113 7.5265 0.1231
182.288 7.67179 0.124216
183.47 7.81935 0.125336
184.66 7.96919 0.126458
185.858 8.12136 0.127583
187.064 8.27587 0.128711
188.278 8.43275 0.129841
189.499 8.59203 0.130974
190.728 8.75374 0.13211
191.966 8.91791 0.133249
193.211 9.08456 0.134389
194.464 9.25373 0.135533
195.726 9.42543 0.136678
196.996 9.59971 0.137826
198.274 9.77658 0.138976
199.56 9.95609 0.140129
200.855 10.1382 0.141283
202.158 10.3231 0.14244
203.469 10.5107 0.143598
204.789 10.701 0.144758
206.118 10.8941 0.14592
207.455 11.09 0.147084
208.801 11.2887 0.148249
210.155 11.4903 0.149415
211.519 11.6948 0.150584
212.891 11.9022 0.151753
214.272 12.1126 0.152924
215.662 12.326 0.154096
217.061 12.5424 0.155268
218.469 12.7619 0.156442
219.886 12.9844 0.157617
221.313 13.2101 0.158792
222.749 13.4389 0.159968
224.194 13.671 0.161145
225.648 13.9062 0.162322
227.112 14.1447 0.163499
228.585 14.3864 0.164676
230.068 14.6315 0.165854
231.561 14.8799 0.167031
233.063 15.1317 0.168208
234.575 15.3869 0.169385
236.097 15.6456 0.170561
237.628 15.9077 0.171737
239.17 16.1734 0.172912
240.722 16.4426 0.174086
242.283 16.7154 0.175259
243.855 16.9917 0.176431
245.437 17.2718 0.177602
247.029 17.5555 0.178771
248.632 17.8429 0.179939
250.245 18.1341 0.181105
251.868 18.4291 0.182268
253.502 18.7278 0.18343
255.147 19.0304 0.18459
256.802 19.3369 0.185747
258.468 19.6473 0.186901
260.145 19.9617 0.188053
261.832 20.28 0.189201
263.531 20.6024 0.190347
265.24 20.9288 0.191489
266.961 21.2593 0.192627
268.693 21.5938 0.193762
270.436 21.9326 0.194893
272.191 22.2755 0.19602
273.956 22.6226 0.197142
275.734 22.974 0.198259
277.522 23.3296 0.199372
279.323 23.6896 0.20048
281.135 24.0538 0.201583
282.959 24.4225 0.20268
284.794 24.7955 0.203771
286.642 25.173 0.204857
288.501 25.555 0.205936
290.373 25.9414 0.207009
292.257 26.3324 0.208075
294.153 26.7279 0.209134
296.061 27.128 0.210186
297.982 27.5327 0.21123
299.915 27.942 0.212267
301.86 28.356 0.213295
303.819 28.7747 0.214315
305.79 29.1981 0.215327
307.773 29.6262 0.21633
309.77 30.0592 0.217323
311.78 30.4969 0.218308
313.802 30.9394 0.219282
315.838 31.3868 0.220246
317.887 31.8391 0.2212
319.949 32.2962 0.222143
322.025 32.7582 0.223075
324.114 33.2252 0.223995
326.217 33.6972 0.224904
328.333 34.1741 0.225801
330.463 34.656 0.226685
332.607 35.1429 0.227556
334.764 35.6348 0.228414
336.936 36.1318 0.229259
339.122 36.6338 0.23009
341.322 37.1409 0.230906
343.536 37.6531 0.231708
345.765 38.1704 0.232495
348.008 38.6927 0.233266
350.266 39.2202 0.234022
352.538 39.7528 0.234761
354.825 40.2906 0.235484
357.127 40.8334 0.236189
359.444 41.3814 0.236877
361.776 41.9346 0.237547
364.123 42.4929 0.238199
366.485 43.0563 0.238831
368.862 43.6248 0.239445
371.255 44.1985 0.240038
373.664 44.7773 0.240612
376.088 45.3613 0.241165
378.528 45.9503 0.241696
380.983 46.5445 0.242206
383.455 47.1437 0.242694
385.942 47.748 0.243159
388.446 48.3574 0.243601
390.966 48.9718 0.244019
393.502 49.5912 0.244413
396.055 50.2156 0.244782
398.625 50.845 0.245126
401.211 51.4793 0.245445
403.813 52.1185 0.245737
406.433 52.7626 0.246002
409.07 53.4115 0.246239
411.724 54.0653 0.246449
414.395 54.7238 0.24663
417.083 55.387 0.246782
419.789 56.0549 0.246904
422.512 56.7274 0.246996
425.253 57.4045 0.247057
428.012 58.0861 0.247086
430.788 58.7722 0.247084
433.583 59.4627 0.247048
436.396 60.1575 0.246979
439.227 60.8565 0.246877
442.076 61.5598 0.246739
444.944 62.2672 0.246566
447.831 62.9786 0.246357
450.736 63.694 0.246112
453.66 64.4132 0.24583
456.603 65.1362 0.245509
459.565 65.8629 0.24515
462.547 66.5932 0.244752
465.547 67.327 0.244314
468.567 68.0641 0.243835
471.607 68.8045 0.243314
474.667 69.5481 0.242752
477.746 70.2947 0.242147
480.845 71.0442 0.241499
483.965 71.7964 0.240807
487.104 72.5513 0.240069
490.264 73.3087 0.239287
493.445 74.0684 0.238457
496.646 74.8304 0.237581
499.868 75.5943 0.236657
503.111 76.3602 0.235685
506.375 77.1278 0.234664
509.66 77.8969 0.233592
512.966 78.6674 0.23247
516.294 79.439 0.231296
519.643 80.2117 0.230071
523.014 80.9851 0.228792
526.407 81.7592 0.22746
529.822 82.5336 0.226073
533.26 83.3081 0.224631
536.719 84.0826 0.223133
540.201 84.8568 0.221579
543.705 85.6305 0.219967
547.233 86.4035 0.218297
550.783 87.1754 0.216568
554.356 87.946 0.214779
557.952 88.7151 0.21293
561.572 89.4824 0.21102
565.215 90.2475 0.209048
568.882 91.0103 0.207013
572.572 91.7704 0.204915
576.287 92.5276 0.202754
580.025 93.2814 0.200527
583.788 94.0317 0.198235
587.575 94.778 0.195876
591.387 95.52 0.193451
595.224 96.2574 0.190958
599.085 96.9898 0.188397
602.971 97.7169 0.185767
606.883 98.4383 0.183068
610.82 99.1536 0.180298
614.783 99.8624 0.177457
618.771 100.564 0.174545
622.785 101.259 0.171561
626.826 101.946 0.168504
630.892 102.625 0.165374
634.985 103.295 0.16217
639.104 103.956 0.158891
643.25 104.608 0.155538
647.423 105.25 0.152108
651.623 105.882 0.148603
655.851 106.502 0.145022
660.105 107.112 0.141363
664.388 107.709 0.137627
668.698 108.294 0.133814
673.036 108.866 0.129922
677.402 109.425 0.125951
681.797 109.969 0.121902
686.22 110.499 0.117773
690.671 111.014 0.113565
695.152 111.513 0.109277
699.662 111.996 0.104909
704.201 112.462 0.100461
708.769 112.911 0.0959325
713.367 113.341 0.0913235
717.995 113.753 0.0866338
722.653 114.146 0.0818635
727.341 114.518 0.0770126
732.06 114.87 0.0720809
736.809 115.2 0.0670687
741.589 115.509 0.061976
746.4 115.794 0.0568029
751.242 116.057 0.0515497
756.115 116.295 0.0462165
761.021 116.508 0.0408037
765.958 116.696 0.0353117
770.927 116.858 0.0297407
775.928 116.993 0.0240913
780.962 117.099 0.0183639
786.028 117.178 0.0125591
791.127 117.227 0.00667751
796.26 117.246 0.000719759
801.425 117.248 0
806.624 117.248 0
811.857 117.248 0
817.124 117.248 0
822.425 117.248 0
827.76 117.248 0
833.13 117.248 0
838.535 117.248 0
843.975 117.248 0
849.45 117.248 0
854.961 117.248 0
860.507 117.248 0
866.09 117.248 0
871.708 117.248 0
877.363 117.248 0
883.055 117.248 0
888.784 117.248 0
894.55 117.248 0
900.353 117.248 0
906.194 117.248 0
912.073 117.248 0
917.99 117.248 0
923.945 117.248 0
929.939 117.248 0
935.972 117.248 0
942.044 117.248 0
948.155 117.248 0
954.306 117.248 0
960.497 117.248 0
966.728 117.248 0
973 117.248 0
979.312 117.248 0
985.665 117.248 0
992.059 117.248 0
998.495 117.248 0
1004.97 117.248 0
1011.49 117.248 0
1018.05 117.248 0
1024.66 117.248 0
1031.31 117.248 0
1038 117.248 0
1044.73 117.248 0
1051.51 117.248 0
1058.33 117.248 0
1065.2 117.248 0
1072.11 117.248 0
1079.06 117.248 0
1086.06 117.248 0
1093.11 117.248 0
1100.2 117.248 0
1107.34 117.248 0
1114.52 117.248 0
1121.75 117.248 0
1129.03 117.248 0
1136.35 117.248 0
1143.72 117.248 0
1151.14 117.248 0
1158.61 117.248 0
1166.13 117.248 0
1173.69 117.248 0
1181.31 117.248 0
1188.97 117.248 0
1196.68 117.248 0
1204.45 117.248 0
1212.26 117.248 0
1220.12 117.248 0
1228.04 117.248 0
1236.01 117.248 0
1244.02 117.248 0
1252.09 117.248 0
1260.22 117.248 0
1268.39 117.248 0
1276.62 117.248 0
1284.9 117.248 0
1293.24 117.248 0
1301.63 117.248 0
1310.07 117.248 0
1318.57 117.248 0
1327.13 117.248 0
1335.74 117.248 0
1344.4 117.248 0
1353.12 117.248 0
1361.9 117.248 0
1370.74 117.248 0
1379.63 117.248 0
1388.58 117.248 0
1397.59 117.248 0
1406.65 117.248 0
1415.78 117.248 0
1424.96 117.248 0
1434.21 117.248 0
1443.51 117.248 0
1452.88 117.248 0
1462.3 117.248 0
1471.79 117.248 0
1481.34 117.248 0
1490.95 117.248 0
1500.62 117.248 0
1510.35 117.248 0
1520.15 117.248 0
1530.01 117.248 0
1539.94 117.248 0
1549.93 117.248 0
1559.98 117.248 0
1570.1 117.248 0
1580.29 117.248 0
1590.54 117.248 0
1600.86 117.248 0
1611.25 117.248 0
1621.7 117.248 0
1632.22 117.248 0
1642.81 117.248 0
1653.47 117.248 0
1664.19 117.248 0
1674.99 117.248 0
1685.85 117.248 0
1696.79 117.248 0
1707.8 117.248 0
1718.88 117.248 0
1730.03 117.248 0
1741.25 117.248 0
1752.55 117.248 0
1763.92 117.248 0
1775.36 117.248 0
1786.88 117.248 0
1798.47 117.248 0
1810.14 117.317 0.0118326
1821.88 117.589 0.0346337
1833.7 118.135 0.0576693
1845.6 118.959 0.080903
1857.57 120.068 0.104297
1869.62 121.466 0.127814
1881.75 123.16 0.151413
1893.96 125.152 0.175056
1906.24 127.449 0.198704
1918.61 130.052 0.222316
1931.06 132.965 0.245853
1943.58 136.192 0.269276
1956.19 139.734 0.292546
1968.88 143.593 0.315627
1981.66 147.77 0.338482
1994.51 152.267 0.361076
2007.45 157.083 0.383375
2020.47 162.219 0.405348
2033.58 167.674 0.426964
2046.77 173.447 0.448194
2060.05 179.536 0.469014
2073.42 185.94 0.489398
2086.87 192.657 0.509325
2100.41 199.684 0.528775
2114.03 207.019 0.547731
2127.75 214.657 0.566178
2141.55 222.596 0.584104
2155.44 230.832 0.601497
2169.43 239.36 0.618349
2183.5 248.177 0.634656
2197.66 257.279 0.650411
2211.92 266.66 0.665615
2226.27 276.317 0.680266
2240.71 286.243 0.694366
2255.25 296.435 0.707918
2269.88 306.888 0.720929
2284.61 317.596 0.733403
2299.43 328.554 0.74535
2314.34 339.758 0.756777
2329.36 351.202 0.767695
2344.47 362.882 0.778115
2359.68 374.792 0.788049
2374.99 386.928 0.797509
2390.39 399.285 0.806509
2405.9 411.858 0.815062
2421.51 424.643 0.823181
2437.22 437.635 0.830883
2453.03 450.829 0.83818
2468.94 464.223 0.845088
2484.96 477.811 0.851621
2501.08 491.589 0.857795
2517.31 505.555 0.863624
2533.64 519.703 0.869122
2550.07 534.031 0.874303
2566.62 548.535 0.879183
2583.27 563.213 0.883774
2600.03 578.06 0.888091
2616.89 593.073 0.892146
2633.87 608.251 0.895953
2650.96 623.591 0.899524
2668.15 639.089 0.90287
2685.46 654.745 0.906005
2702.89 670.554 0.908938
2720.42 686.516 0.911682
2738.07 702.628 0.914246
2755.83 718.889 0.91664
2773.71 735.297 0.918875
2791.7 751.85 0.920959
2809.81 768.547 0.922901
2828.04 785.386 0.92471
2846.39 802.367 0.926394
2864.85 819.488 0.92796
2883.44 836.748 0.929415
2902.15 854.146 0.930767
2920.97 871.681 0.932022
2939.92 889.354 0.933187
2958.99 907.162 0.934266
2978.19 925.106 0.935266
2997.51 943.185 0.936192
3016.96 961.398 0.937049
3036.53 979.746 0.937841
3056.23 998.228 0.938573
3076.05 1016.84 0.939249
3096.01 1035.59 0.939873
3116.1 1054.48 0.940449
3136.31 1073.49 0.94098
3156.66 1092.64 0.941468
3177.14 1111.93 0.941918
3197.75 1131.35 0.942332
3218.49 1150.9 0.942713
3239.37 1170.59 0.943063
3260.39 1190.41 0.943384
3281.54 1210.36 0.943679
3302.83 1230.46 0.943949
3324.25 1250.68 0.944197
3345.82 1271.05 0.944424
3367.52 1291.55 0.944632
3389.37 1312.19 0.944822
3411.36 1332.97 0.944996
3433.49 1353.88 0.945155
3455.76 1374.94 0.9453
3478.18 1396.13 0.945432
3500.75 1417.46 0.945552
3523.46 1438.94 0.945662
3546.31 1460.56 0.945762
3569.32 1482.32 0.945853
3592.48 1504.22 0.945936
3615.78 1526.26 0.946012
3639.24 1548.46 0.94608
3662.85 1570.79 0.946142
3686.61 1593.28 0.946198
3710.53 1615.91 0.946249
3734.6 1638.68 0.946295
3758.82 1661.61 0.946337
3783.21 1684.69 0.946375
3807.75 1707.92 0.946409
3832.45 1731.29 0.94644
3857.32 1754.83 0.946468
3882.34 1778.51 0.946493
3907.53 1802.35 0.946516
3932.88 1826.34 0.946536
3958.39 1850.49 0.946555
3984.07 1874.8 0.946571
4009.92 1899.27 0.946586
4035.93 1923.89 0.946599
4062.11 1948.67 0.946611
4088.47 1973.62 0.946622
4114.99 1998.73 0.946631
4141.68 2024 0.94664
4168.55 2049.43 0.946648
4195.6 2075.03 0.946655
4222.81 2100.8 0.946661
4250.21 2126.73 0.946666
4277.78 2152.84 0.946671
4305.53 2179.11 0.946676
4333.46 2205.55 0.946679
4361.58 2232.16 0.946683
4389.87 2258.95 0.946686
4418.35 2285.91 0.946689
4447.01 2313.05 0.946691
4475.86 2340.36 0.946693
4504.9 2367.85 0.946695
4534.12 2395.51 0.946697
4563.54 2423.36 0.946698
4593.14 2451.39 0.9467
4622.94 2479.6 0.946701
4652.93 2507.99 0.946702
4683.12 2536.56 0.946703
4713.5 2565.33 0.946704
4744.08 2594.27 0.946704
4774.85 2623.41 0.946705
4805.83 2652.74 0.946705
4837.01 2682.25 0.946706
4868.39 2711.96 0.946706
4899.97 2741.86 0.946707
4931.76 2771.95 0.946707
4963.75 2802.24 0.946707
4995.95 2832.73 0.946708
5028.36 2863.41 0.946708
5060.98 2894.29 0.946708
5093.82 2925.38 0.946708
5126.86 2956.66 0.946708
5160.12 2988.15 0.946708
5193.6 3019.84 0.946708
5227.29 3051.74 0.946709
5261.2 3083.84 0.946709
5295.33 3116.15 0.946709
5329.68 3148.67 0.946709
5364.26 3181.41 0.946709
5399.06 3214.35 0.946709
5434.09 3247.51 0.946709
5469.34 3280.89 0.946709
5504.82 3314.48 0.946709
5540.53 3348.28 0.946709
5576.48 3382.31 0.946709
5612.65 3416.56 0.946709
5649.06 3451.03 0.946709
5685.71 3485.73 0.946709
5722.6 3520.65 0.946709
5759.72 3555.79 0.946709
5797.09 3591.17 0.946709
5834.69 3626.77 0.946709
5872.55 3662.6 0.946709
5910.64 3698.67 0.946709
5948.99 3734.97 0.946709
5987.58 3771.51 0.946709
6026.42 3808.28 0.946709
6065.52 3845.3 0.946709
6104.87 3882.55 0.946709
6144.47 3920.04 0.946709
6184.33 3957.78 0.946709
6224.45 3995.76 0.946709
6264.83 4033.99 0.946709
6305.48 4072.46 0.946709
6346.38 4111.19 0.946709
6387.55 4150.17 0.946709
6428.99 4189.4 0.946709
6470.7 4228.88 0.946709
6512.68 4268.62 0.946709
6554.93 4308.62 0.946709
6597.45 4348.88 0.946709
6640.25 4389.4 0.946709
6683.33 4430.18 0.946709
6726.69 4471.23 0.946709
6770.32 4512.54 0.946709
6814.25 4554.12 0.946709
6858.45 4595.97 0.946709
6902.95 4638.09 0.946709
6947.73 4680.49 0.946709
6992.8 4723.16 0.946709
7038.16 4766.11 0.946709
7083.82 4809.33 0.946709
7129.78 4852.84 0.946709
7176.03 4896.63 0.946709
7222.59 4940.7 0.946709
7269.44 4985.06 0.946709
7316.6 5029.71 0.946709
7364.07 5074.64 0.946709
7411.84 5119.87 0.946709
7459.92 5165.39 0.946709
7508.32 5211.21 0.946709
7557.03 5257.32 0.946709
7606.05 5303.73 0.946709
7655.39 5350.44 0.946709
7705.06 5397.46 0.946709
7755.04 5444.78 0.946709
7805.35 5492.41 0.946709
7855.99 5540.35 0.946709
7906.95 5588.6 0.946709
7958.25 5637.16 0.946709
8009.88 5686.04 0.946709
8061.84 5735.23 0.946709
8114.14 5784.74 0.946709
8166.78 5834.58 0.946709
8219.76 5884.73 0.946709
8273.08 5935.22 0.946709
8326.76 5986.03 0.946709
8380.77 6037.17 0.946709
8435.14 6088.64 0.946709
8489.86 6140.44 0.946709
8544.94 6192.59 0.946709
8600.38 6245.07 0.946709
8656.17 6297.89 0.946709
8712.32 6351.05 0.946709
8768.84 6404.56 0.946709
8825.73 6458.41 0.946709
8882.99 6512.62 0.946709
8940.61 6567.17 0.946709
8998.61 6622.08 0.946709
9056.99 6677.35 0.946709
9115.75 6732.97 0.946709
9174.89 6788.96 0.946709
9234.41 6845.31 0.946709
9294.31 6902.02 0.946709
9354.61 6959.11 0.946709
9415.29 7016.56 0.946709
9476.38 7074.38 0.946709
9537.85 7132.58 0.946709
9599.73 7191.16 0.946709
9662 7250.12 0.946709
9724.68 7309.46 0.946709
9787.77 7369.19 0.946709
9851.27 7429.3 0.946709
9915.18 7489.8 0.946709
9979.5 7550.7 0.946709
10044.2 7611.99 0.946709
10109.4 7673.68 0.946709
10175 7735.76 0.946709
10241 7798.26 0.946709
10307.4 7861.15 0.946709
10374.3 7924.46 0.946709
10441.6 7988.17 0.946709
10509.3 8052.3 0.946709
10577.5 8116.84 0.946709
10646.1 8181.81 0.946709
10715.2 8247.19 0.946709
10784.7 8313 0.946709
10854.7 8379.24 0.946709
10925.1 8445.9 0.946709
10996 8513 0.946709
11067.3 8580.53 0.946709
11139.1 8648.51 0.946709
11211.4 8716.92 0.946709
11284.1 8785.77 0.946709
11357.3 8855.08 0.946709
11431 8924.83 0.946709
11505.1 8995.03 0.946709
11579.8 9065.69 0.946709
11654.9 9136.81 0.946709
11730.5 9208.39 0.946709
11806.6 9280.44 0.946709
11883.2 9352.95 0.946709
11960.3 9425.93 0.946709
12037.9 9499.39 0.946709
12116 9573.32 0.946709
12194.6 9647.73 0.946709
12273.7 9722.63 0.946709
12353.3 9798.01 0.946709
12433.5 9873.88 0.946709
12514.1 9950.24 0.946709
12595.3 10027.1 0.946709
12677 10104.5 0.946709
12759.2 10182.3 0.946709
12842 10260.7 0.946709
12925.3 10339.5 0.946709
13009.2 10418.9 0.946709
13093.6 10498.8 0.946709
13178.5 10579.2 0.946709
13264 10660.2 0.946709
13350.1 10741.6 0.946709
13436.7 10823.6 0.946709
13523.8 10906.2 0.946709
13611.6 10989.2 0.946709
13699.9 11072.8 0.946709
13788.8 11157 0.946709
13878.2 11241.6 0.946709
13968.2 11326.9 0.946709
14058.9 11412.7 0.946709
14150.1 11499 0.946709
14241.9 11585.9 0.946709
14334.2 11673.4 0.946709
14427.2 11761.4 0.946709
14520.8 11850 0.946709
14615 11939.2 0.946709
14709.8 12029 0.946709
14805.3 12119.3 0.946709
14901.3 12210.2 0.946709
14998 12301.8 0.946709
15095.3 12393.9 0.946709
15193.2 12486.6 0.946709
15291.8 12579.9 0.946709
15391 12673.8 0.946709
15490.8 12768.3 0.946709
15591.3 12863.5 0.946709
15692.5 12959.2 0.946709
15794.3 13055.6 0.946709
15896.7 13152.6 0.946709
15999.9 13250.2 0.946709
16103.7 13348.5 0.946709
16208.1 13447.4 0.946709
16313.3 13546.9 0.946709
16419.1 13647.1 0.946709
16525.6 13748 0.946709
16632.8 13849.5 0.946709
16740.7 13951.6 0.946709
16849.3 14054.4 0.946709
16958.7 14157.9 0.946709
17068.7 14262.1 0.946709
17179.4 14366.9 0.946709
17290.8 14472.4 0.946709
17403 14578.6 0.946709
17515.9 14685.5 0.946709
17629.6 14793.1 0.946709
17743.9 14901.3 0.946709
17859 15010.3 0.946709
17974.9 15120 0.946709
18091.5 15230.4 0.946709
18208.9 15341.5 0.946709
18327 15453.3 0.946709
18445.9 15565.9 0.946709
18565.5 15679.2 0.946709
18686 15793.2 0.946709
18807.2 15908 0.946709
18929.2 16023.5 0.946709
19052 16139.7 0.946709
19175.6 16256.7 0.946709
19300 16374.5 0.946709
19425.2 16493.1 0.946709
19551.2 16612.4 0.946709
19678.1 16732.4 0.946709
19805.7 16853.3 0.946709
19934.2 16974.9 0.946709
20063.5 17097.4 0.946709
20193.7 17220.6 0.946709
20324.7 17344.6 0.946709
20456.6 17469.4 0.946709
20589.3 17595.1 0.946709
20722.8 17721.5 0.946709
20857.3 17848.8 0.946709
20992.6 17976.9 0.946709
21128.8 18105.8 0.946709
21265.8 18235.6 0.946709
21403.8 18366.2 0.946709
21542.7 18497.6 0.946709
21682.4 18629.9 0.946709
21823.1 18763.1 0.946709
21964.6 18897.1 0.946709
22107.1 19032 0.946709
22250.6 19167.8 0.946709
22394.9 19304.5 0.946709
22540.2 19442 0.946709
22686.4 19580.4 0.946709
22833.6 19719.8 0.946709
22981.7 19860 0.946709
23130.8 20001.2 0.946709
23280.9 20143.2 0.946709
23431.9 20286.2 0.946709
23583.9 20430.1 0.946709
23736.9 20575 0.946709
23890.9 20720.7 0.946709
24045.9 20867.5 0.946709
24201.9 21015.2 0.946709
24358.9 21163.8 0.946709
24516.9 21313.4 0.946709
24676 21464 0.946709
24836 21615.5 0.946709
24997.2 21768.1 0.946709
25159.3 21921.6 0.946709
25322.5 22076.1 0.946709
25486.8 22231.6 0.946709
25652.2 22388.1 0.946709
25818.6 22545.7 0.946709
25986.1 22704.3 0.946709
26154.7 22863.9 0.946709
26324.3 23024.5 0.946709
26495.1 23186.2 0.946709
26667 23348.9 0.946709
26840 23512.7 0.946709
27014.1 23677.5 0.946709
27189.4 23843.4 0.946709
27365.7 24010.4 0.946709
27543.3 24178.5 0.946709
27722 24347.6 0.946709
27901.8 24517.9 0.946709
28082.8 24689.3 0.946709
28265 24861.7 0.946709
28448.4 25035.3 0.946709
28632.9 25210 0.946709
28818.7 25385.9 0.946709
29005.6 25562.9 0.946709
29193.8 25741 0.946709
29383.2 25920.3 0.946709
29573.8 26100.8 0.946709
29765.7 26282.4 0.946709
29958.8 26465.2 0.946709
30153.1 26649.2 0.946709
30348.7 26834.4 0.946709
30545.6 27020.8 0.946709
30743.8 27208.4 0.946709
30943.2 27397.2 0.946709
31143.9 27587.3 0.946709
31346 27778.5 0.946709
31549.3 27971.1 0.946709
31754 28164.8 0.946709
31960 28359.8 0.946709
32167.3 28556.1 0.946709
32376 28753.7 0.946709
32586.1 28952.5 0.946709
32797.5 29152.7 0.946709
33010.2 29354.1 0.946709
33224.4 29556.8 0.946709
33439.9 29760.9 0.946709
33656.9 29966.3 0.946709
33875.2 30173 0.946709
34095 30381 0.946709
34316.1 30590.4 0.946709
34538.8 30801.2 0.946709
34762.8 31013.3 0.946709
34988.3 31226.8 0.946709
35215.3 31441.7 0.946709
35443.8 31658 0.946709
35673.7 31875.7 0.946709
35905.1 32094.7 0.946709
36138.1 32315.3 0.946709
36372.5 32537.2 0.946709
36608.5 32760.6 0.946709
36846 32985.4 0.946709
37085 33211.7 0.946709
37325.6 33439.5 0.946709
37567.7 33668.7 0.946709
37811.4 33899.5 0.946709
38056.7 34131.7 0.946709
38303.6 34365.4 0.946709
38552.1 34600.7 0.946709
38802.2 34837.4 0.946709
39053.9 35075.7 0.946709
39307.3 35315.6 0.946709
39562.3 35557 0.946709
39819 35800 0.946709
40077.3 36044.5 0.946709
40337.3 36290.7 0.946709
40599 36538.4 0.946709
40862.3 36787.8 0.946709
41127.4 37038.7 0.946709
41394.2 37291.3 0.946709
41662.8 37545.5 0.946709
41933.1 37801.4 0.946709
42205.1 38059 0.946709
42478.9 38318.2 0.946709
42754.5 38579.1 0.946709
43031.8 38841.6 0.946709
43311 39105.9 0.946709
43592 39371.9 0.946709
43874.8 39639.6 0.946709
44159.4 39909.1 0.946709
44445.9 40180.3 0.946709
44734.2 40453.3 0.946709
45024.4 40728 0.946709
45316.5 41004.6 0.946709
45610.5 41282.9 0.946709
45906.4 41563 0.946709
46204.2 41844.9 0.946709
46503.9 42128.7 0.946709
46805.6 42414.3 0.946709
47109.3 42701.8 0.946709
47414.9 42991.1 0.946709
47722.5 43282.3 0.946709
48032.1 43575.4 0.946709
48343.7 43870.4 0.946709
48657.3 44167.3 0.946709
48972.9 44466.1 0.946709
49290.7 44766.9 0.946709
49610.4 45069.6 0.946709
49932.3 45374.3 0.946709
50256.2 45681 0.946709
50582.2 45989.7 0.946709
50910.4 46300.3 0.946709
51240.6 46613 0.946709
51573.1 46927.7 0.946709
51907.6 47244.4 0.946709
52244.4 47563.2 0.946709
52583.3 47884.1 0.946709
52924.4 48207 0.946709
53267.8 48532.1 0.946709
53613.3 48859.2 0.946709
53961.1 49188.5 0.946709
54311.2 49519.9 0.946709
54663.5 49853.5 0.946709
55018.2 50189.2 0.946709
55375.1 50527.1 0.946709
55734.3 50867.2 0.946709
56095.9 51209.5 0.946709
