5.78741e-09 5.95396e-15 4.29514e-06
5.8738e-08 3.33166e-13 8.58285e-06
5.86595e-07 1.45059e-11 3.56977e-05
4.6076e-06 3.38009e-10 8.97843e-05
5.86875e-06 4.61297e-10 0.000114002
2.3369e-05 3.31505e-09 0.000192532
7.39119e-05 1.62978e-08 0.000292274
0.000147358 4.17301e-08 0.000330144
0.000152693 4.34471e-08 0.000292479
0.000165528 4.67976e-08 0.000304172
0.000294481 1.01986e-07 0.000463041
0.000466785 1.89679e-07 0.00054542
0.000739961 3.52227e-07 0.00041641
0.000792747 3.70702e-07 0.000446592
0.000859333 4.13069e-07 0.00055442
0.000931697 4.48502e-07 0.00055104
0.00117285 6.10601e-07 0.000697128
0.00147667 8.31244e-07 0.000750516
0.0017323 1.02935e-06 0.000535855
0.00185963 1.08409e-06 0.000525282
0.00294795 2.00733e-06 0.000908255
0.00467391 3.71532e-06 0.00105104
0.00633042 5.56999e-06 0.00091467
0.0070765 6.16755e-06 0.00093479
0.00933155 8.92099e-06 0.00127133
0.0117504 1.21316e-05 0.00137956
0.0154948 1.7543e-05 0.00122736
0.0177925 2.00421e-05 0.00125466
0.0234638 2.89812e-05 0.00164107
0.0295474 3.94039e-05 0.00177172
0.0354913 5.03041e-05 0.00128079
0.0389653 5.38549e-05 0.00125817
0.0549487 8.51279e-05 0.00191362
0.0590129 9.27925e-05 0.00199187
0.0713035 0.000119369 0.00114686
0.0787306 0.000125461 0.00110854
0.10265 0.000178607 0.00176378
0.112568 0.000193736 0.00180901
0.132297 0.000240204 0.00240921
0.146764 0.000275794 0.00181491
0.15911 0.000293738 0.00177613
0.191354 0.000375514 0.00260957
0.227502 0.000472769 0.000973271
0.245257 0.000484229 0.000805937
0.256566 0.000495831 0.00103354
0.268397 0.000508152 0.00104919
0.280773 0.000521236 0.00106507
0.293719 0.00053513 0.0010812
0.307263 0.000549885 0.00109757
0.321432 0.000565555 0.00111419
0.336253 0.000582195 0.00113106
0.351758 0.000599866 0.00114818
0.367978 0.000618631 0.00116556
0.384946 0.000638559 0.00118321
0.402697 0.000659722 0.00120112
0.421266 0.000682195 0.00121931
0.440691 0.000706061 0.00123777
0.461012 0.000731406 0.00125651
0.48227 0.00075832 0.00127553
0.504508 0.000786902 0.00129484
0.527771 0.000817254 0.00131445
0.552107 0.000849487 0.00133435
0.577566 0.000883717 0.00135455
0.604198 0.000920067 0.00137506
0.632059 0.000958668 0.00139588
0.661204 0.000999662 0.00141701
0.691693 0.00104319 0.00143847
0.723588 0.00108942 0.00146024
0.756953 0.00113852 0.00148235
0.791857 0.00119065 0.00150479
0.828371 0.00124602 0.00152758
0.866568 0.00130481 0.00155071
0.906527 0.00136725 0.00157418
0.948328 0.00143355 0.00159802
0.992057 0.00150396 0.00162221
1.0378 0.00157874 0.00164677
1.08566 0.00165815 0.0016717
1.13572 0.00174247 0.00169701
1.18809 0.00183202 0.00172271
1.24287 0.00192712 0.00174879
1.30018 0.00202811 0.00177526
1.36014 0.00213535 0.00180214
1.42285 0.00224924 0.00182943
1.48846 0.00237018 0.00185712
1.5571 0.00249862 0.00188524
1.6289 0.00263501 0.00191378
1.70401 0.00277985 0.00194276
1.78258 0.00293367 0.00197217
1.86478 0.00309701 0.00200203
1.95077 0.00327047 0.00203234
2.04072 0.00345468 0.00206311
2.13482 0.0036503 0.00209435
2.23326 0.00385804 0.00212606
2.33624 0.00407865 0.00215824
2.44396 0.00431292 0.00219092
2.55666 0.00456171 0.00222409
2.67455 0.00482591 0.00225776
2.79788 0.00510648 0.00229195
2.92689 0.00540443 0.00232665
3.06185 0.00572083 0.00236187
3.20304 0.00605684 0.00239763
3.35074 0.00641366 0.00243393
3.50524 0.00679259 0.00247078
3.66688 0.00719499 0.00250819
3.83596 0.00762232 0.00254616
4.01284 0.00807613 0.00258471
4.19788 0.00855804 0.00262385
4.39145 0.00906982 0.00266357
4.59395 0.00961329 0.0027039
4.80578 0.0101904 0.00274483
5.02738 0.0108033 0.00278639
5.2592 0.0114542 0.00282858
5.50171 0.0121454 0.0028714
5.7554 0.0128794 0.00291488
6.02079 0.0136589 0.00295901
6.29841 0.0144866 0.00300381
6.58884 0.0153657 0.00304928
6.89266 0.0162992 0.00309545
7.21049 0.0172905 0.00314232
7.54298 0.0183433 0.00318989
7.8908 0.0194612 0.00323819
8.25465 0.0206484 0.00328721
8.63529 0.0219092 0.00333698
9.03347 0.0232481 0.0033875
9.45002 0.0246699 0.00343879
9.88577 0.0261798 0.00349085
10.3416 0.0277832 0.00354371
10.8185 0.029486 0.00359736
11.3173 0.0312942 0.00365182
11.8392 0.0332145 0.00370711
12.3851 0.0352537 0.00376324
12.9562 0.0374193 0.00382021
13.5536 0.039719 0.00387805
14.1786 0.0421611 0.00393677
14.8324 0.0447546 0.00399637
15.5164 0.0475087 0.00405687
16.2318 0.0504335 0.00411829
16.9803 0.0535394 0.00418065
17.7633 0.0568378 0.00424394
18.5824 0.0603405 0.0043082
19.4392 0.0640601 0.00437342
20.3356 0.0680102 0.00443964
21.2733 0.072205 0.00450685
22.2543 0.0766597 0.00457509
23.2804 0.0813904 0.00464435
24.3539 0.0864141 0.00471467
25.4769 0.091749 0.00478605
26.6517 0.0974144 0.00485851
27.8806 0.103431 0.00493207
29.1662 0.10982 0.00500674
30.5111 0.116605 0.00508254
31.9181 0.12381 0.00515949
33.3898 0.131462 0.00523761
34.9295 0.139587 0.00531691
36.5401 0.148216 0.0053974
38.225 0.15738 0.00547912
39.9877 0.167111 0.00556208
41.8315 0.177445 0.00564629
43.7605 0.188419 0.00573177
45.7783 0.200073 0.00581855
47.8892 0.212449 0.00590664
50.0974 0.225592 0.00599607
52.4075 0.239549 0.00608685
54.8241 0.254371 0.00617901
57.3521 0.27011 0.00627256
59.9967 0.286825 0.00636752
62.7632 0.304575 0.00646393
65.6573 0.323425 0.00656179
68.6849 0.343443 0.00666114
71.852 0.364701 0.00676199
75.1652 0.387275 0.00686552
75.1652 0.387275 0.00686451
75.6528 0.390768 0.00745916
76.1436 0.394575 0.00805717
76.6376 0.398704 0.00865856
77.1348 0.403159 0.00926334
77.6352 0.407947 0.00987153
78.1388 0.413072 0.0104831
78.6457 0.418542 0.0110982
79.1559 0.424362 0.0117167
79.6694 0.430539 0.0123386
80.1863 0.437077 0.0129641
80.7065 0.443985 0.013593
81.23 0.451267 0.0142254
81.757 0.458931 0.0148614
82.2874 0.466983 0.0155009
82.8212 0.47543 0.0161439
83.3585 0.484277 0.0167905
83.8993 0.493533 0.0174406
84.4436 0.503204 0.0180944
84.9914 0.513296 0.0187517
85.5428 0.523817 0.0194127
86.0977 0.534775 0.0200773
86.6563 0.546175 0.0207455
87.2184 0.558027 0.0214174
87.7842 0.570336 0.022093
88.3537 0.583111 0.0227722
88.9269 0.59636 0.0234551
89.5038 0.610089 0.0241417
90.0845 0.624307 0.0248321
90.6689 0.639022 0.0255261
91.2571 0.654242 0.026224
91.8491 0.669974 0.0269255
92.4449 0.686228 0.0276309
93.0447 0.703012 0.02834
93.6483 0.720333 0.0290529
94.2558 0.738202 0.0297696
94.8673 0.756625 0.0304901
95.4827 0.775613 0.0312145
96.1021 0.795173 0.0319426
96.7256 0.815316 0.0326747
97.3531 0.83605 0.0334106
97.9847 0.857385 0.0341503
98.6203 0.879329 0.034894
99.2601 0.901893 0.0356415
99.904 0.925086 0.036393
100.552 0.948917 0.0371483
101.204 0.973397 0.0379076
101.861 0.998536 0.0386708
102.522 1.02434 0.039438
103.187 1.05083 0.0402091
103.856 1.07801 0.0409841
104.53 1.10588 0.0417632
105.208 1.13447 0.0425462
105.891 1.16377 0.0433332
106.578 1.19381 0.0441242
107.269 1.2246 0.0449192
107.965 1.25613 0.0457182
108.665 1.28844 0.0465213
109.37 1.32152 0.0473283
110.08 1.35538 0.0481395
110.794 1.39005 0.0489546
111.513 1.42553 0.0497738
112.236 1.46184 0.0505971
112.964 1.49898 0.0514244
113.697 1.53697 0.0522558
114.435 1.57582 0.0530912
115.177 1.61555 0.0539308
115.924 1.65616 0.0547744
116.676 1.69767 0.0556221
117.433 1.7401 0.056474
118.195 1.78345 0.0573299
118.962 1.82773 0.0581899
119.734 1.87298 0.059054
120.51 1.91918 0.0599222
121.292 1.96637 0.0607945
122.079 2.01455 0.061671
122.871 2.06374 0.0625516
123.668 2.11396 0.0634362
124.47 2.16521 0.064325
125.278 2.21751 0.0652179
126.091 2.27088 0.066115
126.909 2.32533 0.0670161
127.732 2.38087 0.0679214
128.561 2.43753 0.0688307
129.395 2.49532 0.0697442
130.234 2.55425 0.0706618
131.079 2.61434 0.0715835
131.929 2.67561 0.0725093
132.785 2.73806 0.0734393
133.646 2.80173 0.0743733
134.513 2.86662 0.0753114
135.386 2.93275 0.0762536
136.264 3.00014 0.0771999
137.148 3.0688 0.0781502
138.038 3.13876 0.0791046
138.934 3.21002 0.0800631
139.835 3.28262 0.0810257
140.742 3.35656 0.0819922
141.655 3.43187 0.0829629
142.574 3.50856 0.0839375
143.499 3.58664 0.0849162
144.43 3.66615 0.0858988
145.367 3.7471 0.0868855
146.31 3.8295 0.0878761
147.259 3.91338 0.0888707
148.215 3.99876 0.0898692
149.176 4.08565 0.0908717
150.144 4.17408 0.0918781
151.118 4.26407 0.0928884
152.098 4.35563 0.0939026
153.085 4.44879 0.0949206
154.078 4.54356 0.0959425
155.078 4.63997 0.0969683
156.084 4.73805 0.0979978
157.096 4.8378 0.0990311
158.115 4.93925 0.100068
159.141 5.04243 0.101109
160.173 5.14736 0.102154
161.213 5.25405 0.103202
162.258 5.36253 0.104254
163.311 5.47283 0.105309
164.37 5.58496 0.106368
165.437 5.69895 0.107431
166.51 5.81482 0.108497
167.59 5.9326 0.109567
168.678 6.05231 0.11064
169.772 6.17397 0.111717
170.873 6.2976 0.112797
171.982 6.42324 0.113881
173.097 6.55091 0.114968
174.22 6.68062 0.116058
175.351 6.81241 0.117151
176.488 6.9463 0.118248
177.633 7.08232 0.119348
178.785 7.22049 0.120451
179.945 7.36083 0.121557
181.113 7.50338 0.122666
182.288 7.64816 0.123778
183.47 7.79519 0.124893
184.66 7.94451 0.126011
185.858 8.09614 0.127132
187.064 8.2501 0.128256
188.278 8.40643 0.129382
189.499 8.56515 0.130511
190.728 8.72629 0.131643
191.966 8.88987 0.132777
193.211 9.05594 0.133914
194.464 9.2245 0.135053
195.726 9.3956 0.136194
196.996 9.56926 0.137338
198.274 9.7455 0.138484
199.56 9.92437 0.139633
200.855 10.1059 0.140783
202.158 10.2901 0.141935
203.469 10.477 0.14309
204.789 10.6666 0.144246
206.118 10.859 0.145404
207.455 11.0542 0.146564
208.801 11.2523 0.147725
210.155 11.4532 0.148888
211.519 11.6569 0.150052
212.891 11.8636 0.151218
214.272 12.0733 0.152385
215.662 12.2859 0.153554
217.061 12.5016 0.154723
218.469 12.7203 0.155893
219.886 12.942 0.157064
221.313 13.1669 0.158236
222.749 13.395 0.159409
224.194 13.6262 0.160582
225.648 13.8606 0.161756
227.112 14.0982 0.16293
228.585 14.3391 0.164104
230.068 14.5834 0.165279
231.561 14.8309 0.166453
233.063 15.0818 0.167628
234.575 15.3362 0.168802
236.097 15.594 0.169975
237.628 15.8552 0.171149
239.17 16.1199 0.172321
240.722 16.3882 0.173493
242.283 16.6601 0.174664
243.855 16.9355 0.175834
245.437 17.2146 0.177002
247.029 17.4974 0.178169
248.632 17.7838 0.179335
250.245 18.074 0.180499
251.868 18.368 0.181661
253.502 18.6658 0.182821
255.147 18.9674 0.18398
256.802 19.2729 0.185135
258.468 19.5823 0.186289
260.145 19.8956 0.187439
261.832 20.2129 0.188587
263.531 20.5342 0.189732
265.24 20.8595 0.190873
266.961 21.189 0.192011
268.693 21.5225 0.193146
270.436 21.8601 0.194277
272.191 22.202 0.195403
273.956 22.548 0.196526
275.734 22.8983 0.197644
277.522 23.2528 0.198757
279.323 23.6116 0.199866
281.135 23.9748 0.20097
282.959 24.3423 0.202068
284.794 24.7143 0.203161
286.642 25.0906 0.204248
288.501 25.4714 0.205329
290.373 25.8567 0.206404
292.257 26.2466 0.207472
294.153 26.6409 0.208534
296.061 27.0399 0.209588
297.982 27.4434 0.210636
299.915 27.8516 0.211676
301.86 28.2645 0.212708
303.819 28.682 0.213732
305.79 29.1043 0.214747
307.773 29.5313 0.215755
309.77 29.9631 0.216753
311.78 30.3996 0.217742
313.802 30.841 0.218721
315.838 31.2873 0.219691
317.887 31.7384 0.22065
319.949 32.1944 0.2216
322.025 32.6554 0.222538
324.114 33.1212 0.223465
326.217 33.5921 0.224381
328.333 34.0679 0.225285
330.463 34.5487 0.226177
332.607 35.0345 0.227057
334.764 35.5254 0.227924
336.936 36.0213 0.228777
339.122 36.5223 0.229618
341.322 37.0283 0.230444
343.536 37.5395 0.231256
345.765 38.0558 0.232053
348.008 38.5772 0.232836
350.266 39.1037 0.233602
352.538 39.6354 0.234354
354.825 40.1722 0.235088
357.127 40.7142 0.235807
359.444 41.2613 0.236508
361.776 41.8136 0.237191
364.123 42.371 0.237857
366.485 42.9337 0.238505
368.862 43.5015 0.239133
371.255 44.0744 0.239743
373.664 44.6526 0.240332
376.088 45.2358 0.240902
378.528 45.8243 0.24145
380.983 46.4178 0.241978
383.455 47.0165 0.242484
385.942 47.6203 0.242968
388.446 48.2292 0.24343
390.966 48.8432 0.243868
393.502 49.4623 0.244283
396.055 50.0864 0.244674
398.625 50.7155 0.24504
401.211 51.3496 0.24538
403.813 51.9887 0.245696
406.433 52.6327 0.245985
409.07 53.2817 0.246247
411.724 53.9354 0.246482
414.395 54.5941 0.246689
417.083 55.2575 0.246867
419.789 55.9257 0.247017
422.512 56.5985 0.247136
425.253 57.276 0.247226
428.012 57.9582 0.247285
430.788 58.6448 0.247312
433.583 59.336 0.247308
436.396 60.0316 0.24727
439.227 60.7315 0.2472
442.076 61.4357 0.247096
444.944 62.1442 0.246957
447.831 62.8568 0.246783
450.736 63.5734 0.246573
453.66 64.2941 0.246327
456.603 65.0186 0.246044
459.565 65.7469 0.245723
462.547 66.479 0.245363
465.547 67.2147 0.244965
468.567 67.9538 0.244527
471.607 68.6964 0.244048
474.667 69.4423 0.243528
477.746 70.1913 0.242966
480.845 70.9434 0.242362
483.965 71.6984 0.241714
487.104 72.4562 0.241023
490.264 73.2167 0.240287
493.445 73.9797 0.239506
496.646 74.7451 0.238678
499.868 75.5127 0.237804
503.111 76.2823 0.236882
506.375 77.0539 0.235911
509.66 77.8272 0.234892
512.966 78.6021 0.233823
516.294 79.3783 0.232704
519.643 80.1558 0.231533
523.014 80.9342 0.23031
526.407 81.7135 0.229035
529.822 82.4934 0.227706
533.26 83.2737 0.226323
536.719 84.0541 0.224885
540.201 84.8346 0.223391
543.705 85.6147 0.221841
547.233 86.3943 0.220233
550.783 87.1732 0.218567
554.356 87.9511 0.216843
557.952 88.7278 0.215059
561.572 89.5029 0.213215
565.215 90.2761 0.21131
568.882 91.0474 0.209344
572.572 91.8162 0.207314
576.287 92.5824 0.205222
580.025 93.3456 0.203066
583.788 94.1055 0.200845
587.575 94.8618 0.198559
591.387 95.6142 0.196206
595.224 96.3623 0.193787
599.085 97.1058 0.1913
602.971 97.8443 0.188745
606.883 98.5775 0.186122
610.82 99.305 0.183428
614.783 100.026 0.180665
618.771 100.741 0.177831
622.785 101.449 0.174925
626.826 102.15 0.171947
630.892 102.843 0.168896
634.985 103.528 0.165772
639.104 104.204 0.162573
643.25 104.871 0.159301
647.423 105.529 0.155953
651.623 106.177 0.152529
655.851 106.814 0.149029
660.105 107.441 0.145453
664.388 108.056 0.141799
668.698 108.659 0.138068
673.036 109.25 0.134258
677.402 109.827 0.13037
681.797 110.392 0.126403
686.22 110.942 0.122357
690.671 111.477 0.118231
695.152 111.998 0.114025
699.662 112.502 0.109738
704.201 112.99 0.105371
708.769 113.462 0.100923
713.367 113.915 0.0963943
717.995 114.351 0.0917841
722.653 114.767 0.0870924
727.341 115.164 0.0823193
732.06 115.541 0.0774645
736.809 115.898 0.0725281
741.589 116.232 0.0675101
746.4 116.545 0.0624105
751.242 116.834 0.0572293
756.115 117.1 0.0519667
761.021 117.342 0.0466229
765.958 117.559 0.041198
770.927 117.75 0.0356924
775.928 117.915 0.0301063
780.962 118.052 0.02444
786.028 118.161 0.018694
791.127 118.242 0.0128688
796.26 118.293 0.00696477
801.425 118.313 0.00098255
806.624 118.316 0
811.857 118.316 0
817.124 118.316 0
822.425 118.316 0
827.76 118.316 0
833.13 118.316 0
838.535 118.316 0
843.975 118.316 0
849.45 118.316 0
854.961 118.316 0
860.507 118.316 0
866.09 118.316 0
871.708 118.316 0
877.363 118.316 0
883.055 118.316 0
888.784 118.316 0
894.55 118.316 0
900.353 118.316 0
906.194 118.316 0
912.073 118.316 0
917.99 118.316 0
923.945 118.316 0
929.939 118.316 0
935.972 118.316 0
942.044 118.316 0
948.155 118.316 0
954.306 118.316 0
960.497 118.316 0
966.728 118.316 0
973 118.316 0
979.312 118.316 0
985.665 118.316 0
992.059 118.316 0
998.495 118.316 0
1004.97 118.316 0
1011.49 118.316 0
1018.05 118.316 0
1024.66 118.316 0
1031.31 118.316 0
1038 118.316 0
1044.73 118.316 0
1051.51 118.316 0
1058.33 118.316 0
1065.2 118.316 0
1072.11 118.316 0
1079.06 118.316 0
1086.06 118.316 0
1093.11 118.316 0
1100.2 118.316 0
1107.34 118.316 0
1114.52 118.316 0
1121.75 118.316 0
1129.03 118.316 0
1136.35 118.316 0
1143.72 118.316 0
1151.14 118.316 0
1158.61 118.316 0
1166.13 118.316 0
1173.69 118.316 0
1181.31 118.316 0
1188.97 118.316 0
1196.68 118.316 0
1204.45 118.316 0
1212.26 118.316 0
1220.12 118.316 0
1228.04 118.316 0
1236.01 118.316 0
1244.02 118.316 0
1252.09 118.316 0
1260.22 118.316 0
1268.39 118.316 0
1276.62 118.316 0
1284.9 118.316 0
1293.24 118.316 0
1301.63 118.316 0
1310.07 118.316 0
1318.57 118.316 0
1327.13 118.316 0
1335.74 118.316 0
1344.4 118.316 0
1353.12 118.316 0
1361.9 118.316 0
1370.74 118.316 0
1379.63 118.316 0
1388.58 118.316 0
1397.59 118.316 0
1406.65 118.316 0
1415.78 118.316 0
1424.96 118.316 0
1434.21 118.316 0
1443.51 118.316 0
1452.88 118.316 0
1462.3 118.316 0
1471.79 118.316 0
1481.34 118.316 0
1490.95 118.316 0
1500.62 118.316 0
1510.35 118.316 0
1520.15 118.316 0
1530.01 118.316 0
1539.94 118.316 0
1549.93 118.316 0
1559.98 118.316 0
1570.1 118.316 0
1580.29 118.316 0
1590.54 118.316 0
1600.86 118.316 0
1611.25 118.316 0
1621.7 118.316 0
1632.22 118.316 0
1642.81 118.316 0
1653.47 118.316 0
1664.19 118.316 0
1674.99 118.316 0
1685.85 118.316 0
1696.79 118.316 0
1707.8 118.316 0
1718.88 118.316 0
1730.03 118.316 0
1741.25 118.316 0
1752.55 118.316 0
1763.92 118.316 0
1775.36 118.316 0
1786.88 118.316 0
1798.47 118.316 0
1810.14 118.316 0
1821.88 118.316 0
1833.7 118.316 0
1845.6 118.316 0
1857.57 118.316 0
1869.62 118.316 0
1881.75 118.316 0
1893.96 118.316 0
1906.24 118.316 0
1918.61 118.363 0.00771178
1931.06 118.6 0.0303678
1943.58 119.124 0.0532213
1956.19 119.94 0.0762396
1968.88 121.054 0.0993894
1981.66 122.472 0.122636
1994.51 124.199 0.145946
2007.45 126.238 0.169284
2020.47 128.595 0.192615
2033.58 131.272 0.215904
2046.77 134.274 0.239116
2060.05 137.602 0.262217
2073.42 141.26 0.285173
2086.87 145.249 0.307951
2100.41 149.571 0.330518
2114.03 154.226 0.352843
2127.75 159.217 0.374897
2141.55 164.542 0.396651
2155.44 170.201 0.418077
2169.43 176.194 0.43915
2183.5 182.521 0.459845
2197.66 189.178 0.480141
2211.92 196.165 0.500018
2226.27 203.48 0.519456
2240.71 211.119 0.538439
2255.25 219.081 0.556952
2269.88 227.361 0.574983
2284.61 235.957 0.592521
2299.43 244.865 0.609557
2314.34 254.081 0.626083
2329.36 263.601 0.642095
2344.47 273.421 0.657589
2359.68 283.537 0.672563
2374.99 293.943 0.687017
2390.39 304.636 0.700953
2405.9 315.61 0.714373
2421.51 326.86 0.727282
2437.22 338.383 0.739685
2453.03 350.172 0.751589
2468.94 362.223 0.763001
2484.96 374.532 0.77393
2501.08 387.092 0.784385
2517.31 399.9 0.794378
2533.64 412.951 0.803918
2550.07 426.239 0.813017
2566.62 439.761 0.821687
2583.27 453.511 0.829941
2600.03 467.486 0.837792
2616.89 481.68 0.845251
2633.87 496.09 0.852333
2650.96 510.711 0.859051
2668.15 525.539 0.865417
2685.46 540.571 0.871446
2702.89 555.803 0.87715
2720.42 571.231 0.882543
2738.07 586.851 0.887637
2755.83 602.661 0.892445
2773.71 618.656 0.89698
2791.7 634.835 0.901255
2809.81 651.194 0.90528
2828.04 667.73 0.909068
2846.39 684.441 0.91263
2864.85 701.324 0.915977
2883.44 718.377 0.91912
2902.15 735.598 0.92207
2920.97 752.984 0.924836
2939.92 770.533 0.927428
2958.99 788.245 0.929856
2978.19 806.116 0.932128
2997.51 824.146 0.934253
3016.96 842.332 0.936239
3036.53 860.675 0.938094
3056.23 879.171 0.939826
3076.05 897.821 0.941441
3096.01 916.623 0.942947
3116.1 935.576 0.94435
3136.31 954.68 0.945657
3156.66 973.933 0.946872
3177.14 993.335 0.948003
3197.75 1012.88 0.949054
3218.49 1032.58 0.95003
3239.37 1052.43 0.950936
3260.39 1072.42 0.951777
3281.54 1092.56 0.952556
3302.83 1112.85 0.953278
3324.25 1133.28 0.953947
3345.82 1153.86 0.954566
3367.52 1174.58 0.955138
3389.37 1195.46 0.955667
3411.36 1216.48 0.956156
3433.49 1237.64 0.956607
3455.76 1258.95 0.957024
3478.18 1280.41 0.957408
3500.75 1302.02 0.957762
3523.46 1323.77 0.958088
3546.31 1345.68 0.958388
3569.32 1367.73 0.958664
3592.48 1389.93 0.958917
3615.78 1412.28 0.95915
3639.24 1434.78 0.959365
3662.85 1457.44 0.959561
3686.61 1480.24 0.959741
3710.53 1503.19 0.959906
3734.6 1526.3 0.960057
3758.82 1549.56 0.960196
3783.21 1572.98 0.960323
3807.75 1596.55 0.960438
3832.45 1620.28 0.960544
3857.32 1644.16 0.960641
3882.34 1668.2 0.960729
3907.53 1692.4 0.960809
3932.88 1716.75 0.960882
3958.39 1741.27 0.960949
3984.07 1765.95 0.96101
4009.92 1790.79 0.961065
4035.93 1815.79 0.961115
4062.11 1840.95 0.961161
4088.47 1866.28 0.961202
4114.99 1891.78 0.96124
4141.68 1917.44 0.961274
4168.55 1943.27 0.961304
4195.6 1969.26 0.961332
4222.81 1995.43 0.961358
4250.21 2021.77 0.96138
4277.78 2048.28 0.961401
4305.53 2074.96 0.96142
4333.46 2101.81 0.961436
4361.58 2128.84 0.961451
4389.87 2156.04 0.961465
4418.35 2183.42 0.961477
4447.01 2210.98 0.961488
4475.86 2238.72 0.961498
4504.9 2266.64 0.961507
4534.12 2294.74 0.961515
4563.54 2323.02 0.961522
4593.14 2351.49 0.961529
4622.94 2380.14 0.961534
4652.93 2408.98 0.96154
4683.12 2438 0.961544
4713.5 2467.22 0.961548
4744.08 2496.62 0.961552
4774.85 2526.21 0.961555
4805.83 2556 0.961558
4837.01 2585.98 0.961561
4868.39 2616.15 0.961563
4899.97 2646.52 0.961565
4931.76 2677.08 0.961567
4963.75 2707.85 0.961569
4995.95 2738.81 0.96157
5028.36 2769.98 0.961571
5060.98 2801.34 0.961572
5093.82 2832.92 0.961573
5126.86 2864.69 0.961574
5160.12 2896.67 0.961575
5193.6 2928.86 0.961576
5227.29 2961.26 0.961576
5261.2 2993.87 0.961577
5295.33 3026.69 0.961577
5329.68 3059.72 0.961578
5364.26 3092.97 0.961578
5399.06 3126.43 0.961578
5434.09 3160.11 0.961579
5469.34 3194.01 0.961579
5504.82 3228.13 0.961579
5540.53 3262.47 0.961579
5576.48 3297.03 0.96158
5612.65 3331.82 0.96158
5649.06 3366.83 0.96158
5685.71 3402.07 0.96158
5722.6 3437.54 0.96158
5759.72 3473.23 0.96158
5797.09 3509.16 0.96158
5834.69 3545.33 0.96158
5872.55 3581.72 0.96158
5910.64 3618.36 0.96158
5948.99 3655.23 0.96158
5987.58 3692.34 0.96158
6026.42 3729.69 0.96158
6065.52 3767.28 0.96158
6104.87 3805.12 0.96158
6144.47 3843.2 0.961581
6184.33 3881.53 0.961581
6224.45 3920.11 0.961581
6264.83 3958.94 0.961581
6305.48 3998.02 0.961581
6346.38 4037.36 0.961581
6387.55 4076.95 0.961581
6428.99 4116.79 0.961581
6470.7 4156.9 0.961581
6512.68 4197.26 0.961581
6554.93 4237.89 0.961581
6597.45 4278.78 0.961581
6640.25 4319.94 0.961581
6683.33 4361.36 0.961581
6726.69 4403.05 0.961581
6770.32 4445.01 0.961581
6814.25 4487.25 0.961581
6858.45 4529.75 0.961581
6902.95 4572.54 0.961581
6947.73 4615.6 0.961581
6992.8 4658.94 0.961581
7038.16 4702.56 0.961581
7083.82 4746.47 0.961581
7129.78 4790.66 0.961581
7176.03 4835.13 0.961581
7222.59 4879.9 0.961581
7269.44 4924.95 0.961581
7316.6 4970.3 0.961581
7364.07 5015.94 0.961581
7411.84 5061.88 0.961581
7459.92 5108.12 0.961581
7508.32 5154.65 0.961581
7557.03 5201.49 0.961581
7606.05 5248.63 0.961581
7655.39 5296.08 0.961581
7705.06 5343.83 0.961581
7755.04 5391.9 0.961581
7805.35 5440.27 0.961581
7855.99 5488.97 0.961581
7906.95 5537.97 0.961581
7958.25 5587.3 0.961581
8009.88 5636.94 0.961581
8061.84 5686.91 0.961581
8114.14 5737.2 0.961581
8166.78 5787.82 0.961581
8219.76 5838.76 0.961581
8273.08 5890.04 0.961581
8326.76 5941.64 0.961581
8380.77 5993.59 0.961581
8435.14 6045.87 0.961581
8489.86 6098.49 0.961581
8544.94 6151.45 0.961581
8600.38 6204.75 0.961581
8656.17 6258.4 0.961581
8712.32 6312.4 0.961581
8768.84 6366.75 0.961581
8825.73 6421.45 0.961581
8882.99 6476.51 0.961581
8940.61 6531.92 0.961581
8998.61 6587.69 0.961581
9056.99 6643.83 0.961581
9115.75 6700.33 0.961581
9174.89 6757.19 0.961581
9234.41 6814.42 0.961581
9294.31 6872.03 0.961581
9354.61 6930.01 0.961581
9415.29 6988.36 0.961581
9476.38 7047.1 0.961581
9537.85 7106.21 0.961581
9599.73 7165.71 0.961581
9662 7225.59 0.961581
9724.68 7285.87 0.961581
9787.77 7346.53 0.961581
9851.27 7407.59 0.961581
9915.18 7469.04 0.961581
9979.5 7530.89 0.961581
10044.2 7593.15 0.961581
10109.4 7655.8 0.961581
10175 7718.87 0.961581
10241 7782.34 0.961581
10307.4 7846.22 0.961581
10374.3 7910.52 0.961581
10441.6 7975.24 0.961581
10509.3 8040.38 0.961581
10577.5 8105.93 0.961581
10646.1 8171.92 0.961581
10715.2 8238.33 0.961581
10784.7 8305.17 0.961581
10854.7 8372.45 0.961581
10925.1 8440.16 0.961581
10996 8508.31 0.961581
11067.3 8576.91 0.961581
11139.1 8645.95 0.961581
11211.4 8715.43 0.961581
11284.1 8785.37 0.961581
11357.3 8855.76 0.961581
11431 8926.61 0.961581
11505.1 8997.92 0.961581
11579.8 9069.69 0.961581
11654.9 9141.93 0.961581
11730.5 9214.63 0.961581
11806.6 9287.81 0.961581
11883.2 9361.46 0.961581
11960.3 9435.59 0.961581
12037.9 9510.2 0.961581
12116 9585.29 0.961581
12194.6 9660.87 0.961581
12273.7 9736.94 0.961581
12353.3 9813.51 0.961581
12433.5 9890.57 0.961581
12514.1 9968.13 0.961581
12595.3 10046.2 0.961581
12677 10124.8 0.961581
12759.2 10203.8 0.961581
12842 10283.4 0.961581
12925.3 10363.5 0.961581
13009.2 10444.2 0.961581
13093.6 10525.3 0.961581
13178.5 10607 0.961581
13264 10689.2 0.961581
13350.1 10772 0.961581
13436.7 10855.2 0.961581
13523.8 10939.1 0.961581
13611.6 11023.4 0.961581
13699.9 11108.3 0.961581
13788.8 11193.8 0.961581
13878.2 11279.8 0.961581
13968.2 11366.4 0.961581
14058.9 11453.5 0.961581
14150.1 11541.2 0.961581
14241.9 11629.5 0.961581
14334.2 11718.3 0.961581
14427.2 11807.8 0.961581
14520.8 11897.8 0.961581
14615 11988.3 0.961581
14709.8 12079.5 0.961581
14805.3 12171.3 0.961581
14901.3 12263.6 0.961581
14998 12356.6 0.961581
15095.3 12450.1 0.961581
15193.2 12544.3 0.961581
15291.8 12639.1 0.961581
15391 12734.5 0.961581
15490.8 12830.5 0.961581
15591.3 12927.1 0.961581
15692.5 13024.4 0.961581
15794.3 13122.3 0.961581
15896.7 13220.8 0.961581
15999.9 13320 0.961581
16103.7 13419.8 0.961581
16208.1 13520.2 0.961581
16313.3 13621.3 0.961581
16419.1 13723.1 0.961581
16525.6 13825.5 0.961581
16632.8 13928.6 0.961581
16740.7 14032.4 0.961581
16849.3 14136.8 0.961581
16958.7 14241.9 0.961581
17068.7 14347.7 0.961581
17179.4 14454.2 0.961581
17290.8 14561.3 0.961581
17403 14669.2 0.961581
17515.9 14777.8 0.961581
17629.6 14887 0.961581
17743.9 14997 0.961581
17859 15107.7 0.961581
17974.9 15219.1 0.961581
18091.5 15331.2 0.961581
18208.9 15444.1 0.961581
18327 15557.7 0.961581
18445.9 15672 0.961581
18565.5 15787.1 0.961581
18686 15902.9 0.961581
18807.2 16019.5 0.961581
18929.2 16136.8 0.961581
19052 16254.9 0.961581
19175.6 16373.7 0.961581
19300 16493.3 0.961581
19425.2 16613.7 0.961581
19551.2 16734.9 0.961581
19678.1 16856.9 0.961581
19805.7 16979.6 0.961581
19934.2 17103.2 0.961581
20063.5 17227.5 0.961581
20193.7 17352.7 0.961581
20324.7 17478.6 0.961581
20456.6 17605.4 0.961581
20589.3 17733 0.961581
20722.8 17861.5 0.961581
20857.3 17990.8 0.961581
20992.6 18120.9 0.961581
21128.8 18251.8 0.961581
21265.8 18383.6 0.961581
21403.8 18516.3 0.961581
21542.7 18649.8 0.961581
21682.4 18784.2 0.961581
21823.1 18919.4 0.961581
21964.6 19055.6 0.961581
22107.1 19192.6 0.961581
22250.6 19330.5 0.961581
22394.9 19469.3 0.961581
22540.2 19609 0.961581
22686.4 19749.6 0.961581
22833.6 19891.1 0.961581
22981.7 20033.6 0.961581
23130.8 20176.9 0.961581
23280.9 20321.2 0.961581
23431.9 20466.5 0.961581
23583.9 20612.6 0.961581
23736.9 20759.7 0.961581
23890.9 20907.8 0.961581
24045.9 21056.9 0.961581
24201.9 21206.9 0.961581
24358.9 21357.8 0.961581
24516.9 21509.8 0.961581
24676 21662.7 0.961581
24836 21816.7 0.961581
24997.2 21971.6 0.961581
25159.3 22127.5 0.961581
25322.5 22284.5 0.961581
25486.8 22442.4 0.961581
25652.2 22601.4 0.961581
25818.6 22761.4 0.961581
25986.1 22922.5 0.961581
26154.7 23084.6 0.961581
26324.3 23247.8 0.961581
26495.1 23412 0.961581
26667 23577.3 0.961581
26840 23743.6 0.961581
27014.1 23911 0.961581
27189.4 24079.6 0.961581
27365.7 24249.2 0.961581
27543.3 24419.9 0.961581
27722 24591.7 0.961581
27901.8 24764.6 0.961581
28082.8 24938.7 0.961581
28265 25113.9 0.961581
28448.4 25290.2 0.961581
28632.9 25467.6 0.961581
28818.7 25646.3 0.961581
29005.6 25826 0.961581
29193.8 26007 0.961581
29383.2 26189.1 0.961581
29573.8 26372.4 0.961581
29765.7 26556.9 0.961581
29958.8 26742.6 0.961581
30153.1 26929.4 0.961581
30348.7 27117.5 0.961581
30545.6 27306.9 0.961581
30743.8 27497.4 0.961581
30943.2 27689.2 0.961581
31143.9 27882.2 0.961581
31346 28076.5 0.961581
31549.3 28272 0.961581
31754 28468.8 0.961581
31960 28666.9 0.961581
32167.3 28866.3 0.961581
32376 29067 0.961581
32586.1 29268.9 0.961581
32797.5 29472.2 0.961581
33010.2 29676.8 0.961581
33224.4 29882.7 0.961581
33439.9 30090 0.961581
33656.9 30298.6 0.961581
33875.2 30508.5 0.961581
34095 30719.8 0.961581
34316.1 30932.5 0.961581
34538.8 31146.6 0.961581
34762.8 31362.1 0.961581
34988.3 31578.9 0.961581
35215.3 31797.2 0.961581
35443.8 32016.9 0.961581
35673.7 32238 0.961581
35905.1 32460.5 0.961581
36138.1 32684.5 0.961581
36372.5 32909.9 0.961581
36608.5 33136.8 0.961581
36846 33365.2 0.961581
37085 33595 0.961581
37325.6 33826.4 0.961581
37567.7 34059.2 0.961581
37811.4 34293.6 0.961581
38056.7 34529.4 0.961581
38303.6 34766.8 0.961581
38552.1 35005.8 0.961581
38802.2 35246.3 0.961581
39053.9 35488.3 0.961581
39307.3 35731.9 0.961581
39562.3 35977.1 0.961581
39819 36223.9 0.961581
40077.3 36472.3 0.961581
40337.3 36722.3 0.961581
40599 36974 0.961581
40862.3 37227.2 0.961581
41127.4 37482.1 0.961581
41394.2 37738.7 0.961581
41662.8 37996.9 0.961581
41933.1 38256.8 0.961581
42205.1 38518.4 0.961581
42478.9 38781.7 0.961581
42754.5 39046.7 0.961581
43031.8 39313.4 0.961581
43311 39581.8 0.961581
43592 39852 0.961581
43874.8 40123.9 0.961581
44159.4 40397.6 0.961581
44445.9 40673.1 0.961581
44734.2 40950.3 0.961581
45024.4 41229.4 0.961581
45316.5 41510.3 0.961581
45610.5 41793 0.961581
45906.4 42077.5 0.961581
46204.2 42363.8 0.961581
46503.9 42652.1 0.961581
46805.6 42942.2 0.961581
47109.3 43234.2 0.961581
47414.9 43528 0.961581
47722.5 43823.8 0.961581
48032.1 44121.5 0.961581
48343.7 44421.1 0.961581
48657.3 44722.7 0.961581
48972.9 45026.2 0.961581
49290.7 45331.7 0.961581
49610.4 45639.2 0.961581
49932.3 45948.7 0.961581
50256.2 46260.2 0.961581
50582.2 46573.7 0.961581
50910.4 46889.2 0.961581
51240.6 47206.8 0.961581
51573.1 47526.4 0.961581
51907.6 47848.2 0.961581
52244.4 48172 0.961581
52583.3 48497.9 0.961581
52924.4 48825.9 0.961581
53267.8 49156 0.961581
53613.3 49488.3 0.961581
53961.1 49822.8 0.961581
54311.2 50159.4 0.961581
54663.5 50498.2 0.961581
55018.2 50839.2 0.961581
55375.1 51182.4 0.961581
55734.3 51527.8 0.961581
56095.9 51875.5 0.961581
