5.78741e-09 5.95396e-15 4.29514e-06
5.8738e-08 3.33166e-13 8.58285e-06
5.86595e-07 1.45059e-11 3.56977e-05
4.6076e-06 3.38009e-10 8.97843e-05
5.86875e-06 4.61297e-10 0.000114002
2.3369e-05 3.31505e-09 0.000192532
7.39119e-05 1.62978e-08 0.000292274
0.000147358 4.17301e-08 0.000330144
0.000152693 4.34471e-08 0.000292479
0.000165528 4.67976e-08 0.000304172
0.000294481 1.01986e-07 0.000463041
0.000466785 1.89679e-07 0.00054542
0.000739961 3.52227e-07 0.00041641
0.000792747 3.70702e-07 0.000446592
0.000859333 4.13069e-07 0.00055442
0.000931697 4.48502e-07 0.00055104
0.00117285 6.10601e-07 0.000697128
0.00147667 8.31244e-07 0.000750516
0.0017323 1.02935e-06 0.000535855
0.00185963 1.08409e-06 0.000525282
0.00294795 2.00733e-06 0.000908255
0.00467391 3.71532e-06 0.00105104
0.00633042 5.56999e-06 0.00091467
0.0070765 6.16755e-06 0.00093479
0.00933155 8.92099e-06 0.00127133
0.0117504 1.21316e-05 0.00137956
0.0154948 1.7543e-05 0.00122736
0.0177925 2.00421e-05 0.00125466
0.0234638 2.89812e-05 0.00164107
0.0295474 3.94039e-05 0.00177172
0.0354913 5.03041e-05 0.00128079
0.0389653 5.38549e-05 0.00125817
0.0549487 8.51279e-05 0.00191362
0.0590129 9.27925e-05 0.00199187
0.0713035 0.000119369 0.00114686
0.0787306 0.000125461 0.00110854
0.10265 0.000178607 0.00176378
0.112568 0.000193736 0.00180901
0.132297 0.000240204 0.00240921
0.146764 0.000275794 0.00181491
0.15911 0.000293738 0.00177613
0.191354 0.000375514 0.00260957
0.227502 0.000472769 0.000973271
0.245257 0.000484229 0.000805937
0.256566 0.000495831 0.00103354
0.268397 0.000508152 0.00104919
0.280773 0.000521236 0.00106507
0.293719 0.00053513 0.0010812
0.307263 0.000549885 0.00109757
0.321432 0.000565555 0.00111419
0.336253 0.000582195 0.00113106
0.351758 0.000599866 0.00114818
0.367978 0.000618631 0.00116556
0.384946 0.000638559 0.00118321
0.402697 0.000659722 0.00120112
0.421266 0.000682195 0.00121931
0.440691 0.000706061 0.00123777
0.461012 0.000731406 0.00125651
0.48227 0.00075832 0.00127553
0.504508 0.000786902 0.00129484
0.527771 0.000817254 0.00131445
0.552107 0.000849487 0.00133435
0.577566 0.000883717 0.00135455
0.604198 0.000920067 0.00137506
0.632059 0.000958668 0.00139588
0.661204 0.000999662 0.00141701
0.691693 0.00104319 0.00143847
0.723588 0.00108942 0.00146024
0.756953 0.00113852 0.00148235
0.791857 0.00119065 0.00150479
0.828371 0.00124602 0.00152758
0.866568 0.00130481 0.00155071
0.906527 0.00136725 0.00157418
0.948328 0.00143355 0.00159802
0.992057 0.00150396 0.00162221
1.0378 0.00157874 0.00164677
1.08566 0.00165815 0.0016717
1.13572 0.00174247 0.00169701
1.18809 0.00183202 0.00172271
1.24287 0.00192712 0.00174879
1.30018 0.00202811 0.00177526
1.36014 0.00213535 0.00180214
1.42285 0.00224924 0.00182943
1.48846 0.00237018 0.00185712
1.5571 0.00249862 0.00188524
1.6289 0.00263501 0.00191378
1.70401 0.00277985 0.00194276
1.78258 0.00293367 0.00197217
1.86478 0.00309701 0.00200203
1.95077 0.00327047 0.00203234
2.04072 0.00345468 0.00206311
2.13482 0.0036503 0.00209435
2.23326 0.00385804 0.00212606
2.33624 0.00407865 0.00215824
2.44396 0.00431292 0.00219092
2.55666 0.00456171 0.00222409
2.67455 0.00482591 0.00225776
2.79788 0.00510648 0.00229195
2.92689 0.00540443 0.00232665
3.06185 0.00572083 0.00236187
3.20304 0.00605684 0.00239763
3.35074 0.00641366 0.00243393
3.50524 0.00679259 0.00247078
3.66688 0.00719499 0.00250819
3.83596 0.00762232 0.00254616
4.01284 0.00807613 0.00258471
4.19788 0.00855804 0.00262385
4.39145 0.00906982 0.00266357
4.59395 0.00961329 0.0027039
4.80578 0.0101904 0.00274483
5.02738 0.0108033 0.00278639
5.2592 0.0114542 0.00282858
5.50171 0.0121454 0.0028714
5.7554 0.0128794 0.00291488
6.02079 0.0136589 0.00295901
6.29841 0.0144866 0.00300381
6.58884 0.0153657 0.00304928
6.89266 0.0162992 0.00309545
7.21049 0.0172905 0.00314232
7.54298 0.0183433 0.00318989
7.8908 0.0194612 0.00323819
8.25465 0.0206484 0.00328721
8.63529 0.0219092 0.00333698
9.03347 0.0232481 0.0033875
9.45002 0.0246699 0.00343879
9.88577 0.0261798 0.00349085
10.3416 0.0277832 0.00354371
10.8185 0.029486 0.00359736
11.3173 0.0312942 0.00365182
11.8392 0.0332145 0.00370711
12.3851 0.0352537 0.00376324
12.9562 0.0374193 0.00382021
13.5536 0.039719 0.00387805
14.1786 0.0421611 0.00393677
14.8324 0.0447546 0.00399637
15.5164 0.0475087 0.00405687
16.2318 0.0504335 0.00411829
16.9803 0.0535394 0.00418065
17.7633 0.0568378 0.00424394
18.5824 0.0603405 0.0043082
19.4392 0.0640601 0.00437342
20.3356 0.0680102 0.00443964
21.2733 0.072205 0.00450685
22.2543 0.0766597 0.00457509
23.2804 0.0813904 0.00464435
24.3539 0.0864141 0.00471467
25.4769 0.091749 0.00478605
26.6517 0.0974144 0.00485851
27.8806 0.103431 0.00493207
29.1662 0.10982 0.00500674
30.5111 0.116605 0.00508254
31.9181 0.12381 0.00515949
33.3898 0.131462 0.00523761
34.9295 0.139587 0.00531691
36.5401 0.148216 0.0053974
38.225 0.15738 0.00547912
39.9877 0.167111 0.00556208
41.8315 0.177445 0.00564629
43.7605 0.188419 0.00573177
45.7783 0.200073 0.00581855
47.8892 0.212449 0.00590664
50.0974 0.225592 0.00599607
52.4075 0.239549 0.00608685
54.8241 0.254371 0.00617901
57.3521 0.27011 0.00627256
59.9967 0.286825 0.00636752
62.7632 0.304575 0.00646393
65.6573 0.323425 0.00656179
68.6849 0.343443 0.00666114
71.852 0.364701 0.00676199
75.1652 0.387275 0.00686552
75.1652 0.387275 0.00686451
75.6528 0.390768 0.00746099
76.1436 0.394577 0.00806085
76.6376 0.398708 0.00866409
77.1348 0.403166 0.00927073
77.6352 0.407958 0.00988079
78.1388 0.413089 0.0104943
78.6457 0.418565 0.0111112
79.1559 0.424392 0.0117316
79.6694 0.430577 0.0123555
80.1863 0.437125 0.0129828
80.7065 0.444042 0.0136137
81.23 0.451336 0.0142481
81.757 0.459013 0.014886
82.2874 0.467078 0.0155274
82.8212 0.475539 0.0161724
83.3585 0.484403 0.016821
83.8993 0.493675 0.0174731
84.4436 0.503364 0.0181289
84.9914 0.513476 0.0187882
85.5428 0.524018 0.0194512
86.0977 0.534997 0.0201178
86.6563 0.546421 0.0207881
87.2184 0.558297 0.021462
87.7842 0.570632 0.0221396
88.3537 0.583435 0.0228209
88.9269 0.596712 0.023506
89.5038 0.610471 0.0241947
90.0845 0.62472 0.0248871
90.6689 0.639468 0.0255833
91.2571 0.654722 0.0262833
91.8491 0.67049 0.026987
92.4449 0.686782 0.0276945
93.0447 0.703604 0.0284058
93.6483 0.720966 0.0291209
94.2558 0.738876 0.0298398
94.8673 0.757343 0.0305625
95.4827 0.776376 0.0312891
96.1021 0.795984 0.0320195
96.7256 0.816175 0.0327538
97.3531 0.836959 0.0334919
97.9847 0.858346 0.034234
98.6203 0.880344 0.0349799
99.2601 0.902964 0.0357298
99.904 0.926214 0.0364835
100.552 0.950105 0.0372412
101.204 0.974647 0.0380028
101.861 0.999849 0.0387684
102.522 1.02572 0.0395379
103.187 1.05228 0.0403114
103.856 1.07952 0.0410889
104.53 1.10747 0.0418704
105.208 1.13613 0.0426559
105.891 1.16551 0.0434453
106.578 1.19563 0.0442388
107.269 1.22649 0.0450363
107.965 1.25811 0.0458379
108.665 1.2905 0.0466434
109.37 1.32366 0.0474531
110.08 1.35762 0.0482667
110.794 1.39238 0.0490845
111.513 1.42796 0.0499063
112.236 1.46436 0.0507322
112.964 1.5016 0.0515622
113.697 1.53969 0.0523962
114.435 1.57865 0.0532344
115.177 1.61848 0.0540766
115.924 1.6592 0.054923
116.676 1.70083 0.0557734
117.433 1.74337 0.056628
118.195 1.78684 0.0574867
118.962 1.83125 0.0583496
119.734 1.87661 0.0592165
120.51 1.92295 0.0600876
121.292 1.97026 0.0609628
122.079 2.01858 0.0618422
122.871 2.06791 0.0627257
123.668 2.11826 0.0636133
124.47 2.16965 0.0645051
125.278 2.2221 0.0654011
126.091 2.27562 0.0663011
126.909 2.33022 0.0672053
127.732 2.38593 0.0681137
128.561 2.44275 0.0690262
129.395 2.5007 0.0699429
130.234 2.5598 0.0708637
131.079 2.62006 0.0717886
131.929 2.6815 0.0727177
132.785 2.74414 0.0736509
133.646 2.80798 0.0745882
134.513 2.87306 0.0755296
135.386 2.93938 0.0764752
136.264 3.00697 0.0774249
137.148 3.07583 0.0783787
138.038 3.146 0.0793366
138.934 3.21747 0.0802986
139.835 3.29028 0.0812647
140.742 3.36444 0.0822349
141.655 3.43997 0.0832092
142.574 3.51689 0.0841875
143.499 3.59521 0.0851699
144.43 3.67496 0.0861563
145.367 3.75615 0.0871467
146.31 3.8388 0.0881412
147.259 3.92293 0.0891397
148.215 4.00857 0.0901422
149.176 4.09573 0.0911486
150.144 4.18442 0.0921591
151.118 4.27468 0.0931734
152.098 4.36653 0.0941917
153.085 4.45997 0.095214
154.078 4.55504 0.0962401
155.078 4.65175 0.0972701
156.084 4.75013 0.098304
157.096 4.85019 0.0993417
158.115 4.95197 0.100383
159.141 5.05547 0.101429
160.173 5.16073 0.102478
161.213 5.26776 0.10353
162.258 5.37659 0.104587
163.311 5.48724 0.105647
164.37 5.59973 0.106711
165.437 5.71409 0.107779
166.51 5.83034 0.10885
167.59 5.9485 0.109925
168.678 6.0686 0.111003
169.772 6.19066 0.112085
170.873 6.3147 0.11317
171.982 6.44076 0.114259
173.097 6.56885 0.115351
174.22 6.69899 0.116447
175.351 6.83123 0.117546
176.488 6.96557 0.118648
177.633 7.10205 0.119754
178.785 7.24069 0.120862
179.945 7.38151 0.121974
181.113 7.52455 0.123089
182.288 7.66983 0.124208
183.47 7.81738 0.125329
184.66 7.96722 0.126453
185.858 8.11938 0.12758
187.064 8.27389 0.12871
188.278 8.43077 0.129843
189.499 8.59006 0.130979
190.728 8.75178 0.132117
191.966 8.91595 0.133258
193.211 9.08262 0.134402
194.464 9.2518 0.135548
195.726 9.42353 0.136696
196.996 9.59783 0.137848
198.274 9.77473 0.139001
199.56 9.95427 0.140157
200.855 10.1365 0.141315
202.158 10.3214 0.142475
203.469 10.509 0.143637
204.789 10.6993 0.144802
206.118 10.8925 0.145968
207.455 11.0884 0.147136
208.801 11.2873 0.148306
210.155 11.4889 0.149477
211.519 11.6935 0.15065
212.891 11.9011 0.151825
214.272 12.1116 0.153001
215.662 12.325 0.154178
217.061 12.5416 0.155357
218.469 12.7612 0.156537
219.886 12.9839 0.157718
221.313 13.2097 0.158899
222.749 13.4387 0.160082
224.194 13.6709 0.161265
225.648 13.9063 0.16245
227.112 14.1449 0.163634
228.585 14.3869 0.164819
230.068 14.6322 0.166005
231.561 14.8809 0.16719
233.063 15.1329 0.168376
234.575 15.3884 0.169561
236.097 15.6473 0.170747
237.628 15.9097 0.171932
239.17 16.1757 0.173117
240.722 16.4452 0.174301
242.283 16.7183 0.175484
243.855 16.9951 0.176667
245.437 17.2755 0.177848
247.029 17.5596 0.179029
248.632 17.8475 0.180208
250.245 18.1391 0.181386
251.868 18.4345 0.182562
253.502 18.7338 0.183737
255.147 19.0369 0.18491
256.802 19.3439 0.18608
258.468 19.6549 0.187249
260.145 19.9699 0.188415
261.832 20.2888 0.189578
263.531 20.6118 0.190739
265.24 20.9389 0.191897
266.961 21.2701 0.193052
268.693 21.6054 0.194203
270.436 21.945 0.195351
272.191 22.2887 0.196496
273.956 22.6367 0.197636
275.734 22.9889 0.198772
277.522 23.3455 0.199905
279.323 23.7064 0.201032
281.135 24.0717 0.202155
282.959 24.4414 0.203273
284.794 24.8156 0.204386
286.642 25.1942 0.205494
288.501 25.5774 0.206596
290.373 25.9651 0.207692
292.257 26.3573 0.208782
294.153 26.7542 0.209865
296.061 27.1557 0.210943
297.982 27.5619 0.212013
299.915 27.9728 0.213076
301.86 28.3884 0.214132
303.819 28.8087 0.21518
305.79 29.2339 0.216221
307.773 29.6638 0.217253
309.77 30.0986 0.218277
311.78 30.5383 0.219292
313.802 30.9829 0.220299
315.838 31.4323 0.221295
317.887 31.8868 0.222283
319.949 32.3462 0.22326
322.025 32.8106 0.224227
324.114 33.28 0.225184
326.217 33.7545 0.22613
328.333 34.234 0.227064
330.463 34.7187 0.227988
332.607 35.2084 0.228899
334.764 35.7033 0.229798
336.936 36.2033 0.230685
339.122 36.7085 0.231558
341.322 37.2189 0.232419
343.536 37.7345 0.233265
345.765 38.2553 0.234098
348.008 38.7813 0.234917
350.266 39.3125 0.23572
352.538 39.8491 0.236509
354.825 40.3909 0.237282
357.127 40.9379 0.238039
359.444 41.4903 0.23878
361.776 42.0479 0.239504
364.123 42.6109 0.240211
366.485 43.1791 0.2409
368.862 43.7526 0.241571
371.255 44.3315 0.242224
373.664 44.9156 0.242858
376.088 45.5051 0.243473
378.528 46.0998 0.244068
380.983 46.6999 0.244642
383.455 47.3052 0.245196
385.942 47.9158 0.245728
388.446 48.5317 0.246239
390.966 49.1529 0.246728
393.502 49.7792 0.247194
396.055 50.4108 0.247637
398.625 51.0476 0.248056
401.211 51.6896 0.248451
403.813 52.3368 0.248821
406.433 52.9891 0.249166
409.07 53.6464 0.249485
411.724 54.3089 0.249778
414.395 54.9764 0.250044
417.083 55.6489 0.250283
419.789 56.3264 0.250494
422.512 57.0089 0.250676
425.253 57.6962 0.250829
428.012 58.3883 0.250952
430.788 59.0853 0.251046
433.583 59.7869 0.251108
436.396 60.4933 0.251139
439.227 61.2043 0.251137
442.076 61.9198 0.251103
444.944 62.6399 0.251036
447.831 63.3644 0.250935
450.736 64.0932 0.250799
453.66 64.8263 0.250629
456.603 65.5636 0.250422
459.565 66.305 0.250179
462.547 67.0505 0.249899
465.547 67.7999 0.249581
468.567 68.5531 0.249224
471.607 69.3101 0.248829
474.667 70.0707 0.248394
477.746 70.8349 0.247918
480.845 71.6024 0.247401
483.965 72.3733 0.246843
487.104 73.1474 0.246241
490.264 73.9245 0.245597
493.445 74.7045 0.244909
496.646 75.4873 0.244176
499.868 76.2728 0.243398
503.111 77.0608 0.242574
506.375 77.8511 0.241703
509.66 78.6436 0.240785
512.966 79.4381 0.239819
516.294 80.2345 0.238803
519.643 81.0325 0.237738
523.014 81.8321 0.236623
526.407 82.633 0.235457
529.822 83.435 0.234238
533.26 84.2379 0.232968
536.719 85.0415 0.231644
540.201 85.8457 0.230266
543.705 86.6501 0.228833
547.233 87.4547 0.227344
550.783 88.259 0.2258
554.356 89.063 0.224198
557.952 89.8663 0.222539
561.572 90.6687 0.220821
565.215 91.4699 0.219045
568.882 92.2697 0.217208
572.572 93.0678 0.215311
576.287 93.864 0.213352
580.025 94.6578 0.211331
583.788 95.4491 0.209248
587.575 96.2375 0.207101
591.387 97.0227 0.20489
595.224 97.8044 0.202614
599.085 98.5823 0.200273
602.971 99.356 0.197865
606.883 100.125 0.19539
610.82 100.889 0.192848
614.783 101.648 0.190238
618.771 102.402 0.187559
622.785 103.149 0.18481
626.826 103.89 0.181991
630.892 104.624 0.179101
634.985 105.351 0.17614
639.104 106.071 0.173107
643.25 106.782 0.170002
647.423 107.485 0.166824
651.623 108.179 0.163572
655.851 108.863 0.160246
660.105 109.538 0.156845
664.388 110.202 0.15337
668.698 110.855 0.149818
673.036 111.497 0.146191
677.402 112.127 0.142488
681.797 112.745 0.138708
686.22 113.35 0.13485
690.671 113.942 0.130915
695.152 114.519 0.126903
699.662 115.082 0.122812
704.201 115.63 0.118643
708.769 116.163 0.114395
713.367 116.679 0.110069
717.995 117.178 0.105663
722.653 117.66 0.101179
727.341 118.123 0.0966154
732.06 118.568 0.0919726
736.809 118.994 0.0872507
741.589 119.399 0.0824496
746.4 119.784 0.0775693
751.242 120.148 0.07261
756.115 120.49 0.0675718
761.021 120.808 0.062455
765.958 121.104 0.0572597
770.927 121.375 0.0519862
775.928 121.622 0.046635
780.962 121.843 0.0412064
786.028 122.038 0.0357008
791.127 122.206 0.0301188
796.26 122.346 0.0244608
801.425 122.457 0.0187276
806.624 122.54 0.0129198
811.857 122.592 0.00703823
817.124 122.613 0.00108358
822.425 122.616 0
827.76 122.616 0
833.13 122.616 0
838.535 122.616 0
843.975 122.616 0
849.45 122.616 0
854.961 122.616 0
860.507 122.616 0
866.09 122.616 0
871.708 122.616 0
877.363 122.616 0
883.055 122.616 0
888.784 122.616 0
894.55 122.616 0
900.353 122.616 0
906.194 122.616 0
912.073 122.616 0
917.99 122.616 0
923.945 122.616 0
929.939 122.616 0
935.972 122.616 0
942.044 122.616 0
948.155 122.616 0
954.306 122.616 0
960.497 122.616 0
966.728 122.616 0
973 122.616 0
979.312 122.616 0
985.665 122.616 0
992.059 122.616 0
998.495 122.616 0
1004.97 122.616 0
1011.49 122.616 0
1018.05 122.616 0
1024.66 122.616 0
1031.31 122.616 0
1038 122.616 0
1044.73 122.616 0
1051.51 122.616 0
1058.33 122.616 0
1065.2 122.616 0
1072.11 122.616 0
1079.06 122.616 0
1086.06 122.616 0
1093.11 122.616 0
1100.2 122.616 0
1107.34 122.616 0
1114.52 122.616 0
1121.75 122.616 0
1129.03 122.616 0
1136.35 122.616 0
1143.72 122.616 0
1151.14 122.616 0
1158.61 122.616 0
1166.13 122.616 0
1173.69 122.616 0
1181.31 122.616 0
1188.97 122.616 0
1196.68 122.616 0
1204.45 122.616 0
1212.26 122.616 0
1220.12 122.616 0
1228.04 122.616 0
1236.01 122.616 0
1244.02 122.616 0
1252.09 122.616 0
1260.22 122.616 0
1268.39 122.616 0
1276.62 122.616 0
1284.9 122.616 0
1293.24 122.616 0
1301.63 122.616 0
1310.07 122.616 0
1318.57 122.616 0
1327.13 122.616 0
1335.74 122.616 0
1344.4 122.616 0
1353.12 122.616 0
1361.9 122.616 0
1370.74 122.616 0
1379.63 122.616 0
1388.58 122.616 0
1397.59 122.616 0
1406.65 122.616 0
1415.78 122.616 0
1424.96 122.616 0
1434.21 122.616 0
1443.51 122.616 0
1452.88 122.616 0
1462.3 122.616 0
1471.79 122.616 0
1481.34 122.616 0
1490.95 122.616 0
1500.62 122.616 0
1510.35 122.616 0
1520.15 122.616 0
1530.01 122.616 0
1539.94 122.616 0
1549.93 122.616 0
1559.98 122.616 0
1570.1 122.616 0
1580.29 122.616 0
1590.54 122.616 0
1600.86 122.616 0
1611.25 122.616 0
1621.7 122.616 0
1632.22 122.616 0
1642.81 122.616 0
1653.47 122.616 0
1664.19 122.616 0
1674.99 122.616 0
1685.85 122.616 0
1696.79 122.616 0
1707.8 122.616 0
1718.88 122.616 0
1730.03 122.616 0
1741.25 122.616 0
1752.55 122.616 0
1763.92 122.616 0
1775.36 122.616 0
1786.88 122.616 0
1798.47 122.685 0.0118282
1810.14 122.946 0.0330088
1821.88 123.46 0.054427
1833.7 124.231 0.0760517
1845.6 125.265 0.0978508
1857.57 126.568 0.119792
1869.62 128.144 0.141841
1881.75 129.999 0.163965
1893.96 132.136 0.186129
1906.24 134.559 0.2083
1918.61 137.272 0.230443
1931.06 140.277 0.252524
1943.58 143.579 0.27451
1956.19 147.178 0.296368
1968.88 151.076 0.318066
1981.66 155.276 0.339572
1994.51 159.779 0.360856
2007.45 164.584 0.381889
2020.47 169.692 0.402644
2033.58 175.104 0.423093
2046.77 180.818 0.443213
2060.05 186.835 0.462979
2073.42 193.152 0.482371
2086.87 199.768 0.501368
2100.41 206.681 0.519954
2114.03 213.89 0.538111
2127.75 221.391 0.555825
2141.55 229.183 0.573084
2155.44 237.261 0.589878
2169.43 245.624 0.606198
2183.5 254.267 0.622036
2197.66 263.187 0.637388
2211.92 272.38 0.65225
2226.27 281.842 0.66662
2240.71 291.57 0.680498
2255.25 301.559 0.693885
2269.88 311.806 0.706783
2284.61 322.305 0.719196
2299.43 333.053 0.73113
2314.34 344.044 0.742589
2329.36 355.276 0.753582
2344.47 366.743 0.764116
2359.68 378.442 0.7742
2374.99 390.367 0.783843
2390.39 402.515 0.793056
2405.9 414.882 0.801849
2421.51 427.462 0.810234
2437.22 440.253 0.818222
2453.03 453.25 0.825824
2468.94 466.45 0.833054
2484.96 479.848 0.839923
2501.08 493.44 0.846444
2517.31 507.224 0.852628
2533.64 521.196 0.85849
2550.07 535.352 0.86404
2566.62 549.69 0.869291
2583.27 564.205 0.874256
2600.03 578.896 0.878946
2616.89 593.759 0.883374
2633.87 608.791 0.88755
2650.96 623.99 0.891487
2668.15 639.354 0.895195
2685.46 654.879 0.898684
2702.89 670.564 0.901967
2720.42 686.407 0.905052
2738.07 702.405 0.907949
2755.83 718.557 0.910669
2773.71 734.861 0.91322
2791.7 751.315 0.915611
2809.81 767.917 0.917851
2828.04 784.667 0.919947
2846.39 801.563 0.921909
2864.85 818.603 0.923742
2883.44 835.787 0.925455
2902.15 853.114 0.927055
2920.97 870.582 0.928547
2939.92 888.19 0.929939
2958.99 905.939 0.931236
2978.19 923.826 0.932444
2997.51 941.853 0.933568
3016.96 960.017 0.934614
3036.53 978.319 0.935586
3056.23 996.758 0.936489
3076.05 1015.33 0.937327
3096.01 1034.05 0.938105
3116.1 1052.9 0.938827
3136.31 1071.88 0.939495
3156.66 1091 0.940115
3177.14 1110.26 0.940688
3197.75 1129.65 0.941218
3218.49 1149.18 0.941708
3239.37 1168.85 0.942161
3260.39 1188.66 0.942579
3281.54 1208.6 0.942965
3302.83 1228.67 0.943321
3324.25 1248.89 0.943649
3345.82 1269.24 0.943951
3367.52 1289.74 0.944229
3389.37 1310.37 0.944485
3411.36 1331.14 0.94472
3433.49 1352.05 0.944936
3455.76 1373.1 0.945134
3478.18 1394.29 0.945316
3500.75 1415.62 0.945483
3523.46 1437.09 0.945636
3546.31 1458.71 0.945777
3569.32 1480.47 0.945905
3592.48 1502.37 0.946022
3615.78 1524.42 0.94613
3639.24 1546.62 0.946228
3662.85 1568.96 0.946317
3686.61 1591.45 0.946399
3710.53 1614.08 0.946473
3734.6 1636.87 0.946541
3758.82 1659.8 0.946603
3783.21 1682.88 0.946659
3807.75 1706.12 0.94671
3832.45 1729.5 0.946757
3857.32 1753.04 0.946799
3882.34 1776.74 0.946837
3907.53 1800.58 0.946872
3932.88 1824.59 0.946903
3958.39 1848.75 0.946932
3984.07 1873.06 0.946958
4009.92 1897.54 0.946981
4035.93 1922.17 0.947002
4062.11 1946.97 0.947021
4088.47 1971.92 0.947038
4114.99 1997.04 0.947054
4141.68 2022.33 0.947068
4168.55 2047.77 0.947081
4195.6 2073.38 0.947092
4222.81 2099.16 0.947102
4250.21 2125.11 0.947111
4277.78 2151.22 0.947119
4305.53 2177.51 0.947127
4333.46 2203.96 0.947133
4361.58 2230.59 0.947139
4389.87 2257.39 0.947145
4418.35 2284.36 0.947149
4447.01 2311.51 0.947154
4475.86 2338.83 0.947158
4504.9 2366.34 0.947161
4534.12 2394.02 0.947164
4563.54 2421.88 0.947167
4593.14 2449.92 0.947169
4622.94 2478.14 0.947171
4652.93 2506.55 0.947173
4683.12 2535.14 0.947175
4713.5 2563.92 0.947176
4744.08 2592.88 0.947178
4774.85 2622.03 0.947179
4805.83 2651.37 0.94718
4837.01 2680.9 0.947181
4868.39 2710.62 0.947182
4899.97 2740.54 0.947182
4931.76 2770.64 0.947183
4963.75 2800.95 0.947183
4995.95 2831.45 0.947184
5028.36 2862.15 0.947184
5060.98 2893.05 0.947185
5093.82 2924.14 0.947185
5126.86 2955.44 0.947185
5160.12 2986.95 0.947186
5193.6 3018.66 0.947186
5227.29 3050.57 0.947186
5261.2 3082.69 0.947186
5295.33 3115.02 0.947186
5329.68 3147.56 0.947187
5364.26 3180.31 0.947187
5399.06 3213.27 0.947187
5434.09 3246.44 0.947187
5469.34 3279.83 0.947187
5504.82 3313.44 0.947187
5540.53 3347.27 0.947187
5576.48 3381.31 0.947187
5612.65 3415.58 0.947187
5649.06 3450.07 0.947187
5685.71 3484.78 0.947187
5722.6 3519.72 0.947187
5759.72 3554.88 0.947187
5797.09 3590.27 0.947187
5834.69 3625.89 0.947187
5872.55 3661.75 0.947187
5910.64 3697.83 0.947187
5948.99 3734.15 0.947187
5987.58 3770.71 0.947187
6026.42 3807.5 0.947187
6065.52 3844.53 0.947187
6104.87 3881.8 0.947187
6144.47 3919.31 0.947187
6184.33 3957.07 0.947187
6224.45 3995.07 0.947187
6264.83 4033.32 0.947187
6305.48 4071.81 0.947187
6346.38 4110.56 0.947187
6387.55 4149.56 0.947187
6428.99 4188.81 0.947187
6470.7 4228.31 0.947187
6512.68 4268.07 0.947187
6554.93 4308.09 0.947187
6597.45 4348.37 0.947187
6640.25 4388.91 0.947187
6683.33 4429.71 0.947187
6726.69 4470.78 0.947187
6770.32 4512.11 0.947187
6814.25 4553.71 0.947187
6858.45 4595.59 0.947187
6902.95 4637.73 0.947187
6947.73 4680.15 0.947187
6992.8 4722.84 0.947187
7038.16 4765.81 0.947187
7083.82 4809.05 0.947187
7129.78 4852.58 0.947187
7176.03 4896.39 0.947187
7222.59 4940.49 0.947187
7269.44 4984.87 0.947187
7316.6 5029.54 0.947187
7364.07 5074.5 0.947187
7411.84 5119.75 0.947187
7459.92 5165.29 0.947187
7508.32 5211.13 0.947187
7557.03 5257.27 0.947187
7606.05 5303.7 0.947187
7655.39 5350.44 0.947187
7705.06 5397.48 0.947187
7755.04 5444.83 0.947187
7805.35 5492.48 0.947187
7855.99 5540.44 0.947187
7906.95 5588.71 0.947187
7958.25 5637.3 0.947187
8009.88 5686.2 0.947187
8061.84 5735.42 0.947187
8114.14 5784.96 0.947187
8166.78 5834.82 0.947187
8219.76 5885 0.947187
8273.08 5935.51 0.947187
8326.76 5986.34 0.947187
8380.77 6037.51 0.947187
8435.14 6089.01 0.947187
8489.86 6140.84 0.947187
8544.94 6193.01 0.947187
8600.38 6245.51 0.947187
8656.17 6298.36 0.947187
8712.32 6351.55 0.947187
8768.84 6405.08 0.947187
8825.73 6458.97 0.947187
8882.99 6513.2 0.947187
8940.61 6567.78 0.947187
8998.61 6622.72 0.947187
9056.99 6678.01 0.947187
9115.75 6733.67 0.947187
9174.89 6789.68 0.947187
9234.41 6846.06 0.947187
9294.31 6902.8 0.947187
9354.61 6959.91 0.947187
9415.29 7017.39 0.947187
9476.38 7075.25 0.947187
9537.85 7133.48 0.947187
9599.73 7192.09 0.947187
9662 7251.07 0.947187
9724.68 7310.44 0.947187
9787.77 7370.2 0.947187
9851.27 7430.34 0.947187
9915.18 7490.88 0.947187
9979.5 7551.8 0.947187
10044.2 7613.12 0.947187
10109.4 7674.84 0.947187
10175 7736.96 0.947187
10241 7799.49 0.947187
10307.4 7862.41 0.947187
10374.3 7925.75 0.947187
10441.6 7989.5 0.947187
10509.3 8053.66 0.947187
10577.5 8118.24 0.947187
10646.1 8183.23 0.947187
10715.2 8248.65 0.947187
10784.7 8314.49 0.947187
10854.7 8380.76 0.947187
10925.1 8447.46 0.947187
10996 8514.59 0.947187
11067.3 8582.16 0.947187
11139.1 8650.17 0.947187
11211.4 8718.61 0.947187
11284.1 8787.5 0.947187
11357.3 8856.84 0.947187
11431 8926.63 0.947187
11505.1 8996.87 0.947187
11579.8 9067.57 0.947187
11654.9 9138.72 0.947187
11730.5 9210.34 0.947187
11806.6 9282.42 0.947187
11883.2 9354.97 0.947187
11960.3 9427.99 0.947187
12037.9 9501.48 0.947187
12116 9575.45 0.947187
12194.6 9649.9 0.947187
12273.7 9724.83 0.947187
12353.3 9800.25 0.947187
12433.5 9876.16 0.947187
12514.1 9952.56 0.947187
12595.3 10029.5 0.947187
12677 10106.8 0.947187
12759.2 10184.7 0.947187
12842 10263.1 0.947187
12925.3 10342.1 0.947187
13009.2 10421.5 0.947187
13093.6 10501.4 0.947187
13178.5 10581.9 0.947187
13264 10662.9 0.947187
13350.1 10744.4 0.947187
13436.7 10826.4 0.947187
13523.8 10909 0.947187
13611.6 10992.1 0.947187
13699.9 11075.7 0.947187
13788.8 11159.9 0.947187
13878.2 11244.6 0.947187
13968.2 11329.9 0.947187
14058.9 11415.7 0.947187
14150.1 11502.1 0.947187
14241.9 11589.1 0.947187
14334.2 11676.6 0.947187
14427.2 11764.6 0.947187
14520.8 11853.3 0.947187
14615 11942.5 0.947187
14709.8 12032.3 0.947187
14805.3 12122.7 0.947187
14901.3 12213.7 0.947187
14998 12305.3 0.947187
15095.3 12397.4 0.947187
15193.2 12490.2 0.947187
15291.8 12583.5 0.947187
15391 12677.5 0.947187
15490.8 12772.1 0.947187
15591.3 12867.3 0.947187
15692.5 12963.1 0.947187
15794.3 13059.5 0.947187
15896.7 13156.5 0.947187
15999.9 13254.2 0.947187
16103.7 13352.5 0.947187
16208.1 13451.5 0.947187
16313.3 13551.1 0.947187
16419.1 13651.3 0.947187
16525.6 13752.2 0.947187
16632.8 13853.8 0.947187
16740.7 13956 0.947187
16849.3 14058.8 0.947187
16958.7 14162.4 0.947187
17068.7 14266.6 0.947187
17179.4 14371.5 0.947187
17290.8 14477 0.947187
17403 14583.3 0.947187
17515.9 14690.2 0.947187
17629.6 14797.8 0.947187
17743.9 14906.2 0.947187
17859 15015.2 0.947187
17974.9 15124.9 0.947187
18091.5 15235.4 0.947187
18208.9 15346.6 0.947187
18327 15458.4 0.947187
18445.9 15571.1 0.947187
18565.5 15684.4 0.947187
18686 15798.5 0.947187
18807.2 15913.3 0.947187
18929.2 16028.9 0.947187
19052 16145.2 0.947187
19175.6 16262.3 0.947187
19300 16380.1 0.947187
19425.2 16498.7 0.947187
19551.2 16618 0.947187
19678.1 16738.2 0.947187
19805.7 16859.1 0.947187
19934.2 16980.8 0.947187
20063.5 17103.3 0.947187
20193.7 17226.6 0.947187
20324.7 17350.7 0.947187
20456.6 17475.5 0.947187
20589.3 17601.2 0.947187
20722.8 17727.8 0.947187
20857.3 17855.1 0.947187
20992.6 17983.3 0.947187
21128.8 18112.3 0.947187
21265.8 18242.1 0.947187
21403.8 18372.8 0.947187
21542.7 18504.3 0.947187
21682.4 18636.7 0.947187
21823.1 18769.9 0.947187
21964.6 18904 0.947187
22107.1 19038.9 0.947187
22250.6 19174.8 0.947187
22394.9 19311.5 0.947187
22540.2 19449.1 0.947187
22686.4 19587.6 0.947187
22833.6 19727 0.947187
22981.7 19867.3 0.947187
23130.8 20008.6 0.947187
23280.9 20150.7 0.947187
23431.9 20293.7 0.947187
23583.9 20437.7 0.947187
23736.9 20582.6 0.947187
23890.9 20728.5 0.947187
24045.9 20875.3 0.947187
24201.9 21023.1 0.947187
24358.9 21171.8 0.947187
24516.9 21321.5 0.947187
24676 21472.1 0.947187
24836 21623.7 0.947187
24997.2 21776.3 0.947187
25159.3 21929.9 0.947187
25322.5 22084.5 0.947187
25486.8 22240.1 0.947187
25652.2 22396.7 0.947187
25818.6 22554.4 0.947187
25986.1 22713 0.947187
26154.7 22872.7 0.947187
26324.3 23033.4 0.947187
26495.1 23195.2 0.947187
26667 23358 0.947187
26840 23521.8 0.947187
27014.1 23686.8 0.947187
27189.4 23852.8 0.947187
27365.7 24019.8 0.947187
27543.3 24188 0.947187
27722 24357.2 0.947187
27901.8 24527.6 0.947187
28082.8 24699 0.947187
28265 24871.6 0.947187
28448.4 25045.3 0.947187
28632.9 25220.1 0.947187
28818.7 25396 0.947187
29005.6 25573.1 0.947187
29193.8 25751.3 0.947187
29383.2 25930.7 0.947187
29573.8 26111.3 0.947187
29765.7 26293 0.947187
29958.8 26475.9 0.947187
30153.1 26660 0.947187
30348.7 26845.3 0.947187
30545.6 27031.8 0.947187
30743.8 27219.4 0.947187
30943.2 27408.4 0.947187
31143.9 27598.5 0.947187
31346 27789.9 0.947187
31549.3 27982.5 0.947187
31754 28176.3 0.947187
31960 28371.5 0.947187
32167.3 28567.9 0.947187
32376 28765.5 0.947187
32586.1 28964.5 0.947187
32797.5 29164.7 0.947187
33010.2 29366.2 0.947187
33224.4 29569.1 0.947187
33439.9 29773.2 0.947187
33656.9 29978.7 0.947187
33875.2 30185.5 0.947187
34095 30393.7 0.947187
34316.1 30603.2 0.947187
34538.8 30814 0.947187
34762.8 31026.3 0.947187
34988.3 31239.9 0.947187
35215.3 31454.9 0.947187
35443.8 31671.3 0.947187
35673.7 31889 0.947187
35905.1 32108.3 0.947187
36138.1 32328.9 0.947187
36372.5 32550.9 0.947187
36608.5 32774.4 0.947187
36846 32999.4 0.947187
37085 33225.8 0.947187
37325.6 33453.7 0.947187
37567.7 33683 0.947187
37811.4 33913.9 0.947187
38056.7 34146.2 0.947187
38303.6 34380.1 0.947187
38552.1 34615.4 0.947187
38802.2 34852.3 0.947187
39053.9 35090.8 0.947187
39307.3 35330.7 0.947187
39562.3 35572.3 0.947187
39819 35815.4 0.947187
40077.3 36060 0.947187
40337.3 36306.3 0.947187
40599 36554.2 0.947187
40862.3 36803.6 0.947187
41127.4 37054.7 0.947187
41394.2 37307.4 0.947187
41662.8 37561.8 0.947187
41933.1 37817.8 0.947187
42205.1 38075.5 0.947187
42478.9 38334.8 0.947187
42754.5 38595.8 0.947187
43031.8 38858.5 0.947187
43311 39123 0.947187
43592 39389.1 0.947187
43874.8 39657 0.947187
44159.4 39926.6 0.947187
44445.9 40197.9 0.947187
44734.2 40471 0.947187
45024.4 40745.9 0.947187
45316.5 41022.6 0.947187
45610.5 41301 0.947187
45906.4 41581.3 0.947187
46204.2 41863.4 0.947187
46503.9 42147.3 0.947187
46805.6 42433 0.947187
47109.3 42720.6 0.947187
47414.9 43010.1 0.947187
47722.5 43301.5 0.947187
48032.1 43594.7 0.947187
48343.7 43889.9 0.947187
48657.3 44186.9 0.947187
48972.9 44485.9 0.947187
49290.7 44786.8 0.947187
49610.4 45089.7 0.947187
49932.3 45394.6 0.947187
50256.2 45701.4 0.947187
50582.2 46010.2 0.947187
50910.4 46321 0.947187
51240.6 46633.8 0.947187
51573.1 46948.7 0.947187
51907.6 47265.6 0.947187
52244.4 47584.5 0.947187
52583.3 47905.6 0.947187
52924.4 48228.7 0.947187
53267.8 48553.9 0.947187
53613.3 48881.2 0.947187
53961.1 49210.7 0.947187
54311.2 49542.2 0.947187
54663.5 49876 0.947187
55018.2 50211.9 0.947187
55375.1 50549.9 0.947187
55734.3 50890.2 0.947187
56095.9 51232.7 0.947187
