5.78741e-09 5.95396e-15 4.29514e-06
5.8738e-08 3.33166e-13 8.58285e-06
5.86595e-07 1.45059e-11 3.56977e-05
4.6076e-06 3.38009e-10 8.97843e-05
5.86875e-06 4.61297e-10 0.000114002
2.3369e-05 3.31505e-09 0.000192532
7.39119e-05 1.62978e-08 0.000292274
0.000147358 4.17301e-08 0.000330144
0.000152693 4.34471e-08 0.000292479
0.000165528 4.67976e-08 0.000304172
0.000294481 1.01986e-07 0.000463041
0.000466785 1.89679e-07 0.00054542
0.000739961 3.52227e-07 0.00041641
0.000792747 3.70702e-07 0.000446592
0.000859333 4.13069e-07 0.00055442
0.000931697 4.48502e-07 0.00055104
0.00117285 6.10601e-07 0.000697128
0.00147667 8.31244e-07 0.000750516
0.0017323 1.02935e-06 0.000535855
0.00185963 1.08409e-06 0.000525282
0.00294795 2.00733e-06 0.000908255
0.00467391 3.71532e-06 0.00105104
0.00633042 5.56999e-06 0.00091467
0.0070765 6.16755e-06 0.00093479
0.00933155 8.92099e-06 0.00127133
0.0117504 1.21316e-05 0.00137956
0.0154948 1.7543e-05 0.00122736
0.0177925 2.00421e-05 0.00125466
0.0234638 2.89812e-05 0.00164107
0.0295474 3.94039e-05 0.00177172
0.0354913 5.03041e-05 0.00128079
0.0389653 5.38549e-05 0.00125817
0.0549487 8.51279e-05 0.00191362
0.0590129 9.27925e-05 0.00199187
0.0713035 0.000119369 0.00114686
0.0787306 0.000125461 0.00110854
0.10265 0.000178607 0.00176378
0.112568 0.000193736 0.00180901
0.132297 0.000240204 0.00240921
0.146764 0.000275794 0.00181491
0.15911 0.000293738 0.00177613
0.191354 0.000375514 0.00260957
0.227502 0.000472769 0.000973271
0.245257 0.000484229 0.000805937
0.256566 0.000495831 0.00103354
0.268397 0.000508152 0.00104919
0.280773 0.000521236 0.00106507
0.293719 0.00053513 0.0010812
0.307263 0.000549885 0.00109757
0.321432 0.000565555 0.00111419
0.336253 0.000582195 0.00113106
0.351758 0.000599866 0.00114818
0.367978 0.000618631 0.00116556
0.384946 0.000638559 0.00118321
0.402697 0.000659722 0.00120112
0.421266 0.000682195 0.00121931
0.440691 0.000706061 0.00123777
0.461012 0.000731406 0.00125651
0.48227 0.00075832 0.00127553
0.504508 0.000786902 0.00129484
0.527771 0.000817254 0.00131445
0.552107 0.000849487 0.00133435
0.577566 0.000883717 0.00135455
0.604198 0.000920067 0.00137506
0.632059 0.000958668 0.00139588
0.661204 0.000999662 0.00141701
0.691693 0.00104319 0.00143847
0.723588 0.00108942 0.00146024
0.756953 0.00113852 0.00148235
0.791857 0.00119065 0.00150479
0.828371 0.00124602 0.00152758
0.866568 0.00130481 0.00155071
0.906527 0.00136725 0.00157418
0.948328 0.00143355 0.00159802
0.992057 0.00150396 0.00162221
1.0378 0.00157874 0.00164677
1.08566 0.00165815 0.0016717
1.13572 0.00174247 0.00169701
1.18809 0.00183202 0.00172271
1.24287 0.00192712 0.00174879
1.30018 0.00202811 0.00177526
1.36014 0.00213535 0.00180214
1.42285 0.00224924 0.00182943
1.48846 0.00237018 0.00185712
1.5571 0.00249862 0.00188524
1.6289 0.00263501 0.00191378
1.70401 0.00277985 0.00194276
1.78258 0.00293367 0.00197217
1.86478 0.00309701 0.00200203
1.95077 0.00327047 0.00203234
2.04072 0.00345468 0.00206311
2.13482 0.0036503 0.00209435
2.23326 0.00385804 0.00212606
2.33624 0.00407865 0.00215824
2.44396 0.00431292 0.00219092
2.55666 0.00456171 0.00222409
2.67455 0.00482591 0.00225776
2.79788 0.00510648 0.00229195
2.92689 0.00540443 0.00232665
3.06185 0.00572083 0.00236187
3.20304 0.00605684 0.00239763
3.35074 0.00641366 0.00243393
3.50524 0.00679259 0.00247078
3.66688 0.00719499 0.00250819
3.83596 0.00762232 0.00254616
4.01284 0.00807613 0.00258471
4.19788 0.00855804 0.00262385
4.39145 0.00906982 0.00266357
4.59395 0.00961329 0.0027039
4.80578 0.0101904 0.00274483
5.02738 0.0108033 0.00278639
5.2592 0.0114542 0.00282858
5.50171 0.0121454 0.0028714
5.7554 0.0128794 0.00291488
6.02079 0.0136589 0.00295901
6.29841 0.0144866 0.00300381
6.58884 0.0153657 0.00304928
6.89266 0.0162992 0.00309545
7.21049 0.0172905 0.00314232
7.54298 0.0183433 0.00318989
7.8908 0.0194612 0.00323819
8.25465 0.0206484 0.00328721
8.63529 0.0219092 0.00333698
9.03347 0.0232481 0.0033875
9.45002 0.0246699 0.00343879
9.88577 0.0261798 0.00349085
10.3416 0.0277832 0.00354371
10.8185 0.029486 0.00359736
11.3173 0.0312942 0.00365182
11.8392 0.0332145 0.00370711
12.3851 0.0352537 0.00376324
12.9562 0.0374193 0.00382021
13.5536 0.039719 0.00387805
14.1786 0.0421611 0.00393677
14.8324 0.0447546 0.00399637
15.5164 0.0475087 0.00405687
16.2318 0.0504335 0.00411829
16.9803 0.0535394 0.00418065
17.7633 0.0568378 0.00424394
18.5824 0.0603405 0.0043082
19.4392 0.0640601 0.00437342
20.3356 0.0680102 0.00443964
21.2733 0.072205 0.00450685
22.2543 0.0766597 0.00457509
23.2804 0.0813904 0.00464435
24.3539 0.0864141 0.00471467
25.4769 0.091749 0.00478605
26.6517 0.0974144 0.00485851
27.8806 0.103431 0.00493207
29.1662 0.10982 0.00500674
30.5111 0.116605 0.00508254
31.9181 0.12381 0.00515949
33.3898 0.131462 0.00523761
34.9295 0.139587 0.00531691
36.5401 0.148216 0.0053974
38.225 0.15738 0.00547912
39.9877 0.167111 0.00556208
41.8315 0.177445 0.00564629
43.7605 0.188419 0.00573177
45.7783 0.200073 0.00581855
47.8892 0.212449 0.00590664
50.0974 0.225592 0.00599607
52.4075 0.239549 0.00608685
54.8241 0.254371 0.00617901
57.3521 0.27011 0.00627256
59.9967 0.286825 0.00636752
62.7632 0.304575 0.00646393
65.6573 0.323425 0.00656179
68.6849 0.343443 0.00666114
71.852 0.364701 0.00676199
75.1652 0.387275 0.00686552
75.1652 0.387275 0.00686451
75.6528 0.390768 0.00745895
76.1436 0.394575 0.00805676
76.6376 0.398703 0.00865796
77.1348 0.403158 0.00926256
77.6352 0.407945 0.00987058
78.1388 0.413071 0.010482
78.6457 0.41854 0.0110969
79.1559 0.424359 0.0117153
79.6694 0.430535 0.0123371
80.1863 0.437073 0.0129624
80.7065 0.443979 0.0135912
81.23 0.451261 0.0142235
81.757 0.458924 0.0148594
82.2874 0.466975 0.0154988
82.8212 0.47542 0.0161417
83.3585 0.484266 0.0167882
83.8993 0.493521 0.0174384
84.4436 0.50319 0.0180921
84.9914 0.513281 0.0187494
85.5428 0.523801 0.0194103
86.0977 0.534757 0.0200749
86.6563 0.546157 0.0207431
87.2184 0.558007 0.021415
87.7842 0.570315 0.0220906
88.3537 0.583089 0.0227699
88.9269 0.596336 0.0234528
89.5038 0.610064 0.0241395
90.0845 0.62428 0.0248299
90.6689 0.638994 0.0255241
91.2571 0.654213 0.026222
91.8491 0.669944 0.0269237
92.4449 0.686197 0.0276292
93.0447 0.70298 0.0283384
93.6483 0.7203 0.0290515
94.2558 0.738168 0.0297684
94.8673 0.756591 0.0304891
95.4827 0.775578 0.0312136
96.1021 0.795138 0.031942
96.7256 0.81528 0.0326743
97.3531 0.836014 0.0334104
97.9847 0.857349 0.0341505
98.6203 0.879293 0.0348944
99.2601 0.901858 0.0356423
99.904 0.925051 0.036394
100.552 0.948883 0.0371497
101.204 0.973364 0.0379093
101.861 0.998504 0.0386729
102.522 1.02431 0.0394405
103.187 1.0508 0.040212
103.856 1.07798 0.0409875
104.53 1.10586 0.041767
105.208 1.13445 0.0425505
105.891 1.16376 0.043338
106.578 1.1938 0.0441295
107.269 1.22459 0.044925
107.965 1.25613 0.0457246
108.665 1.28843 0.0465282
109.37 1.32152 0.0473359
110.08 1.35539 0.0481476
110.794 1.39007 0.0489634
111.513 1.42556 0.0497833
112.236 1.46187 0.0506072
112.964 1.49902 0.0514352
113.697 1.53702 0.0522674
114.435 1.57588 0.0531036
115.177 1.61561 0.0539439
115.924 1.65623 0.0547883
116.676 1.69776 0.0556369
117.433 1.74019 0.0564896
118.195 1.78355 0.0573464
118.962 1.82785 0.0582073
119.734 1.87311 0.0590723
120.51 1.91933 0.0599415
121.292 1.96654 0.0608149
122.079 2.01473 0.0616923
122.871 2.06394 0.0625739
123.668 2.11417 0.0634597
124.47 2.16544 0.0643496
125.278 2.21776 0.0652437
126.091 2.27115 0.0661419
126.909 2.32563 0.0670442
127.732 2.3812 0.0679507
128.561 2.43788 0.0688614
129.395 2.49569 0.0697761
130.234 2.55465 0.0706951
131.079 2.61477 0.0716182
131.929 2.67607 0.0725454
132.785 2.73855 0.0734767
133.646 2.80225 0.0744122
134.513 2.86718 0.0753518
135.386 2.93334 0.0762956
136.264 3.00077 0.0772434
137.148 3.06947 0.0781954
138.038 3.13947 0.0791515
138.934 3.21078 0.0801117
139.835 3.28342 0.081076
140.742 3.35741 0.0820443
141.655 3.43276 0.0830168
142.574 3.5095 0.0839933
143.499 3.58764 0.0849738
144.43 3.6672 0.0859584
145.367 3.74821 0.0869471
146.31 3.83067 0.0879397
147.259 3.91461 0.0889364
148.215 4.00005 0.0899371
149.176 4.08701 0.0909417
150.144 4.17551 0.0919503
151.118 4.26557 0.0929629
152.098 4.3572 0.0939794
153.085 4.45044 0.0949998
154.078 4.54529 0.0960241
155.078 4.64179 0.0970523
156.084 4.73994 0.0980843
157.096 4.83979 0.0991202
158.115 4.94133 0.10016
159.141 5.04461 0.101203
160.173 5.14963 0.102251
161.213 5.25643 0.103302
162.258 5.36502 0.104356
163.311 5.47542 0.105415
164.37 5.58767 0.106477
165.437 5.70177 0.107543
166.51 5.81777 0.108612
167.59 5.93567 0.109685
168.678 6.05551 0.110761
169.772 6.1773 0.111841
170.873 6.30108 0.112925
171.982 6.42686 0.114012
173.097 6.55467 0.115102
174.22 6.68454 0.116196
175.351 6.81648 0.117293
176.488 6.95054 0.118393
177.633 7.08672 0.119497
178.785 7.22506 0.120603
179.945 7.36559 0.121713
181.113 7.50832 0.122826
182.288 7.65329 0.123943
183.47 7.80052 0.125062
184.66 7.95005 0.126184
185.858 8.10188 0.127309
187.064 8.25606 0.128437
188.278 8.41261 0.129568
189.499 8.57156 0.130701
190.728 8.73294 0.131837
191.966 8.89677 0.132976
193.211 9.06308 0.134118
194.464 9.2319 0.135262
195.726 9.40327 0.136408
196.996 9.5772 0.137557
198.274 9.75373 0.138708
199.56 9.93289 0.139862
200.855 10.1147 0.141017
202.158 10.2992 0.142175
203.469 10.4864 0.143335
204.789 10.6764 0.144497
206.118 10.8691 0.145661
207.455 11.0647 0.146826
208.801 11.2631 0.147993
210.155 11.4643 0.149162
211.519 11.6685 0.150333
212.891 11.8756 0.151505
214.272 12.0856 0.152678
215.662 12.2987 0.153853
217.061 12.5148 0.155029
218.469 12.7339 0.156206
219.886 12.9561 0.157384
221.313 13.1815 0.158563
222.749 13.41 0.159743
224.194 13.6417 0.160923
225.648 13.8766 0.162104
227.112 14.1147 0.163286
228.585 14.3562 0.164468
230.068 14.6009 0.16565
231.561 14.8491 0.166832
233.063 15.1006 0.168014
234.575 15.3555 0.169197
236.097 15.6139 0.170379
237.628 15.8757 0.17156
239.17 16.1411 0.172741
240.722 16.4101 0.173922
242.283 16.6826 0.175102
243.855 16.9587 0.176281
245.437 17.2385 0.177458
247.029 17.522 0.178635
248.632 17.8092 0.17981
250.245 18.1002 0.180984
251.868 18.395 0.182156
253.502 18.6936 0.183327
255.147 18.996 0.184495
256.802 19.3024 0.185661
258.468 19.6126 0.186825
260.145 19.9269 0.187987
261.832 20.2451 0.189146
263.531 20.5674 0.190302
265.24 20.8937 0.191455
266.961 21.2241 0.192605
268.693 21.5587 0.193751
270.436 21.8974 0.194894
272.191 22.2403 0.196033
273.956 22.5875 0.197168
275.734 22.9389 0.198299
277.522 23.2946 0.199426
279.323 23.6547 0.200548
281.135 24.0191 0.201665
282.959 24.3879 0.202777
284.794 24.7612 0.203884
286.642 25.1389 0.204986
288.501 25.5211 0.206082
290.373 25.9078 0.207171
292.257 26.2991 0.208255
294.153 26.695 0.209332
296.061 27.0954 0.210403
297.982 27.5006 0.211466
299.915 27.9104 0.212523
301.86 28.3249 0.213572
303.819 28.7441 0.214613
305.79 29.1682 0.215646
307.773 29.597 0.216671
309.77 30.0306 0.217687
311.78 30.4691 0.218695
313.802 30.9124 0.219693
315.838 31.3607 0.220682
317.887 31.8138 0.221662
319.949 32.272 0.222631
322.025 32.7351 0.22359
324.114 33.2031 0.224538
326.217 33.6762 0.225475
328.333 34.1544 0.226401
330.463 34.6376 0.227316
332.607 35.1259 0.228218
334.764 35.6193 0.229108
336.936 36.1178 0.229985
339.122 36.6215 0.23085
341.322 37.1303 0.231701
343.536 37.6442 0.232538
345.765 38.1634 0.233361
348.008 38.6878 0.23417
350.266 39.2173 0.234964
352.538 39.7521 0.235742
354.825 40.2922 0.236505
357.127 40.8374 0.237252
359.444 41.3879 0.237983
361.776 41.9437 0.238696
364.123 42.5047 0.239393
366.485 43.071 0.240071
368.862 43.6426 0.240732
371.255 44.2194 0.241374
373.664 44.8015 0.241997
376.088 45.3889 0.242601
378.528 45.9815 0.243184
380.983 46.5793 0.243748
383.455 47.1824 0.244291
385.942 47.7908 0.244812
388.446 48.4044 0.245312
390.966 49.0232 0.245789
393.502 49.6471 0.246244
396.055 50.2763 0.246676
398.625 50.9106 0.247084
401.211 51.5501 0.247468
403.813 52.1947 0.247827
406.433 52.8443 0.248161
409.07 53.499 0.248469
411.724 54.1588 0.248751
414.395 54.8236 0.249006
417.083 55.4933 0.249234
419.789 56.1679 0.249435
422.512 56.8474 0.249606
425.253 57.5318 0.249749
428.012 58.221 0.249862
430.788 58.9149 0.249946
433.583 59.6134 0.249998
436.396 60.3167 0.25002
439.227 61.0245 0.250009
442.076 61.7368 0.249966
444.944 62.4536 0.249891
447.831 63.1747 0.249781
450.736 63.9002 0.249638
453.66 64.6299 0.24946
456.603 65.3637 0.249246
459.565 66.1017 0.248997
462.547 66.8436 0.248711
465.547 67.5894 0.248387
468.567 68.3391 0.248026
471.607 69.0924 0.247627
474.667 69.8493 0.247188
477.746 70.6098 0.24671
480.845 71.3736 0.246191
483.965 72.1407 0.245631
487.104 72.9109 0.24503
490.264 73.6842 0.244386
493.445 74.4604 0.243699
496.646 75.2393 0.242969
499.868 76.0209 0.242195
503.111 76.805 0.241375
506.375 77.5914 0.24051
509.66 78.38 0.239599
512.966 79.1706 0.238641
516.294 79.9631 0.237636
519.643 80.7572 0.236582
523.014 81.5529 0.23548
526.407 82.35 0.234328
529.822 83.1481 0.233126
533.26 83.9473 0.231874
536.719 84.7472 0.230569
540.201 85.5476 0.229213
543.705 86.3484 0.227804
547.233 87.1494 0.226342
550.783 87.9502 0.224826
554.356 88.7507 0.223255
557.952 89.5507 0.221629
561.572 90.3499 0.219947
565.215 91.148 0.218209
568.882 91.9448 0.216414
572.572 92.7401 0.214561
576.287 93.5335 0.212649
580.025 94.3248 0.210679
583.788 95.1138 0.208649
587.575 95.9 0.20656
591.387 96.6833 0.20441
595.224 97.4633 0.202199
599.085 98.2397 0.199926
602.971 99.0121 0.197591
606.883 99.7804 0.195193
610.82 100.544 0.192733
614.783 101.303 0.190208
618.771 102.056 0.18762
622.785 102.804 0.184967
626.826 103.546 0.182249
630.892 104.281 0.179466
634.985 105.01 0.176618
639.104 105.732 0.173703
643.25 106.446 0.170721
647.423 107.152 0.167673
651.623 107.849 0.164558
655.851 108.538 0.161375
660.105 109.218 0.158125
664.388 109.888 0.154807
668.698 110.548 0.151422
673.036 111.197 0.147968
677.402 111.836 0.144445
681.797 112.462 0.140854
686.22 113.077 0.137195
690.671 113.68 0.133467
695.152 114.269 0.129671
699.662 114.845 0.125806
704.201 115.408 0.121873
708.769 115.955 0.117872
713.367 116.488 0.113802
717.995 117.005 0.109665
722.653 117.506 0.10546
727.341 117.99 0.101187
732.06 118.458 0.0968473
736.809 118.907 0.0924409
741.589 119.338 0.0879682
746.4 119.75 0.0834297
751.242 120.143 0.078826
756.115 120.516 0.0741576
761.021 120.868 0.0694252
765.958 121.199 0.0646295
770.927 121.508 0.0597712
775.928 121.795 0.0548511
780.962 122.058 0.0498703
786.028 122.298 0.0448295
791.127 122.514 0.0397299
796.26 122.705 0.0345726
801.425 122.87 0.0293586
806.624 123.009 0.0240892
811.857 123.121 0.0187658
817.124 123.205 0.0133896
822.425 123.262 0.00796227
827.76 123.29 0.00248523
833.13 123.297 0
838.535 123.297 0
843.975 123.297 0
849.45 123.297 0
854.961 123.297 0
860.507 123.297 0
866.09 123.297 0
871.708 123.297 0
877.363 123.297 0
883.055 123.297 0
888.784 123.297 0
894.55 123.297 0
900.353 123.297 0
906.194 123.297 0
912.073 123.297 0
917.99 123.297 0
923.945 123.297 0
929.939 123.297 0
935.972 123.297 0
942.044 123.297 0
948.155 123.297 0
954.306 123.297 0
960.497 123.297 0
966.728 123.297 0
973 123.297 0
979.312 123.297 0
985.665 123.297 0
992.059 123.297 0
998.495 123.297 0
1004.97 123.297 0
1011.49 123.297 0
1018.05 123.297 0
1024.66 123.297 0
1031.31 123.297 0
1038 123.297 0
1044.73 123.297 0
1051.51 123.297 0
1058.33 123.297 0
1065.2 123.297 0
1072.11 123.297 0
1079.06 123.297 0
1086.06 123.297 0
1093.11 123.297 0
1100.2 123.297 0
1107.34 123.297 0
1114.52 123.297 0
1121.75 123.297 0
1129.03 123.297 0
1136.35 123.297 0
1143.72 123.297 0
1151.14 123.297 0
1158.61 123.297 0
1166.13 123.297 0
1173.69 123.297 0
1181.31 123.297 0
1188.97 123.297 0
1196.68 123.297 0
1204.45 123.297 0
1212.26 123.297 0
1220.12 123.297 0
1228.04 123.297 0
1236.01 123.297 0
1244.02 123.297 0
1252.09 123.297 0
1260.22 123.297 0
1268.39 123.297 0
1276.62 123.297 0
1284.9 123.297 0
1293.24 123.297 0
1301.63 123.297 0
1310.07 123.297 0
1318.57 123.297 0
1327.13 123.297 0
1335.74 123.297 0
1344.4 123.297 0
1353.12 123.297 0
1361.9 123.297 0
1370.74 123.297 0
1379.63 123.297 0
1388.58 123.297 0
1397.59 123.297 0
1406.65 123.297 0
1415.78 123.297 0
1424.96 123.297 0
1434.21 123.297 0
1443.51 123.297 0
1452.88 123.297 0
1462.3 123.297 0
1471.79 123.297 0
1481.34 123.297 0
1490.95 123.297 0
1500.62 123.297 0
1510.35 123.297 0
1520.15 123.297 0
1530.01 123.297 0
1539.94 123.297 0
1549.93 123.297 0
1559.98 123.297 0
1570.1 123.297 0
1580.29 123.297 0
1590.54 123.297 0
1600.86 123.297 0
1611.25 123.297 0
1621.7 123.297 0
1632.22 123.297 0
1642.81 123.35 0.0100213
1653.47 123.54 0.0256499
1664.19 123.9 0.0415608
1674.99 124.436 0.0577378
1685.85 125.153 0.0741635
1696.79 126.055 0.09082
1707.8 127.148 0.107689
1718.88 128.435 0.12475
1730.03 129.922 0.141984
1741.25 131.613 0.159371
1752.55 133.513 0.17689
1763.92 135.624 0.194518
1775.36 137.951 0.212235
1786.88 140.498 0.230019
1798.47 143.268 0.247848
1810.14 146.264 0.265699
1821.88 149.489 0.283551
1833.7 152.945 0.301382
1845.6 156.636 0.319169
1857.57 160.564 0.336891
1869.62 164.73 0.354528
1881.75 169.136 0.372057
1893.96 173.784 0.38946
1906.24 178.676 0.406715
1918.61 183.811 0.423805
1931.06 189.191 0.440711
1943.58 194.817 0.457414
1956.19 200.688 0.473899
1968.88 206.805 0.49015
1981.66 213.168 0.506151
1994.51 219.776 0.521888
2007.45 226.629 0.537349
2020.47 233.726 0.552521
2033.58 241.065 0.567393
2046.77 248.647 0.581956
2060.05 256.468 0.5962
2073.42 264.529 0.610118
2086.87 272.827 0.623703
2100.41 281.361 0.636948
2114.03 290.128 0.64985
2127.75 299.126 0.662404
2141.55 308.354 0.674607
2155.44 317.809 0.686458
2169.43 327.488 0.697955
2183.5 337.389 0.709099
2197.66 347.51 0.719889
2211.92 357.848 0.730329
2226.27 368.4 0.740418
2240.71 379.164 0.750161
2255.25 390.137 0.759561
2269.88 401.316 0.768623
2284.61 412.699 0.77735
2299.43 424.282 0.785748
2314.34 436.063 0.793822
2329.36 448.04 0.801579
2344.47 460.209 0.809025
2359.68 472.568 0.816167
2374.99 485.115 0.823011
2390.39 497.846 0.829565
2405.9 510.759 0.835837
2421.51 523.851 0.841834
2437.22 537.121 0.847564
2453.03 550.565 0.853035
2468.94 564.181 0.858254
2484.96 577.968 0.863231
2501.08 591.922 0.867971
2517.31 606.042 0.872485
2533.64 620.325 0.876779
2550.07 634.77 0.880861
2566.62 649.374 0.88474
2583.27 664.136 0.888423
2600.03 679.054 0.891918
2616.89 694.126 0.895231
2633.87 709.351 0.898372
2650.96 724.727 0.901345
2668.15 740.252 0.90416
2685.46 755.926 0.906822
2702.89 771.746 0.909338
2720.42 787.712 0.911716
2738.07 803.822 0.91396
2755.83 820.075 0.916078
2773.71 836.47 0.918075
2791.7 853.007 0.919956
2809.81 869.684 0.921729
2828.04 886.501 0.923397
2846.39 903.457 0.924967
2864.85 920.55 0.926443
2883.44 937.781 0.92783
2902.15 955.149 0.929132
2920.97 972.654 0.930355
2939.92 990.294 0.931501
2958.99 1008.07 0.932577
2978.19 1025.98 0.933584
2997.51 1044.03 0.934528
3016.96 1062.21 0.935411
3036.53 1080.53 0.936237
3056.23 1098.98 0.937009
3076.05 1117.56 0.937731
3096.01 1136.28 0.938405
3116.1 1155.14 0.939034
3136.31 1174.12 0.93962
3156.66 1193.25 0.940167
3177.14 1212.51 0.940677
3197.75 1231.9 0.941152
3218.49 1251.43 0.941594
3239.37 1271.09 0.942005
3260.39 1290.89 0.942387
3281.54 1310.83 0.942742
3302.83 1330.9 0.943072
3324.25 1351.11 0.943378
3345.82 1371.46 0.943663
3367.52 1391.94 0.943926
3389.37 1412.57 0.94417
3411.36 1433.33 0.944396
3433.49 1454.23 0.944605
3455.76 1475.28 0.944799
3478.18 1496.46 0.944978
3500.75 1517.78 0.945143
3523.46 1539.25 0.945296
3546.31 1560.86 0.945436
3569.32 1582.61 0.945566
3592.48 1604.51 0.945686
3615.78 1626.55 0.945797
3639.24 1648.74 0.945898
3662.85 1671.07 0.945992
3686.61 1693.55 0.946078
3710.53 1716.18 0.946157
3734.6 1738.95 0.94623
3758.82 1761.88 0.946296
3783.21 1784.96 0.946358
3807.75 1808.18 0.946414
3832.45 1831.56 0.946465
3857.32 1855.09 0.946512
3882.34 1878.78 0.946555
3907.53 1902.62 0.946595
3932.88 1926.62 0.946631
3958.39 1950.77 0.946664
3984.07 1975.08 0.946694
4009.92 1999.55 0.946721
4035.93 2024.18 0.946746
4062.11 2048.96 0.946769
4088.47 2073.91 0.94679
4114.99 2099.03 0.946809
4141.68 2124.3 0.946826
4168.55 2149.74 0.946841
4195.6 2175.35 0.946856
4222.81 2201.12 0.946869
4250.21 2227.06 0.94688
4277.78 2253.17 0.946891
4305.53 2279.45 0.9469
4333.46 2305.89 0.946909
4361.58 2332.51 0.946917
4389.87 2359.31 0.946924
4418.35 2386.27 0.94693
4447.01 2413.42 0.946936
4475.86 2440.74 0.946941
4504.9 2468.23 0.946946
4534.12 2495.91 0.94695
4563.54 2523.76 0.946954
4593.14 2551.79 0.946958
4622.94 2580.01 0.946961
4652.93 2608.41 0.946963
4683.12 2637 0.946966
4713.5 2665.77 0.946968
4744.08 2694.72 0.94697
4774.85 2723.87 0.946972
4805.83 2753.2 0.946974
4837.01 2782.72 0.946975
4868.39 2812.44 0.946976
4899.97 2842.35 0.946977
4931.76 2872.45 0.946978
4963.75 2902.75 0.946979
4995.95 2933.24 0.94698
5028.36 2963.93 0.946981
5060.98 2994.83 0.946981
5093.82 3025.92 0.946982
5126.86 3057.21 0.946983
5160.12 3088.71 0.946983
5193.6 3120.41 0.946983
5227.29 3152.31 0.946984
5261.2 3184.43 0.946984
5295.33 3216.75 0.946984
5329.68 3249.28 0.946985
5364.26 3282.02 0.946985
5399.06 3314.98 0.946985
5434.09 3348.15 0.946985
5469.34 3381.53 0.946985
5504.82 3415.13 0.946985
5540.53 3448.95 0.946986
5576.48 3482.99 0.946986
5612.65 3517.25 0.946986
5649.06 3551.73 0.946986
5685.71 3586.43 0.946986
5722.6 3621.36 0.946986
5759.72 3656.52 0.946986
5797.09 3691.9 0.946986
5834.69 3727.52 0.946986
5872.55 3763.36 0.946986
5910.64 3799.44 0.946986
5948.99 3835.75 0.946986
5987.58 3872.3 0.946986
6026.42 3909.08 0.946986
6065.52 3946.11 0.946986
6104.87 3983.37 0.946986
6144.47 4020.87 0.946986
6184.33 4058.62 0.946986
6224.45 4096.62 0.946986
6264.83 4134.85 0.946986
6305.48 4173.34 0.946986
6346.38 4212.08 0.946986
6387.55 4251.07 0.946986
6428.99 4290.31 0.946986
6470.7 4329.81 0.946986
6512.68 4369.56 0.946986
6554.93 4409.57 0.946986
6597.45 4449.84 0.946986
6640.25 4490.37 0.946986
6683.33 4531.16 0.946986
6726.69 4572.22 0.946986
6770.32 4613.55 0.946986
6814.25 4655.14 0.946986
6858.45 4697 0.946986
6902.95 4739.14 0.946986
6947.73 4781.54 0.946986
6992.8 4824.23 0.946986
7038.16 4867.19 0.946986
7083.82 4910.43 0.946986
7129.78 4953.94 0.946986
7176.03 4997.75 0.946986
7222.59 5041.83 0.946986
7269.44 5086.2 0.946986
7316.6 5130.86 0.946986
7364.07 5175.81 0.946986
7411.84 5221.05 0.946986
7459.92 5266.59 0.946986
7508.32 5312.42 0.946986
7557.03 5358.54 0.946986
7606.05 5404.97 0.946986
7655.39 5451.7 0.946986
7705.06 5498.73 0.946986
7755.04 5546.06 0.946986
7805.35 5593.7 0.946986
7855.99 5641.66 0.946986
7906.95 5689.92 0.946986
7958.25 5738.5 0.946986
8009.88 5787.39 0.946986
8061.84 5836.59 0.946986
8114.14 5886.12 0.946986
8166.78 5935.97 0.946986
8219.76 5986.14 0.946986
8273.08 6036.64 0.946986
8326.76 6087.47 0.946986
8380.77 6138.62 0.946986
8435.14 6190.11 0.946986
8489.86 6241.93 0.946986
8544.94 6294.08 0.946986
8600.38 6346.58 0.946986
8656.17 6399.42 0.946986
8712.32 6452.59 0.946986
8768.84 6506.12 0.946986
8825.73 6559.99 0.946986
8882.99 6614.21 0.946986
8940.61 6668.78 0.946986
8998.61 6723.71 0.946986
9056.99 6778.99 0.946986
9115.75 6834.63 0.946986
9174.89 6890.63 0.946986
9234.41 6947 0.946986
9294.31 7003.73 0.946986
9354.61 7060.83 0.946986
9415.29 7118.3 0.946986
9476.38 7176.14 0.946986
9537.85 7234.36 0.946986
9599.73 7292.95 0.946986
9662 7351.93 0.946986
9724.68 7411.29 0.946986
9787.77 7471.03 0.946986
9851.27 7531.16 0.946986
9915.18 7591.68 0.946986
9979.5 7652.59 0.946986
10044.2 7713.9 0.946986
10109.4 7775.61 0.946986
10175 7837.71 0.946986
10241 7900.22 0.946986
10307.4 7963.14 0.946986
10374.3 8026.46 0.946986
10441.6 8090.2 0.946986
10509.3 8154.34 0.946986
10577.5 8218.91 0.946986
10646.1 8283.89 0.946986
10715.2 8349.29 0.946986
10784.7 8415.12 0.946986
10854.7 8481.38 0.946986
10925.1 8548.06 0.946986
10996 8615.18 0.946986
11067.3 8682.73 0.946986
11139.1 8750.72 0.946986
11211.4 8819.16 0.946986
11284.1 8888.03 0.946986
11357.3 8957.35 0.946986
11431 9027.13 0.946986
11505.1 9097.35 0.946986
11579.8 9168.03 0.946986
11654.9 9239.17 0.946986
11730.5 9310.77 0.946986
11806.6 9382.84 0.946986
11883.2 9455.37 0.946986
11960.3 9528.38 0.946986
12037.9 9601.85 0.946986
12116 9675.81 0.946986
12194.6 9750.24 0.946986
12273.7 9825.16 0.946986
12353.3 9900.56 0.946986
12433.5 9976.45 0.946986
12514.1 10052.8 0.946986
12595.3 10129.7 0.946986
12677 10207.1 0.946986
12759.2 10285 0.946986
12842 10363.4 0.946986
12925.3 10442.3 0.946986
13009.2 10521.7 0.946986
13093.6 10601.6 0.946986
13178.5 10682 0.946986
13264 10763 0.946986
13350.1 10844.5 0.946986
13436.7 10926.5 0.946986
13523.8 11009 0.946986
13611.6 11092.1 0.946986
13699.9 11175.7 0.946986
13788.8 11259.9 0.946986
13878.2 11344.6 0.946986
13968.2 11429.9 0.946986
14058.9 11515.7 0.946986
14150.1 11602.1 0.946986
14241.9 11689 0.946986
14334.2 11776.5 0.946986
14427.2 11864.5 0.946986
14520.8 11953.2 0.946986
14615 12042.4 0.946986
14709.8 12132.2 0.946986
14805.3 12222.5 0.946986
14901.3 12313.5 0.946986
14998 12405 0.946986
15095.3 12497.2 0.946986
15193.2 12589.9 0.946986
15291.8 12683.3 0.946986
15391 12777.2 0.946986
15490.8 12871.7 0.946986
15591.3 12966.9 0.946986
15692.5 13062.7 0.946986
15794.3 13159.1 0.946986
15896.7 13256.1 0.946986
15999.9 13353.8 0.946986
16103.7 13452.1 0.946986
16208.1 13551 0.946986
16313.3 13650.6 0.946986
16419.1 13750.8 0.946986
16525.6 13851.7 0.946986
16632.8 13953.2 0.946986
16740.7 14055.4 0.946986
16849.3 14158.2 0.946986
16958.7 14261.8 0.946986
17068.7 14365.9 0.946986
17179.4 14470.8 0.946986
17290.8 14576.3 0.946986
17403 14682.6 0.946986
17515.9 14789.5 0.946986
17629.6 14897.1 0.946986
17743.9 15005.4 0.946986
17859 15114.4 0.946986
17974.9 15224.1 0.946986
18091.5 15334.5 0.946986
18208.9 15445.7 0.946986
18327 15557.6 0.946986
18445.9 15670.1 0.946986
18565.5 15783.5 0.946986
18686 15897.5 0.946986
18807.2 16012.3 0.946986
18929.2 16127.9 0.946986
19052 16244.1 0.946986
19175.6 16361.2 0.946986
19300 16479 0.946986
19425.2 16597.6 0.946986
19551.2 16716.9 0.946986
19678.1 16837 0.946986
19805.7 16957.9 0.946986
19934.2 17079.6 0.946986
20063.5 17202 0.946986
20193.7 17325.3 0.946986
20324.7 17449.4 0.946986
20456.6 17574.2 0.946986
20589.3 17699.9 0.946986
20722.8 17826.4 0.946986
20857.3 17953.7 0.946986
20992.6 18081.8 0.946986
21128.8 18210.8 0.946986
21265.8 18340.6 0.946986
21403.8 18471.2 0.946986
21542.7 18602.7 0.946986
21682.4 18735.1 0.946986
21823.1 18868.3 0.946986
21964.6 19002.4 0.946986
22107.1 19137.3 0.946986
22250.6 19273.1 0.946986
22394.9 19409.8 0.946986
22540.2 19547.4 0.946986
22686.4 19685.9 0.946986
22833.6 19825.2 0.946986
22981.7 19965.5 0.946986
23130.8 20106.7 0.946986
23280.9 20248.8 0.946986
23431.9 20391.8 0.946986
23583.9 20535.8 0.946986
23736.9 20680.7 0.946986
23890.9 20826.5 0.946986
24045.9 20973.3 0.946986
24201.9 21121 0.946986
24358.9 21269.7 0.946986
24516.9 21419.3 0.946986
24676 21569.9 0.946986
24836 21721.5 0.946986
24997.2 21874.1 0.946986
25159.3 22027.7 0.946986
25322.5 22182.2 0.946986
25486.8 22337.8 0.946986
25652.2 22494.4 0.946986
25818.6 22652 0.946986
25986.1 22810.6 0.946986
26154.7 22970.2 0.946986
26324.3 23130.9 0.946986
26495.1 23292.6 0.946986
26667 23455.4 0.946986
26840 23619.2 0.946986
27014.1 23784.1 0.946986
27189.4 23950.1 0.946986
27365.7 24117.1 0.946986
27543.3 24285.2 0.946986
27722 24454.5 0.946986
27901.8 24624.8 0.946986
28082.8 24796.2 0.946986
28265 24968.7 0.946986
28448.4 25142.3 0.946986
28632.9 25317.1 0.946986
28818.7 25493 0.946986
29005.6 25670.1 0.946986
29193.8 25848.3 0.946986
29383.2 26027.6 0.946986
29573.8 26208.1 0.946986
29765.7 26389.8 0.946986
29958.8 26572.7 0.946986
30153.1 26756.7 0.946986
30348.7 26942 0.946986
30545.6 27128.4 0.946986
30743.8 27316.1 0.946986
30943.2 27504.9 0.946986
31143.9 27695 0.946986
31346 27886.4 0.946986
31549.3 28078.9 0.946986
31754 28272.8 0.946986
31960 28467.8 0.946986
32167.3 28664.2 0.946986
32376 28861.8 0.946986
32586.1 29060.7 0.946986
32797.5 29260.9 0.946986
33010.2 29462.4 0.946986
33224.4 29665.2 0.946986
33439.9 29869.3 0.946986
33656.9 30074.7 0.946986
33875.2 30281.5 0.946986
34095 30489.6 0.946986
34316.1 30699.1 0.946986
34538.8 30909.9 0.946986
34762.8 31122.1 0.946986
34988.3 31335.6 0.946986
35215.3 31550.6 0.946986
35443.8 31766.9 0.946986
35673.7 31984.7 0.946986
35905.1 32203.8 0.946986
36138.1 32424.4 0.946986
36372.5 32646.4 0.946986
36608.5 32869.9 0.946986
36846 33094.8 0.946986
37085 33321.1 0.946986
37325.6 33549 0.946986
37567.7 33778.3 0.946986
37811.4 34009.1 0.946986
38056.7 34241.4 0.946986
38303.6 34475.2 0.946986
38552.1 34710.5 0.946986
38802.2 34947.3 0.946986
39053.9 35185.7 0.946986
39307.3 35425.6 0.946986
39562.3 35667.1 0.946986
39819 35910.2 0.946986
40077.3 36154.8 0.946986
40337.3 36401 0.946986
40599 36648.8 0.946986
40862.3 36898.2 0.946986
41127.4 37149.3 0.946986
41394.2 37401.9 0.946986
41662.8 37656.2 0.946986
41933.1 37912.2 0.946986
42205.1 38169.8 0.946986
42478.9 38429.1 0.946986
42754.5 38690 0.946986
43031.8 38952.7 0.946986
43311 39217.1 0.946986
43592 39483.1 0.946986
43874.8 39750.9 0.946986
44159.4 40020.5 0.946986
44445.9 40291.8 0.946986
44734.2 40564.8 0.946986
45024.4 40839.6 0.946986
45316.5 41116.2 0.946986
45610.5 41394.6 0.946986
45906.4 41674.9 0.946986
46204.2 41956.9 0.946986
46503.9 42240.7 0.946986
46805.6 42526.4 0.946986
47109.3 42814 0.946986
47414.9 43103.4 0.946986
47722.5 43394.7 0.946986
48032.1 43687.9 0.946986
48343.7 43982.9 0.946986
48657.3 44279.9 0.946986
48972.9 44578.9 0.946986
49290.7 44879.7 0.946986
49610.4 45182.5 0.946986
49932.3 45487.3 0.946986
50256.2 45794.1 0.946986
50582.2 46102.8 0.946986
50910.4 46413.6 0.946986
51240.6 46726.3 0.946986
51573.1 47041.1 0.946986
51907.6 47358 0.946986
52244.4 47676.8 0.946986
52583.3 47997.8 0.946986
52924.4 48320.8 0.946986
53267.8 48646 0.946986
53613.3 48973.2 0.946986
53961.1 49302.6 0.946986
54311.2 49634.1 0.946986
54663.5 49967.8 0.946986
55018.2 50303.6 0.946986
55375.1 50641.6 0.946986
55734.3 50981.8 0.946986
56095.9 51324.2 0.946986
