5.78741e-09 5.95396e-15 4.29514e-06
5.8738e-08 3.33166e-13 8.58285e-06
5.86595e-07 1.45059e-11 3.56977e-05
4.6076e-06 3.38009e-10 8.97843e-05
5.86875e-06 4.61297e-10 0.000114002
2.3369e-05 3.31505e-09 0.000192532
7.39119e-05 1.62978e-08 0.000292274
0.000147358 4.17301e-08 0.000330144
0.000152693 4.34471e-08 0.000292479
0.000165528 4.67976e-08 0.000304172
0.000294481 1.01986e-07 0.000463041
0.000466785 1.89679e-07 0.00054542
0.000739961 3.52227e-07 0.00041641
0.000792747 3.70702e-07 0.000446592
0.000859333 4.13069e-07 0.00055442
0.000931697 4.48502e-07 0.00055104
0.00117285 6.10601e-07 0.000697128
0.00147667 8.31244e-07 0.000750516
0.0017323 1.02935e-06 0.000535855
0.00185963 1.08409e-06 0.000525282
0.00294795 2.00733e-06 0.000908255
0.00467391 3.71532e-06 0.00105104
0.00633042 5.56999e-06 0.00091467
0.0070765 6.16755e-06 0.00093479
0.00933155 8.92099e-06 0.00127133
0.0117504 1.21316e-05 0.00137956
0.0154948 1.7543e-05 0.00122736
0.0177925 2.00421e-05 0.00125466
0.0234638 2.89812e-05 0.00164107
0.0295474 3.94039e-05 0.00177172
0.0354913 5.03041e-05 0.00128079
0.0389653 5.38549e-05 0.00125817
0.0549487 8.51279e-05 0.00191362
0.0590129 9.27925e-05 0.00199187
0.0713035 0.000119369 0.00114686
0.0787306 0.000125461 0.00110854
0.10265 0.000178607 0.00176378
0.112568 0.000193736 0.00180901
0.132297 0.000240204 0.00240921
0.146764 0.000275794 0.00181491
0.15911 0.000293738 0.00177613
0.191354 0.000375514 0.00260957
0.227502 0.000472769 0.000973271
0.245257 0.000484229 0.000805937
0.256566 0.000495831 0.00103354
0.268397 0.000508152 0.00104919
0.280773 0.000521236 0.00106507
0.293719 0.00053513 0.0010812
0.307263 0.000549885 0.00109757
0.321432 0.000565555 0.00111419
0.336253 0.000582195 0.00113106
0.351758 0.000599866 0.00114818
0.367978 0.000618631 0.00116556
0.384946 0.000638559 0.00118321
0.402697 0.000659722 0.00120112
0.421266 0.000682195 0.00121931
0.440691 0.000706061 0.00123777
0.461012 0.000731406 0.00125651
0.48227 0.00075832 0.00127553
0.504508 0.000786902 0.00129484
0.527771 0.000817254 0.00131445
0.552107 0.000849487 0.00133435
0.577566 0.000883717 0.00135455
0.604198 0.000920067 0.00137506
0.632059 0.000958668 0.00139588
0.661204 0.000999662 0.00141701
0.691693 0.00104319 0.00143847
0.723588 0.00108942 0.00146024
0.756953 0.00113852 0.00148235
0.791857 0.00119065 0.00150479
0.828371 0.00124602 0.00152758
0.866568 0.00130481 0.00155071
0.906527 0.00136725 0.00157418
0.948328 0.00143355 0.00159802
0.992057 0.00150396 0.00162221
1.0378 0.00157874 0.00164677
1.08566 0.00165815 0.0016717
1.13572 0.00174247 0.00169701
1.18809 0.00183202 0.00172271
1.24287 0.00192712 0.00174879
1.30018 0.00202811 0.00177526
1.36014 0.00213535 0.00180214
1.42285 0.00224924 0.00182943
1.48846 0.00237018 0.00185712
1.5571 0.00249862 0.00188524
1.6289 0.00263501 0.00191378
1.70401 0.00277985 0.00194276
1.78258 0.00293367 0.00197217
1.86478 0.00309701 0.00200203
1.95077 0.00327047 0.00203234
2.04072 0.00345468 0.00206311
2.13482 0.0036503 0.00209435
2.23326 0.00385804 0.00212606
2.33624 0.00407865 0.00215824
2.44396 0.00431292 0.00219092
2.55666 0.00456171 0.00222409
2.67455 0.00482591 0.00225776
2.79788 0.00510648 0.00229195
2.92689 0.00540443 0.00232665
3.06185 0.00572083 0.00236187
3.20304 0.00605684 0.00239763
3.35074 0.00641366 0.00243393
3.50524 0.00679259 0.00247078
3.66688 0.00719499 0.00250819
3.83596 0.00762232 0.00254616
4.01284 0.00807613 0.00258471
4.19788 0.00855804 0.00262385
4.39145 0.00906982 0.00266357
4.59395 0.00961329 0.0027039
4.80578 0.0101904 0.00274483
5.02738 0.0108033 0.00278639
5.2592 0.0114542 0.00282858
5.50171 0.0121454 0.0028714
5.7554 0.0128794 0.00291488
6.02079 0.0136589 0.00295901
6.29841 0.0144866 0.00300381
6.58884 0.0153657 0.00304928
6.89266 0.0162992 0.00309545
7.21049 0.0172905 0.00314232
7.54298 0.0183433 0.00318989
7.8908 0.0194612 0.00323819
8.25465 0.0206484 0.00328721
8.63529 0.0219092 0.00333698
9.03347 0.0232481 0.0033875
9.45002 0.0246699 0.00343879
9.88577 0.0261798 0.00349085
10.3416 0.0277832 0.00354371
10.8185 0.029486 0.00359736
11.3173 0.0312942 0.00365182
11.8392 0.0332145 0.00370711
12.3851 0.0352537 0.00376324
12.9562 0.0374193 0.00382021
13.5536 0.039719 0.00387805
14.1786 0.0421611 0.00393677
14.8324 0.0447546 0.00399637
15.5164 0.0475087 0.00405687
16.2318 0.0504335 0.00411829
16.9803 0.0535394 0.00418065
17.7633 0.0568378 0.00424394
18.5824 0.0603405 0.0043082
19.4392 0.0640601 0.00437342
20.3356 0.0680102 0.00443964
21.2733 0.072205 0.00450685
22.2543 0.0766597 0.00457509
23.2804 0.0813904 0.00464435
24.3539 0.0864141 0.00471467
25.4769 0.091749 0.00478605
26.6517 0.0974144 0.00485851
27.8806 0.103431 0.00493207
29.1662 0.10982 0.00500674
30.5111 0.116605 0.00508254
31.9181 0.12381 0.00515949
33.3898 0.131462 0.00523761
34.9295 0.139587 0.00531691
36.5401 0.148216 0.0053974
38.225 0.15738 0.00547912
39.9877 0.167111 0.00556208
41.8315 0.177445 0.00564629
43.7605 0.188419 0.00573177
45.7783 0.200073 0.00581855
47.8892 0.212449 0.00590664
50.0974 0.225592 0.00599607
52.4075 0.239549 0.00608685
54.8241 0.254371 0.00617901
57.3521 0.27011 0.00627256
59.9967 0.286825 0.00636752
62.7632 0.304575 0.00646393
65.6573 0.323425 0.00656179
68.6849 0.343443 0.00666114
71.852 0.364701 0.00676199
75.1652 0.387275 0.00686552
75.1652 0.387275 0.00686451
75.6528 0.390769 0.0074636
76.1436 0.39458 0.00806607
76.6376 0.398714 0.00867194
77.1348 0.403177 0.00928123
77.6352 0.407974 0.00989395
78.1388 0.413112 0.0105101
78.6457 0.418597 0.0111297
79.1559 0.424435 0.0117528
79.6694 0.430631 0.0123794
80.1863 0.437192 0.0130094
80.7065 0.444124 0.013643
81.23 0.451434 0.0142801
81.757 0.459128 0.0149208
82.2874 0.467212 0.015565
82.8212 0.475694 0.0162127
83.3585 0.48458 0.0168641
83.8993 0.493877 0.017519
84.4436 0.503592 0.0181776
84.9914 0.513731 0.0188398
85.5428 0.524302 0.0195056
86.0977 0.535312 0.020175
86.6563 0.546769 0.0208482
87.2184 0.55868 0.021525
87.7842 0.571051 0.0222054
88.3537 0.583892 0.0228896
88.9269 0.597209 0.0235775
89.5038 0.61101 0.0242692
90.0845 0.625304 0.0249645
90.6689 0.640098 0.0256637
91.2571 0.6554 0.0263665
91.8491 0.671218 0.0270732
92.4449 0.687562 0.0277837
93.0447 0.704438 0.0284979
93.6483 0.721857 0.029216
94.2558 0.739826 0.0299379
94.8673 0.758354 0.0306636
95.4827 0.77745 0.0313932
96.1021 0.797123 0.0321267
96.7256 0.817382 0.032864
97.3531 0.838237 0.0336052
97.9847 0.859696 0.0343503
98.6203 0.881769 0.0350993
99.2601 0.904466 0.0358522
99.904 0.927796 0.036609
100.552 0.951769 0.0373698
101.204 0.976396 0.0381346
101.861 1.00169 0.0389033
102.522 1.02765 0.0396759
103.187 1.05429 0.0404526
103.856 1.08164 0.0412332
104.53 1.10968 0.0420178
105.208 1.13844 0.0428064
105.891 1.16793 0.0435991
106.578 1.19815 0.0443957
107.269 1.22912 0.0451964
107.965 1.26086 0.0460011
108.665 1.29336 0.0468099
109.37 1.32664 0.0476228
110.08 1.36072 0.0484397
110.794 1.39561 0.0492606
111.513 1.43131 0.0500857
112.236 1.46784 0.0509148
112.964 1.50522 0.051748
113.697 1.54345 0.0525853
114.435 1.58255 0.0534267
115.177 1.62252 0.0542723
115.924 1.66339 0.0551219
116.676 1.70517 0.0559757
117.433 1.74786 0.0568335
118.195 1.79149 0.0576955
118.962 1.83606 0.0585617
119.734 1.88159 0.0594319
120.51 1.92809 0.0603063
121.292 1.97558 0.0611849
122.079 2.02408 0.0620675
122.871 2.07358 0.0629544
123.668 2.12412 0.0638453
124.47 2.1757 0.0647405
125.278 2.22834 0.0656397
126.091 2.28205 0.0665431
126.909 2.33686 0.0674507
127.732 2.39276 0.0683624
128.561 2.44979 0.0692783
129.395 2.50795 0.0701983
130.234 2.56727 0.0711224
131.079 2.62775 0.0720507
131.929 2.68942 0.0729831
132.785 2.75228 0.0739197
133.646 2.81636 0.0748604
134.513 2.88168 0.0758052
135.386 2.94824 0.0767541
136.264 3.01607 0.0777072
137.148 3.08519 0.0786643
138.038 3.15561 0.0796256
138.934 3.22734 0.080591
139.835 3.30042 0.0815604
140.742 3.37485 0.082534
141.655 3.45065 0.0835116
142.574 3.52785 0.0844932
143.499 3.60645 0.085479
144.43 3.68649 0.0864687
145.367 3.76797 0.0874625
146.31 3.85092 0.0884603
147.259 3.93536 0.0894621
148.215 4.02131 0.0904679
149.176 4.10878 0.0914777
150.144 4.1978 0.0924914
151.118 4.28838 0.0935091
152.098 4.38056 0.0945307
153.085 4.47434 0.0955562
154.078 4.56975 0.0965856
155.078 4.66681 0.0976189
156.084 4.76554 0.0986561
157.096 4.86596 0.099697
158.115 4.9681 0.100742
159.141 5.07197 0.10179
160.173 5.1776 0.102843
161.213 5.28502 0.103899
162.258 5.39423 0.104958
163.311 5.50527 0.106022
164.37 5.61817 0.107089
165.437 5.73293 0.10816
166.51 5.84959 0.109234
167.59 5.96817 0.110312
168.678 6.08869 0.111393
169.772 6.21117 0.112478
170.873 6.33565 0.113567
171.982 6.46215 0.114659
173.097 6.59069 0.115754
174.22 6.72129 0.116853
175.351 6.85398 0.117954
176.488 6.98879 0.11906
177.633 7.12574 0.120168
178.785 7.26486 0.12128
179.945 7.40617 0.122395
181.113 7.5497 0.123513
182.288 7.69548 0.124633
183.47 7.84353 0.125757
184.66 7.99389 0.126884
185.858 8.14656 0.128014
187.064 8.3016 0.129147
188.278 8.45901 0.130283
189.499 8.61884 0.131421
190.728 8.7811 0.132562
191.966 8.94583 0.133706
193.211 9.11306 0.134852
194.464 9.2828 0.136001
195.726 9.4551 0.137152
196.996 9.62998 0.138305
198.274 9.80747 0.139461
199.56 9.9876 0.140619
200.855 10.1704 0.14178
202.158 10.3559 0.142942
203.469 10.5441 0.144107
204.789 10.7351 0.145273
206.118 10.9289 0.146441
207.455 11.1255 0.147612
208.801 11.3249 0.148784
210.155 11.5273 0.149957
211.519 11.7325 0.151132
212.891 11.9407 0.152309
214.272 12.1519 0.153487
215.662 12.366 0.154666
217.061 12.5833 0.155846
218.469 12.8035 0.157028
219.886 13.0269 0.15821
221.313 13.2535 0.159394
222.749 13.4832 0.160578
224.194 13.7161 0.161763
225.648 13.9522 0.162948
227.112 14.1916 0.164134
228.585 14.4343 0.165321
230.068 14.6803 0.166507
231.561 14.9297 0.167694
233.063 15.1825 0.168881
234.575 15.4388 0.170067
236.097 15.6985 0.171253
237.628 15.9617 0.172439
239.17 16.2284 0.173625
240.722 16.4988 0.17481
242.283 16.7727 0.175994
243.855 17.0502 0.177177
245.437 17.3314 0.178359
247.029 17.6164 0.17954
248.632 17.905 0.18072
250.245 18.1975 0.181898
251.868 18.4937 0.183074
253.502 18.7938 0.184249
255.147 19.0978 0.185421
256.802 19.4057 0.186592
258.468 19.7175 0.18776
260.145 20.0333 0.188925
261.832 20.3531 0.190089
263.531 20.677 0.191249
265.24 21.005 0.192406
266.961 21.337 0.19356
268.693 21.6733 0.19471
270.436 22.0137 0.195857
272.191 22.3583 0.197001
273.956 22.7071 0.19814
275.734 23.0603 0.199275
277.522 23.4178 0.200406
279.323 23.7796 0.201532
281.135 24.1458 0.202653
282.959 24.5164 0.203769
284.794 24.8915 0.20488
286.642 25.271 0.205985
288.501 25.6551 0.207085
290.373 26.0437 0.208179
292.257 26.4369 0.209266
294.153 26.8347 0.210348
296.061 27.2371 0.211422
297.982 27.6442 0.212489
299.915 28.056 0.21355
301.86 28.4725 0.214602
303.819 28.8938 0.215647
305.79 29.3198 0.216684
307.773 29.7507 0.217713
309.77 30.1864 0.218733
311.78 30.627 0.219744
313.802 31.0725 0.220746
315.838 31.5229 0.221739
317.887 31.9782 0.222722
319.949 32.4385 0.223695
322.025 32.9038 0.224657
324.114 33.3741 0.225609
326.217 33.8495 0.22655
328.333 34.3299 0.227479
330.463 34.8154 0.228397
332.607 35.306 0.229302
334.764 35.8018 0.230195
336.936 36.3027 0.231076
339.122 36.8087 0.231944
341.322 37.3199 0.232798
343.536 37.8363 0.233638
345.765 38.3579 0.234464
348.008 38.8848 0.235276
350.266 39.4169 0.236072
352.538 39.9542 0.236853
354.825 40.4967 0.237619
357.127 41.0446 0.238368
359.444 41.5977 0.239101
361.776 42.156 0.239817
364.123 42.7197 0.240516
366.485 43.2887 0.241197
368.862 43.8629 0.241859
371.255 44.4424 0.242503
373.664 45.0272 0.243128
376.088 45.6173 0.243733
378.528 46.2127 0.244318
380.983 46.8134 0.244883
383.455 47.4193 0.245427
385.942 48.0305 0.245949
388.446 48.6469 0.24645
390.966 49.2685 0.246928
393.502 49.8954 0.247383
396.055 50.5275 0.247815
398.625 51.1647 0.248223
401.211 51.8071 0.248607
403.813 52.4547 0.248965
406.433 53.1073 0.249298
409.07 53.765 0.249606
411.724 54.4278 0.249886
414.395 55.0956 0.25014
417.083 55.7683 0.250366
419.789 56.446 0.250564
422.512 57.1286 0.250733
425.253 57.8161 0.250873
428.012 58.5083 0.250982
430.788 59.2053 0.251062
433.583 59.907 0.25111
436.396 60.6134 0.251127
439.227 61.3243 0.251111
442.076 62.0398 0.251063
444.944 62.7597 0.250981
447.831 63.484 0.250865
450.736 64.2126 0.250714
453.66 64.9454 0.250528
456.603 65.6824 0.250306
459.565 66.4235 0.250048
462.547 67.1685 0.249752
465.547 67.9174 0.249418
468.567 68.6702 0.249046
471.607 69.4266 0.248634
474.667 70.1866 0.248183
477.746 70.9501 0.247691
480.845 71.7169 0.247158
483.965 72.487 0.246583
487.104 73.2602 0.245965
490.264 74.0364 0.245304
493.445 74.8155 0.244599
496.646 75.5973 0.243849
499.868 76.3817 0.243054
503.111 77.1685 0.242213
506.375 77.9576 0.241325
509.66 78.7488 0.24039
512.966 79.542 0.239407
516.294 80.337 0.238374
519.643 81.1336 0.237292
523.014 81.9316 0.23616
526.407 82.7309 0.234977
529.822 83.5312 0.233742
533.26 84.3324 0.232454
536.719 85.1343 0.231114
540.201 85.9365 0.229719
543.705 86.739 0.22827
547.233 87.5415 0.226766
550.783 88.3438 0.225205
554.356 89.1456 0.223588
557.952 89.9467 0.221913
561.572 90.7468 0.22018
565.215 91.5457 0.218389
568.882 92.3431 0.216538
572.572 93.1387 0.214626
576.287 93.9322 0.212654
580.025 94.7235 0.21062
583.788 95.512 0.208524
587.575 96.2977 0.206364
591.387 97.0801 0.204141
595.224 97.8589 0.201854
599.085 98.6338 0.199502
602.971 99.4044 0.197085
606.883 100.171 0.194601
610.82 100.932 0.19205
614.783 101.687 0.189432
618.771 102.438 0.186746
622.785 103.182 0.183991
626.826 103.919 0.181167
630.892 104.65 0.178273
634.985 105.374 0.175309
639.104 106.09 0.172275
643.25 106.798 0.169169
647.423 107.497 0.165991
651.623 108.187 0.162741
655.851 108.868 0.159418
660.105 109.539 0.156022
664.388 110.2 0.152552
668.698 110.85 0.149009
673.036 111.488 0.145391
677.402 112.115 0.141699
681.797 112.73 0.137932
686.22 113.331 0.134089
690.671 113.919 0.130171
695.152 114.494 0.126177
699.662 115.053 0.122108
704.201 115.598 0.117962
708.769 116.128 0.113741
713.367 116.641 0.109443
717.995 117.137 0.105068
722.653 117.616 0.100618
727.341 118.077 0.0960911
732.06 118.52 0.091488
736.809 118.943 0.0868089
741.589 119.347 0.0820538
746.4 119.73 0.077223
751.242 120.092 0.0723167
756.115 120.432 0.0673352
761.021 120.75 0.0622788
765.958 121.045 0.057148
770.927 121.316 0.0519432
775.928 121.562 0.046665
780.962 121.784 0.0413138
786.028 121.979 0.0358903
791.127 122.148 0.0303953
796.26 122.29 0.0248294
801.425 122.404 0.0191935
806.624 122.489 0.0134884
811.857 122.544 0.00771522
817.124 122.57 0.00187487
822.425 122.575 0
827.76 122.575 0
833.13 122.575 0
838.535 122.575 0
843.975 122.575 0
849.45 122.575 0
854.961 122.575 0
860.507 122.575 0
866.09 122.575 0
871.708 122.575 0
877.363 122.575 0
883.055 122.575 0
888.784 122.575 0
894.55 122.575 0
900.353 122.575 0
906.194 122.575 0
912.073 122.575 0
917.99 122.575 0
923.945 122.575 0
929.939 122.575 0
935.972 122.575 0
942.044 122.575 0
948.155 122.575 0
954.306 122.575 0
960.497 122.575 0
966.728 122.575 0
973 122.575 0
979.312 122.575 0
985.665 122.575 0
992.059 122.575 0
998.495 122.575 0
1004.97 122.575 0
1011.49 122.575 0
1018.05 122.575 0
1024.66 122.575 0
1031.31 122.575 0
1038 122.575 0
1044.73 122.575 0
1051.51 122.575 0
1058.33 122.575 0
1065.2 122.575 0
1072.11 122.575 0
1079.06 122.575 0
1086.06 122.575 0
1093.11 122.575 0
1100.2 122.575 0
1107.34 122.575 0
1114.52 122.575 0
1121.75 122.575 0
1129.03 122.575 0
1136.35 122.575 0
1143.72 122.575 0
1151.14 122.575 0
1158.61 122.575 0
1166.13 122.575 0
1173.69 122.575 0
1181.31 122.575 0
1188.97 122.575 0
1196.68 122.575 0
1204.45 122.575 0
1212.26 122.575 0
1220.12 122.575 0
1228.04 122.575 0
1236.01 122.575 0
1244.02 122.575 0
1252.09 122.575 0
1260.22 122.575 0
1268.39 122.575 0
1276.62 122.575 0
1284.9 122.575 0
1293.24 122.575 0
1301.63 122.575 0
1310.07 122.575 0
1318.57 122.575 0
1327.13 122.575 0
1335.74 122.575 0
1344.4 122.575 0
1353.12 122.575 0
1361.9 122.575 0
1370.74 122.575 0
1379.63 122.575 0
1388.58 122.575 0
1397.59 122.575 0
1406.65 122.575 0
1415.78 122.575 0
1424.96 122.575 0
1434.21 122.575 0
1443.51 122.575 0
1452.88 122.575 0
1462.3 122.575 0
1471.79 122.575 0
1481.34 122.575 0
1490.95 122.575 0
1500.62 122.575 0
1510.35 122.575 0
1520.15 122.575 0
1530.01 122.575 0
1539.94 122.575 0
1549.93 122.575 0
1559.98 122.575 0
1570.1 122.575 0
1580.29 122.575 0
1590.54 122.575 0
1600.86 122.575 0
1611.25 122.575 0
1621.7 122.575 0
1632.22 122.575 0
1642.81 122.575 0
1653.47 122.575 0
1664.19 122.575 0
1674.99 122.575 0
1685.85 122.575 0
1696.79 122.575 0
1707.8 122.591 0.00295749
1718.88 122.732 0.0225211
1730.03 123.094 0.0423694
1741.25 123.682 0.0624748
1752.55 124.503 0.082809
1763.92 125.561 0.103342
1775.36 126.862 0.124045
1786.88 128.411 0.144885
1798.47 130.212 0.165832
1810.14 132.269 0.186854
1821.88 134.587 0.207919
1833.7 137.169 0.228993
1845.6 140.018 0.250047
1857.57 143.138 0.271047
1869.62 146.53 0.291961
1881.75 150.197 0.31276
1893.96 154.141 0.333413
1906.24 158.364 0.35389
1918.61 162.865 0.374163
1931.06 167.647 0.394204
1943.58 172.71 0.413987
1956.19 178.052 0.433489
1968.88 183.675 0.452684
1981.66 189.578 0.471551
1994.51 195.759 0.49007
2007.45 202.218 0.508222
2020.47 208.952 0.52599
2033.58 215.96 0.543359
2046.77 223.24 0.560315
2060.05 230.79 0.576845
2073.42 238.607 0.592941
2086.87 246.688 0.608593
2100.41 255.03 0.623795
2114.03 263.63 0.63854
2127.75 272.485 0.652826
2141.55 281.592 0.666651
2155.44 290.947 0.680012
2169.43 300.545 0.692912
2183.5 310.385 0.705352
2197.66 320.461 0.717336
2211.92 330.77 0.728866
2226.27 341.309 0.739949
2240.71 352.072 0.750591
2255.25 363.057 0.760799
2269.88 374.26 0.770581
2284.61 385.676 0.779945
2299.43 397.302 0.7889
2314.34 409.134 0.797457
2329.36 421.168 0.805625
2344.47 433.401 0.813415
2359.68 445.829 0.820838
2374.99 458.449 0.827905
2390.39 471.257 0.834628
2405.9 484.249 0.841017
2421.51 497.423 0.847084
2437.22 510.775 0.852841
2453.03 524.303 0.858299
2468.94 538.002 0.863469
2484.96 551.872 0.868364
2501.08 565.908 0.872994
2517.31 580.108 0.87737
2533.64 594.47 0.881504
2550.07 608.991 0.885405
2566.62 623.669 0.889085
2583.27 638.501 0.892552
2600.03 653.486 0.895818
2616.89 668.622 0.898892
2633.87 683.907 0.901783
2650.96 699.339 0.9045
2668.15 714.916 0.907053
2685.46 730.637 0.909448
2702.89 746.501 0.911695
2720.42 762.506 0.913802
2738.07 778.65 0.915775
2755.83 794.933 0.917623
2773.71 811.354 0.919351
2791.7 827.911 0.920967
2809.81 844.605 0.922478
2828.04 861.433 0.923888
2846.39 878.395 0.925204
2864.85 895.491 0.926432
2883.44 912.719 0.927576
2902.15 930.08 0.928641
2920.97 947.573 0.929634
2939.92 965.198 0.930557
2958.99 982.954 0.931415
2978.19 1000.84 0.932212
2997.51 1018.86 0.932953
3016.96 1037.01 0.93364
3036.53 1055.29 0.934278
3056.23 1073.7 0.934869
3076.05 1092.24 0.935416
3096.01 1110.91 0.935923
3116.1 1129.71 0.936392
3136.31 1148.65 0.936825
3156.66 1167.71 0.937226
3177.14 1186.91 0.937596
3197.75 1206.24 0.937938
3218.49 1225.7 0.938253
3239.37 1245.29 0.938543
3260.39 1265.02 0.93881
3281.54 1284.88 0.939057
3302.83 1304.87 0.939283
3324.25 1325 0.939492
3345.82 1345.26 0.939683
3367.52 1365.66 0.939859
3389.37 1386.19 0.94002
3411.36 1406.86 0.940168
3433.49 1427.67 0.940304
3455.76 1448.62 0.940428
3478.18 1469.7 0.940542
3500.75 1490.93 0.940646
3523.46 1512.29 0.940741
3546.31 1533.79 0.940828
3569.32 1555.44 0.940908
3592.48 1577.23 0.94098
3615.78 1599.16 0.941046
3639.24 1621.23 0.941107
3662.85 1643.45 0.941161
3686.61 1665.82 0.941211
3710.53 1688.33 0.941257
3734.6 1710.99 0.941298
3758.82 1733.79 0.941335
3783.21 1756.75 0.941369
3807.75 1779.85 0.9414
3832.45 1803.11 0.941428
3857.32 1826.51 0.941454
3882.34 1850.07 0.941477
3907.53 1873.78 0.941497
3932.88 1897.65 0.941516
3958.39 1921.67 0.941533
3984.07 1945.85 0.941548
4009.92 1970.19 0.941562
4035.93 1994.68 0.941575
4062.11 2019.33 0.941586
4088.47 2044.15 0.941596
4114.99 2069.12 0.941605
4141.68 2094.26 0.941613
4168.55 2119.56 0.94162
4195.6 2145.02 0.941627
4222.81 2170.65 0.941633
4250.21 2196.45 0.941638
4277.78 2222.41 0.941643
4305.53 2248.54 0.941647
4333.46 2274.85 0.941651
4361.58 2301.32 0.941654
4389.87 2327.96 0.941657
4418.35 2354.78 0.94166
4447.01 2381.77 0.941662
4475.86 2408.94 0.941664
4504.9 2436.28 0.941666
4534.12 2463.8 0.941668
4563.54 2491.5 0.94167
4593.14 2519.38 0.941671
4622.94 2547.44 0.941672
4652.93 2575.68 0.941673
4683.12 2604.1 0.941674
4713.5 2632.71 0.941675
4744.08 2661.51 0.941676
4774.85 2690.49 0.941676
4805.83 2719.66 0.941677
4837.01 2749.02 0.941677
4868.39 2778.56 0.941678
4899.97 2808.31 0.941678
4931.76 2838.24 0.941678
4963.75 2868.37 0.941679
4995.95 2898.69 0.941679
5028.36 2929.21 0.941679
5060.98 2959.93 0.941679
5093.82 2990.85 0.94168
5126.86 3021.97 0.94168
5160.12 3053.29 0.94168
5193.6 3084.81 0.94168
5227.29 3116.54 0.94168
5261.2 3148.47 0.94168
5295.33 3180.61 0.94168
5329.68 3212.96 0.94168
5364.26 3245.52 0.94168
5399.06 3278.29 0.94168
5434.09 3311.27 0.941681
5469.34 3344.47 0.941681
5504.82 3377.88 0.941681
5540.53 3411.51 0.941681
5576.48 3445.36 0.941681
5612.65 3479.42 0.941681
5649.06 3513.71 0.941681
5685.71 3548.22 0.941681
5722.6 3582.96 0.941681
5759.72 3617.92 0.941681
5797.09 3653.1 0.941681
5834.69 3688.52 0.941681
5872.55 3724.16 0.941681
5910.64 3760.04 0.941681
5948.99 3796.14 0.941681
5987.58 3832.49 0.941681
6026.42 3869.07 0.941681
6065.52 3905.88 0.941681
6104.87 3942.94 0.941681
6144.47 3980.23 0.941681
6184.33 4017.77 0.941681
6224.45 4055.55 0.941681
6264.83 4093.57 0.941681
6305.48 4131.84 0.941681
6346.38 4170.36 0.941681
6387.55 4209.13 0.941681
6428.99 4248.16 0.941681
6470.7 4287.43 0.941681
6512.68 4326.96 0.941681
6554.93 4366.75 0.941681
6597.45 4406.79 0.941681
6640.25 4447.1 0.941681
6683.33 4487.66 0.941681
6726.69 4528.49 0.941681
6770.32 4569.58 0.941681
6814.25 4610.94 0.941681
6858.45 4652.57 0.941681
6902.95 4694.47 0.941681
6947.73 4736.64 0.941681
6992.8 4779.08 0.941681
7038.16 4821.8 0.941681
7083.82 4864.8 0.941681
7129.78 4908.07 0.941681
7176.03 4951.63 0.941681
7222.59 4995.47 0.941681
7269.44 5039.59 0.941681
7316.6 5084 0.941681
7364.07 5128.7 0.941681
7411.84 5173.68 0.941681
7459.92 5218.96 0.941681
7508.32 5264.54 0.941681
7557.03 5310.41 0.941681
7606.05 5356.57 0.941681
7655.39 5403.04 0.941681
7705.06 5449.8 0.941681
7755.04 5496.87 0.941681
7805.35 5544.25 0.941681
7855.99 5591.93 0.941681
7906.95 5639.92 0.941681
7958.25 5688.23 0.941681
8009.88 5736.85 0.941681
8061.84 5785.78 0.941681
8114.14 5835.03 0.941681
8166.78 5884.6 0.941681
8219.76 5934.49 0.941681
8273.08 5984.7 0.941681
8326.76 6035.24 0.941681
8380.77 6086.11 0.941681
8435.14 6137.31 0.941681
8489.86 6188.84 0.941681
8544.94 6240.71 0.941681
8600.38 6292.91 0.941681
8656.17 6345.45 0.941681
8712.32 6398.33 0.941681
8768.84 6451.55 0.941681
8825.73 6505.12 0.941681
8882.99 6559.04 0.941681
8940.61 6613.3 0.941681
8998.61 6667.92 0.941681
9056.99 6722.89 0.941681
9115.75 6778.22 0.941681
9174.89 6833.91 0.941681
9234.41 6889.96 0.941681
9294.31 6946.37 0.941681
9354.61 7003.15 0.941681
9415.29 7060.3 0.941681
9476.38 7117.82 0.941681
9537.85 7175.71 0.941681
9599.73 7233.98 0.941681
9662 7292.62 0.941681
9724.68 7351.65 0.941681
9787.77 7411.06 0.941681
9851.27 7470.85 0.941681
9915.18 7531.03 0.941681
9979.5 7591.6 0.941681
10044.2 7652.57 0.941681
10109.4 7713.93 0.941681
10175 7775.69 0.941681
10241 7837.85 0.941681
10307.4 7900.41 0.941681
10374.3 7963.38 0.941681
10441.6 8026.75 0.941681
10509.3 8090.54 0.941681
10577.5 8154.74 0.941681
10646.1 8219.36 0.941681
10715.2 8284.4 0.941681
10784.7 8349.86 0.941681
10854.7 8415.74 0.941681
10925.1 8482.05 0.941681
10996 8548.79 0.941681
11067.3 8615.97 0.941681
11139.1 8683.58 0.941681
11211.4 8751.63 0.941681
11284.1 8820.12 0.941681
11357.3 8889.05 0.941681
11431 8958.44 0.941681
11505.1 9028.27 0.941681
11579.8 9098.55 0.941681
11654.9 9169.29 0.941681
11730.5 9240.49 0.941681
11806.6 9312.16 0.941681
11883.2 9384.28 0.941681
11960.3 9456.88 0.941681
12037.9 9529.94 0.941681
12116 9603.48 0.941681
12194.6 9677.5 0.941681
12273.7 9752 0.941681
12353.3 9826.98 0.941681
12433.5 9902.44 0.941681
12514.1 9978.4 0.941681
12595.3 10054.8 0.941681
12677 10131.8 0.941681
12759.2 10209.2 0.941681
12842 10287.2 0.941681
12925.3 10365.6 0.941681
13009.2 10444.6 0.941681
13093.6 10524.1 0.941681
13178.5 10604.1 0.941681
13264 10684.6 0.941681
13350.1 10765.6 0.941681
13436.7 10847.2 0.941681
13523.8 10929.2 0.941681
13611.6 11011.9 0.941681
13699.9 11095 0.941681
13788.8 11178.7 0.941681
13878.2 11262.9 0.941681
13968.2 11347.7 0.941681
14058.9 11433.1 0.941681
14150.1 11518.9 0.941681
14241.9 11605.4 0.941681
14334.2 11692.4 0.941681
14427.2 11780 0.941681
14520.8 11868.1 0.941681
14615 11956.8 0.941681
14709.8 12046.1 0.941681
14805.3 12135.9 0.941681
14901.3 12226.4 0.941681
14998 12317.4 0.941681
15095.3 12409 0.941681
15193.2 12501.3 0.941681
15291.8 12594.1 0.941681
15391 12687.5 0.941681
15490.8 12781.5 0.941681
15591.3 12876.2 0.941681
15692.5 12971.4 0.941681
15794.3 13067.3 0.941681
15896.7 13163.8 0.941681
15999.9 13260.9 0.941681
16103.7 13358.6 0.941681
16208.1 13457 0.941681
16313.3 13556 0.941681
16419.1 13655.7 0.941681
16525.6 13756 0.941681
16632.8 13856.9 0.941681
16740.7 13958.5 0.941681
16849.3 14060.8 0.941681
16958.7 14163.7 0.941681
17068.7 14267.3 0.941681
17179.4 14371.6 0.941681
17290.8 14476.6 0.941681
17403 14582.2 0.941681
17515.9 14688.5 0.941681
17629.6 14795.5 0.941681
17743.9 14903.2 0.941681
17859 15011.6 0.941681
17974.9 15120.7 0.941681
18091.5 15230.5 0.941681
18208.9 15341 0.941681
18327 15452.3 0.941681
18445.9 15564.2 0.941681
18565.5 15676.9 0.941681
18686 15790.3 0.941681
18807.2 15904.5 0.941681
18929.2 16019.4 0.941681
19052 16135 0.941681
19175.6 16251.4 0.941681
19300 16368.6 0.941681
19425.2 16486.5 0.941681
19551.2 16605.1 0.941681
19678.1 16724.6 0.941681
19805.7 16844.8 0.941681
19934.2 16965.8 0.941681
20063.5 17087.6 0.941681
20193.7 17210.1 0.941681
20324.7 17333.5 0.941681
20456.6 17457.7 0.941681
20589.3 17582.6 0.941681
20722.8 17708.4 0.941681
20857.3 17835 0.941681
20992.6 17962.4 0.941681
21128.8 18090.7 0.941681
21265.8 18219.7 0.941681
21403.8 18349.6 0.941681
21542.7 18480.4 0.941681
21682.4 18612 0.941681
21823.1 18744.5 0.941681
21964.6 18877.8 0.941681
22107.1 19012 0.941681
22250.6 19147 0.941681
22394.9 19282.9 0.941681
22540.2 19419.8 0.941681
22686.4 19557.5 0.941681
22833.6 19696 0.941681
22981.7 19835.5 0.941681
23130.8 19975.9 0.941681
23280.9 20117.2 0.941681
23431.9 20259.5 0.941681
23583.9 20402.6 0.941681
23736.9 20546.7 0.941681
23890.9 20691.7 0.941681
24045.9 20837.6 0.941681
24201.9 20984.5 0.941681
24358.9 21132.4 0.941681
24516.9 21281.2 0.941681
24676 21431 0.941681
24836 21581.7 0.941681
24997.2 21733.4 0.941681
25159.3 21886.2 0.941681
25322.5 22039.9 0.941681
25486.8 22194.5 0.941681
25652.2 22350.2 0.941681
25818.6 22507 0.941681
25986.1 22664.7 0.941681
26154.7 22823.4 0.941681
26324.3 22983.2 0.941681
26495.1 23144 0.941681
26667 23305.9 0.941681
26840 23468.8 0.941681
27014.1 23632.8 0.941681
27189.4 23797.8 0.941681
27365.7 23963.9 0.941681
27543.3 24131.1 0.941681
27722 24299.3 0.941681
27901.8 24468.7 0.941681
28082.8 24639.1 0.941681
28265 24810.7 0.941681
28448.4 24983.4 0.941681
28632.9 25157.2 0.941681
28818.7 25332.1 0.941681
29005.6 25508.1 0.941681
29193.8 25685.3 0.941681
29383.2 25863.7 0.941681
29573.8 26043.2 0.941681
29765.7 26223.8 0.941681
29958.8 26405.7 0.941681
30153.1 26588.7 0.941681
30348.7 26772.9 0.941681
30545.6 26958.3 0.941681
30743.8 27144.9 0.941681
30943.2 27332.7 0.941681
31143.9 27521.8 0.941681
31346 27712 0.941681
31549.3 27903.5 0.941681
31754 28096.2 0.941681
31960 28290.2 0.941681
32167.3 28485.5 0.941681
32376 28682 0.941681
32586.1 28879.8 0.941681
32797.5 29078.8 0.941681
33010.2 29279.2 0.941681
33224.4 29480.9 0.941681
33439.9 29683.8 0.941681
33656.9 29888.1 0.941681
33875.2 30093.7 0.941681
34095 30300.7 0.941681
34316.1 30509 0.941681
34538.8 30718.6 0.941681
34762.8 30929.6 0.941681
34988.3 31142 0.941681
35215.3 31355.7 0.941681
35443.8 31570.8 0.941681
35673.7 31787.4 0.941681
35905.1 32005.3 0.941681
36138.1 32224.6 0.941681
36372.5 32445.4 0.941681
36608.5 32667.6 0.941681
36846 32891.2 0.941681
37085 33116.3 0.941681
37325.6 33342.9 0.941681
37567.7 33570.9 0.941681
37811.4 33800.4 0.941681
38056.7 34031.4 0.941681
38303.6 34263.9 0.941681
38552.1 34497.9 0.941681
38802.2 34733.4 0.941681
39053.9 34970.4 0.941681
39307.3 35209 0.941681
39562.3 35449.2 0.941681
39819 35690.8 0.941681
40077.3 35934.1 0.941681
40337.3 36178.9 0.941681
40599 36425.4 0.941681
40862.3 36673.4 0.941681
41127.4 36923 0.941681
41394.2 37174.3 0.941681
41662.8 37427.1 0.941681
41933.1 37681.6 0.941681
42205.1 37937.8 0.941681
42478.9 38195.7 0.941681
42754.5 38455.2 0.941681
43031.8 38716.3 0.941681
43311 38979.2 0.941681
43592 39243.8 0.941681
43874.8 39510.1 0.941681
44159.4 39778.1 0.941681
44445.9 40047.9 0.941681
44734.2 40319.4 0.941681
45024.4 40592.7 0.941681
45316.5 40867.8 0.941681
45610.5 41144.6 0.941681
45906.4 41423.2 0.941681
46204.2 41703.7 0.941681
46503.9 41986 0.941681
46805.6 42270 0.941681
47109.3 42556 0.941681
47414.9 42843.8 0.941681
47722.5 43133.4 0.941681
48032.1 43425 0.941681
48343.7 43718.4 0.941681
48657.3 44013.7 0.941681
48972.9 44311 0.941681
49290.7 44610.2 0.941681
49610.4 44911.3 0.941681
49932.3 45214.3 0.941681
50256.2 45519.4 0.941681
50582.2 45826.4 0.941681
50910.4 46135.4 0.941681
51240.6 46446.4 0.941681
51573.1 46759.4 0.941681
51907.6 47074.5 0.941681
52244.4 47391.6 0.941681
52583.3 47710.8 0.941681
52924.4 48032 0.941681
53267.8 48355.3 0.941681
53613.3 48680.7 0.941681
53961.1 49008.3 0.941681
54311.2 49337.9 0.941681
54663.5 49669.7 0.941681
55018.2 50003.6 0.941681
55375.1 50339.7 0.941681
55734.3 50678 0.941681
56095.9 51018.5 0.941681
