5.78741e-09 5.95396e-15 4.29514e-06
5.8738e-08 3.33166e-13 8.58285e-06
5.86595e-07 1.45059e-11 3.56977e-05
4.6076e-06 3.38009e-10 8.97843e-05
5.86875e-06 4.61297e-10 0.000114002
2.3369e-05 3.31505e-09 0.000192532
7.39119e-05 1.62978e-08 0.000292274
0.000147358 4.17301e-08 0.000330144
0.000152693 4.34471e-08 0.000292479
0.000165528 4.67976e-08 0.000304172
0.000294481 1.01986e-07 0.000463041
0.000466785 1.89679e-07 0.00054542
0.000739961 3.52227e-07 0.00041641
0.000792747 3.70702e-07 0.000446592
0.000859333 4.13069e-07 0.00055442
0.000931697 4.48502e-07 0.00055104
0.00117285 6.10601e-07 0.000697128
0.00147667 8.31244e-07 0.000750516
0.0017323 1.02935e-06 0.000535855
0.00185963 1.08409e-06 0.000525282
0.00294795 2.00733e-06 0.000908255
0.00467391 3.71532e-06 0.00105104
0.00633042 5.56999e-06 0.00091467
0.0070765 6.16755e-06 0.00093479
0.00933155 8.92099e-06 0.00127133
0.0117504 1.21316e-05 0.00137956
0.0154948 1.7543e-05 0.00122736
0.0177925 2.00421e-05 0.00125466
0.0234638 2.89812e-05 0.00164107
0.0295474 3.94039e-05 0.00177172
0.0354913 5.03041e-05 0.00128079
0.0389653 5.38549e-05 0.00125817
0.0549487 8.51279e-05 0.00191362
0.0590129 9.27925e-05 0.00199187
0.0713035 0.000119369 0.00114686
0.0787306 0.000125461 0.00110854
0.10265 0.000178607 0.00176378
0.112568 0.000193736 0.00180901
0.132297 0.000240204 0.00240921
0.146764 0.000275794 0.00181491
0.15911 0.000293738 0.00177613
0.191354 0.000375514 0.00260957
0.227502 0.000472769 0.000973271
0.245257 0.000484229 0.000805937
0.256566 0.000495831 0.00103354
0.268397 0.000508152 0.00104919
0.280773 0.000521236 0.00106507
0.293719 0.00053513 0.0010812
0.307263 0.000549885 0.00109757
0.321432 0.000565555 0.00111419
0.336253 0.000582195 0.00113106
0.351758 0.000599866 0.00114818
0.367978 0.000618631 0.00116556
0.384946 0.000638559 0.00118321
0.402697 0.000659722 0.00120112
0.421266 0.000682195 0.00121931
0.440691 0.000706061 0.00123777
0.461012 0.000731406 0.00125651
0.48227 0.00075832 0.00127553
0.504508 0.000786902 0.00129484
0.527771 0.000817254 0.00131445
0.552107 0.000849487 0.00133435
0.577566 0.000883717 0.00135455
0.604198 0.000920067 0.00137506
0.632059 0.000958668 0.00139588
0.661204 0.000999662 0.00141701
0.691693 0.00104319 0.00143847
0.723588 0.00108942 0.00146024
0.756953 0.00113852 0.00148235
0.791857 0.00119065 0.00150479
0.828371 0.00124602 0.00152758
0.866568 0.00130481 0.00155071
0.906527 0.00136725 0.00157418
0.948328 0.00143355 0.00159802
0.992057 0.00150396 0.00162221
1.0378 0.00157874 0.00164677
1.08566 0.00165815 0.0016717
1.13572 0.00174247 0.00169701
1.18809 0.00183202 0.00172271
1.24287 0.00192712 0.00174879
1.30018 0.00202811 0.00177526
1.36014 0.00213535 0.00180214
1.42285 0.00224924 0.00182943
1.48846 0.00237018 0.00185712
1.5571 0.00249862 0.00188524
1.6289 0.00263501 0.00191378
1.70401 0.00277985 0.00194276
1.78258 0.00293367 0.00197217
1.86478 0.00309701 0.00200203
1.95077 0.00327047 0.00203234
2.04072 0.00345468 0.00206311
2.13482 0.0036503 0.00209435
2.23326 0.00385804 0.00212606
2.33624 0.00407865 0.00215824
2.44396 0.00431292 0.00219092
2.55666 0.00456171 0.00222409
2.67455 0.00482591 0.00225776
2.79788 0.00510648 0.00229195
2.92689 0.00540443 0.00232665
3.06185 0.00572083 0.00236187
3.20304 0.00605684 0.00239763
3.35074 0.00641366 0.00243393
3.50524 0.00679259 0.00247078
3.66688 0.00719499 0.00250819
3.83596 0.00762232 0.00254616
4.01284 0.00807613 0.00258471
4.19788 0.00855804 0.00262385
4.39145 0.00906982 0.00266357
4.59395 0.00961329 0.0027039
4.80578 0.0101904 0.00274483
5.02738 0.0108033 0.00278639
5.2592 0.0114542 0.00282858
5.50171 0.0121454 0.0028714
5.7554 0.0128794 0.00291488
6.02079 0.0136589 0.00295901
6.29841 0.0144866 0.00300381
6.58884 0.0153657 0.00304928
6.89266 0.0162992 0.00309545
7.21049 0.0172905 0.00314232
7.54298 0.0183433 0.00318989
7.8908 0.0194612 0.00323819
8.25465 0.0206484 0.00328721
8.63529 0.0219092 0.00333698
9.03347 0.0232481 0.0033875
9.45002 0.0246699 0.00343879
9.88577 0.0261798 0.00349085
10.3416 0.0277832 0.00354371
10.8185 0.029486 0.00359736
11.3173 0.0312942 0.00365182
11.8392 0.0332145 0.00370711
12.3851 0.0352537 0.00376324
12.9562 0.0374193 0.00382021
13.5536 0.039719 0.00387805
14.1786 0.0421611 0.00393677
14.8324 0.0447546 0.00399637
15.5164 0.0475087 0.00405687
16.2318 0.0504335 0.00411829
16.9803 0.0535394 0.00418065
17.7633 0.0568378 0.00424394
18.5824 0.0603405 0.0043082
19.4392 0.0640601 0.00437342
20.3356 0.0680102 0.00443964
21.2733 0.072205 0.00450685
22.2543 0.0766597 0.00457509
23.2804 0.0813904 0.00464435
24.3539 0.0864141 0.00471467
25.4769 0.091749 0.00478605
26.6517 0.0974144 0.00485851
27.8806 0.103431 0.00493207
29.1662 0.10982 0.00500674
30.5111 0.116605 0.00508254
31.9181 0.12381 0.00515949
33.3898 0.131462 0.00523761
34.9295 0.139587 0.00531691
36.5401 0.148216 0.0053974
38.225 0.15738 0.00547912
39.9877 0.167111 0.00556208
41.8315 0.177445 0.00564629
43.7605 0.188419 0.00573177
45.7783 0.200073 0.00581855
47.8892 0.212449 0.00590664
50.0974 0.225592 0.00599607
52.4075 0.239549 0.00608685
54.8241 0.254371 0.00617901
57.3521 0.27011 0.00627256
59.9967 0.286825 0.00636752
62.7632 0.304575 0.00646393
65.6573 0.323425 0.00656179
68.6849 0.343443 0.00666114
71.852 0.364701 0.00676199
75.1652 0.387275 0.00686552
75.1652 0.387275 0.00686451
75.6528 0.390769 0.00746452
76.1436 0.394581 0.00806791
76.6376 0.398716 0.00867469
77.1348 0.40318 0.00928486
77.6352 0.40798 0.00989845
78.1388 0.413121 0.0105155
78.6457 0.418608 0.0111359
79.1559 0.424449 0.0117599
79.6694 0.430649 0.0123872
80.1863 0.437214 0.0130181
80.7065 0.444151 0.0136525
81.23 0.451466 0.0142904
81.757 0.459166 0.0149318
82.2874 0.467257 0.0155768
82.8212 0.475745 0.0162253
83.3585 0.484638 0.0168773
83.8993 0.493942 0.017533
84.4436 0.503664 0.0181922
84.9914 0.513812 0.0188551
85.5428 0.524392 0.0195215
86.0977 0.535411 0.0201916
86.6563 0.546877 0.0208654
87.2184 0.558797 0.0215428
87.7842 0.571179 0.0222238
88.3537 0.58403 0.0229086
88.9269 0.597359 0.023597
89.5038 0.611171 0.0242892
90.0845 0.625477 0.0249851
90.6689 0.640283 0.0256847
91.2571 0.655597 0.026388
91.8491 0.671429 0.0270951
92.4449 0.687785 0.027806
93.0447 0.704676 0.0285207
93.6483 0.722108 0.0292391
94.2558 0.740091 0.0299614
94.8673 0.758633 0.0306875
95.4827 0.777744 0.0314174
96.1021 0.797432 0.0321511
96.7256 0.817707 0.0328887
97.3531 0.838577 0.0336301
97.9847 0.860052 0.0343754
98.6203 0.882141 0.0351246
99.2601 0.904854 0.0358777
99.904 0.928201 0.0366347
100.552 0.952191 0.0373956
101.204 0.976834 0.0381604
101.861 1.00214 0.0389292
102.522 1.02812 0.0397019
103.187 1.05478 0.0404785
103.856 1.08214 0.0412591
104.53 1.11021 0.0420437
105.208 1.13898 0.0428323
105.891 1.16849 0.0436248
106.578 1.19873 0.0444213
107.269 1.22972 0.0452218
107.965 1.26147 0.0460264
108.665 1.29399 0.0468349
109.37 1.32729 0.0476475
110.08 1.36139 0.0484641
110.794 1.39629 0.0492848
111.513 1.43201 0.0501094
112.236 1.46856 0.0509382
112.964 1.50595 0.051771
113.697 1.5442 0.0526078
114.435 1.58331 0.0534488
115.177 1.62331 0.0542937
115.924 1.66419 0.0551428
116.676 1.70598 0.055996
117.433 1.74869 0.0568532
118.195 1.79233 0.0577145
118.962 1.83692 0.05858
119.734 1.88246 0.0594495
120.51 1.92898 0.0603231
121.292 1.97648 0.0612008
122.079 2.02499 0.0620826
122.871 2.0745 0.0629685
123.668 2.12505 0.0638586
124.47 2.17664 0.0647527
125.278 2.22929 0.0656509
126.091 2.28301 0.0665533
126.909 2.33783 0.0674597
127.732 2.39374 0.0683703
128.561 2.45077 0.0692849
129.395 2.50894 0.0702037
130.234 2.56826 0.0711265
131.079 2.62874 0.0720535
131.929 2.69041 0.0729845
132.785 2.75328 0.0739197
133.646 2.81736 0.0748589
134.513 2.88267 0.0758022
135.386 2.94923 0.0767496
136.264 3.01706 0.077701
137.148 3.08617 0.0786565
138.038 3.15658 0.0796161
138.934 3.22831 0.0805797
139.835 3.30137 0.0815474
140.742 3.37579 0.082519
141.655 3.45158 0.0834947
142.574 3.52875 0.0844744
143.499 3.60734 0.0854582
144.43 3.68736 0.0864459
145.367 3.76882 0.0874375
146.31 3.85175 0.0884332
147.259 3.93616 0.0894328
148.215 4.02207 0.0904363
149.176 4.10952 0.0914437
150.144 4.1985 0.0924551
151.118 4.28905 0.0934703
152.098 4.38118 0.0944894
153.085 4.47492 0.0955124
154.078 4.57029 0.0965392
155.078 4.6673 0.0975698
156.084 4.76598 0.0986042
157.096 4.86635 0.0996424
158.115 4.96843 0.100684
159.141 5.07224 0.10173
160.173 5.17781 0.102779
161.213 5.28515 0.103832
162.258 5.3943 0.104889
163.311 5.50527 0.105949
164.37 5.61808 0.107013
165.437 5.73276 0.108081
166.51 5.84933 0.109152
167.59 5.96782 0.110226
168.678 6.08824 0.111304
169.772 6.21063 0.112386
170.873 6.33501 0.113471
171.982 6.4614 0.114559
173.097 6.58982 0.11565
174.22 6.7203 0.116745
175.351 6.85287 0.117843
176.488 6.98755 0.118945
177.633 7.12437 0.120049
178.785 7.26335 0.121157
179.945 7.40452 0.122268
181.113 7.5479 0.123381
182.288 7.69352 0.124498
183.47 7.84141 0.125618
184.66 7.99159 0.12674
185.858 8.14409 0.127866
187.064 8.29895 0.128994
188.278 8.45617 0.130125
189.499 8.6158 0.131259
190.728 8.77786 0.132395
191.966 8.94238 0.133534
193.211 9.10939 0.134676
194.464 9.27892 0.135819
195.726 9.45098 0.136966
196.996 9.62562 0.138114
198.274 9.80287 0.139265
199.56 9.98274 0.140418
200.855 10.1653 0.141573
202.158 10.3505 0.142731
203.469 10.5384 0.14389
204.789 10.7291 0.145051
206.118 10.9226 0.146214
207.455 11.1189 0.147378
208.801 11.318 0.148545
210.155 11.5201 0.149713
211.519 11.725 0.150882
212.891 11.9328 0.152053
214.272 12.1436 0.153225
215.662 12.3574 0.154398
217.061 12.5743 0.155573
218.469 12.7942 0.156748
219.886 13.0171 0.157925
221.313 13.2433 0.159102
222.749 13.4725 0.16028
224.194 13.705 0.161459
225.648 13.9407 0.162638
227.112 14.1796 0.163818
228.585 14.4219 0.164998
230.068 14.6674 0.166178
231.561 14.9163 0.167358
233.063 15.1686 0.168538
234.575 15.4243 0.169718
236.097 15.6835 0.170898
237.628 15.9462 0.172077
239.17 16.2123 0.173256
240.722 16.4821 0.174434
242.283 16.7554 0.175612
243.855 17.0323 0.176788
245.437 17.3129 0.177963
247.029 17.5972 0.179137
248.632 17.8853 0.18031
250.245 18.177 0.181481
251.868 18.4726 0.182651
253.502 18.772 0.183818
255.147 19.0753 0.184984
256.802 19.3824 0.186147
258.468 19.6935 0.187308
260.145 20.0085 0.188467
261.832 20.3276 0.189623
263.531 20.6507 0.190776
265.24 20.9778 0.191926
266.961 21.309 0.193073
268.693 21.6444 0.194216
270.436 21.9839 0.195356
272.191 22.3277 0.196492
273.956 22.6756 0.197625
275.734 23.0279 0.198752
277.522 23.3844 0.199876
279.323 23.7453 0.200995
281.135 24.1105 0.202109
282.959 24.4801 0.203219
284.794 24.8542 0.204323
286.642 25.2327 0.205421
288.501 25.6157 0.206514
290.373 26.0032 0.207601
292.257 26.3953 0.208682
294.153 26.792 0.209756
296.061 27.1933 0.210824
297.982 27.5992 0.211884
299.915 28.0098 0.212938
301.86 28.4251 0.213984
303.819 28.8452 0.215023
305.79 29.27 0.216054
307.773 29.6996 0.217076
309.77 30.1341 0.21809
311.78 30.5733 0.219096
313.802 31.0175 0.220092
315.838 31.4665 0.221079
317.887 31.9205 0.222056
319.949 32.3795 0.223023
322.025 32.8434 0.22398
324.114 33.3123 0.224927
326.217 33.7862 0.225862
328.333 34.2652 0.226787
330.463 34.7492 0.2277
332.607 35.2383 0.228601
334.764 35.7325 0.22949
336.936 36.2319 0.230366
339.122 36.7364 0.23123
341.322 37.246 0.23208
343.536 37.7608 0.232917
345.765 38.2808 0.23374
348.008 38.806 0.234548
350.266 39.3365 0.235342
352.538 39.8721 0.236121
354.825 40.413 0.236884
357.127 40.9591 0.237632
359.444 41.5105 0.238363
361.776 42.0672 0.239078
364.123 42.6291 0.239776
366.485 43.1963 0.240456
368.862 43.7688 0.241118
371.255 44.3465 0.241762
373.664 44.9296 0.242387
376.088 45.5179 0.242994
378.528 46.1114 0.24358
380.983 46.7103 0.244147
383.455 47.3144 0.244693
385.942 47.9237 0.245218
388.446 48.5383 0.245721
390.966 49.1582 0.246203
393.502 49.7832 0.246662
396.055 50.4134 0.247098
398.625 51.0488 0.247512
401.211 51.6894 0.247901
403.813 52.3351 0.248266
406.433 52.9859 0.248606
409.07 53.6418 0.24892
411.724 54.3028 0.249209
414.395 54.9688 0.249471
417.083 55.6398 0.249707
419.789 56.3157 0.249915
422.512 56.9965 0.250094
425.253 57.6823 0.250246
428.012 58.3728 0.250368
430.788 59.0681 0.25046
433.583 59.7681 0.250522
436.396 60.4729 0.250554
439.227 61.1822 0.250554
442.076 61.8961 0.250522
444.944 62.6145 0.250457
447.831 63.3373 0.250359
450.736 64.0644 0.250228
453.66 64.7959 0.250062
456.603 65.5315 0.249861
459.565 66.2713 0.249625
462.547 67.0151 0.249352
465.547 67.7629 0.249043
468.567 68.5145 0.248696
471.607 69.2699 0.248311
474.667 70.029 0.247887
477.746 70.7916 0.247424
480.845 71.5576 0.246921
483.965 72.327 0.246378
487.104 73.0997 0.245793
490.264 73.8754 0.245166
493.445 74.6541 0.244497
496.646 75.4356 0.243784
499.868 76.2198 0.243028
503.111 77.0066 0.242227
506.375 77.7958 0.24138
509.66 78.5873 0.240488
512.966 79.3809 0.23955
516.294 80.1764 0.238564
519.643 80.9737 0.23753
523.014 81.7727 0.236448
526.407 82.573 0.235316
529.822 83.3746 0.234134
533.26 84.1772 0.232902
536.719 84.9807 0.231619
540.201 85.7849 0.230284
543.705 86.5895 0.228896
547.233 87.3943 0.227455
550.783 88.1991 0.22596
554.356 89.0037 0.224411
557.952 89.8079 0.222806
561.572 90.6114 0.221146
565.215 91.4139 0.219429
568.882 92.2152 0.217655
572.572 93.0151 0.215823
576.287 93.8133 0.213933
580.025 94.6094 0.211983
583.788 95.4033 0.209974
587.575 96.1946 0.207905
591.387 96.9831 0.205775
595.224 97.7683 0.203584
599.085 98.5501 0.20133
602.971 99.3281 0.199014
606.883 100.102 0.196635
610.82 100.871 0.194192
614.783 101.636 0.191684
618.771 102.395 0.189112
622.785 103.149 0.186475
626.826 103.897 0.183772
630.892 104.639 0.181003
634.985 105.374 0.178167
639.104 106.102 0.175264
643.25 106.822 0.172293
647.423 107.535 0.169255
651.623 108.239 0.166148
655.851 108.935 0.162972
660.105 109.621 0.159728
664.388 110.298 0.156414
668.698 110.965 0.15303
673.036 111.621 0.149577
677.402 112.267 0.146053
681.797 112.901 0.142459
686.22 113.523 0.138795
690.671 114.132 0.13506
695.152 114.729 0.131254
699.662 115.312 0.127378
704.201 115.881 0.12343
708.769 116.436 0.119412
713.367 116.976 0.115323
717.995 117.5 0.111163
722.653 118.008 0.106932
727.341 118.499 0.102631
732.06 118.973 0.0982599
736.809 119.429 0.0938186
741.589 119.867 0.0893075
746.4 120.285 0.084727
751.242 120.684 0.0800775
756.115 121.063 0.0753595
761.021 121.421 0.0705735
765.958 121.757 0.0657199
770.927 122.072 0.0607995
775.928 122.363 0.0558129
780.962 122.632 0.0507609
786.028 122.876 0.0456442
791.127 123.095 0.0404637
796.26 123.289 0.0352204
801.425 123.458 0.0299153
806.624 123.599 0.0245494
811.857 123.714 0.0191239
817.124 123.8 0.01364
822.425 123.857 0.00809913
827.76 123.886 0.00250255
833.13 123.892 0
838.535 123.892 0
843.975 123.892 0
849.45 123.892 0
854.961 123.892 0
860.507 123.892 0
866.09 123.892 0
871.708 123.892 0
877.363 123.892 0
883.055 123.892 0
888.784 123.892 0
894.55 123.892 0
900.353 123.892 0
906.194 123.892 0
912.073 123.892 0
917.99 123.892 0
923.945 123.892 0
929.939 123.892 0
935.972 123.892 0
942.044 123.892 0
948.155 123.892 0
954.306 123.892 0
960.497 123.892 0
966.728 123.892 0
973 123.892 0
979.312 123.892 0
985.665 123.892 0
992.059 123.892 0
998.495 123.892 0
1004.97 123.892 0
1011.49 123.892 0
1018.05 123.892 0
1024.66 123.892 0
1031.31 123.892 0
1038 123.892 0
1044.73 123.892 0
1051.51 123.892 0
1058.33 123.892 0
1065.2 123.892 0
1072.11 123.892 0
1079.06 123.892 0
1086.06 123.892 0
1093.11 123.892 0
1100.2 123.892 0
1107.34 123.892 0
1114.52 123.892 0
1121.75 123.892 0
1129.03 123.892 0
1136.35 123.892 0
1143.72 123.892 0
1151.14 123.892 0
1158.61 123.892 0
1166.13 123.892 0
1173.69 123.892 0
1181.31 123.892 0
1188.97 123.892 0
1196.68 123.892 0
1204.45 123.892 0
1212.26 123.892 0
1220.12 123.892 0
1228.04 123.892 0
1236.01 123.892 0
1244.02 123.892 0
1252.09 123.892 0
1260.22 123.892 0
1268.39 123.892 0
1276.62 123.892 0
1284.9 123.892 0
1293.24 123.892 0
1301.63 123.892 0
1310.07 123.892 0
1318.57 123.892 0
1327.13 123.892 0
1335.74 123.892 0
1344.4 123.892 0
1353.12 123.892 0
1361.9 123.892 0
1370.74 123.892 0
1379.63 123.892 0
1388.58 123.892 0
1397.59 123.892 0
1406.65 123.892 0
1415.78 123.892 0
1424.96 123.892 0
1434.21 123.892 0
1443.51 123.892 0
1452.88 123.892 0
1462.3 123.892 0
1471.79 123.892 0
1481.34 123.892 0
1490.95 123.892 0
1500.62 123.892 0
1510.35 123.892 0
1520.15 123.892 0
1530.01 123.892 0
1539.94 123.892 0
1549.93 123.892 0
1559.98 123.892 0
1570.1 123.892 0
1580.29 123.892 0
1590.54 123.892 0
1600.86 123.892 0
1611.25 123.892 0
1621.7 123.892 0
1632.22 123.892 0
1642.81 123.95 0.0108805
1653.47 124.156 0.0278245
1664.19 124.547 0.0450607
1674.99 125.128 0.0625688
1685.85 125.905 0.0803269
1696.79 126.881 0.0983129
1707.8 128.064 0.116503
1718.88 129.456 0.134875
1730.03 131.064 0.153402
1741.25 132.89 0.172061
1752.55 134.94 0.190826
1763.92 137.216 0.209671
1775.36 139.724 0.22857
1786.88 142.465 0.247498
1798.47 145.444 0.266428
1810.14 148.663 0.285335
1821.88 152.124 0.304192
1833.7 155.831 0.322975
1845.6 159.784 0.341659
1857.57 163.986 0.36022
1869.62 168.437 0.378633
1881.75 173.14 0.396877
1893.96 178.096 0.414929
1906.24 183.303 0.432768
1918.61 188.764 0.450374
1931.06 194.478 0.467728
1943.58 200.444 0.484812
1956.19 206.663 0.50161
1968.88 213.133 0.518105
1981.66 219.854 0.534284
1994.51 226.825 0.550133
2007.45 234.043 0.565642
2020.47 241.508 0.580799
2033.58 249.218 0.595595
2046.77 257.171 0.610023
2060.05 265.364 0.624075
2073.42 273.796 0.637747
2086.87 282.463 0.651034
2100.41 291.364 0.663933
2114.03 300.496 0.676443
2127.75 309.857 0.688562
2141.55 319.442 0.700291
2155.44 329.25 0.711631
2169.43 339.277 0.722584
2183.5 349.521 0.733153
2197.66 359.979 0.743341
2211.92 370.646 0.753154
2226.27 381.522 0.762596
2240.71 392.601 0.771673
2255.25 403.882 0.780392
2269.88 415.36 0.788759
2284.61 427.034 0.796782
2299.43 438.901 0.804469
2314.34 450.956 0.811827
2329.36 463.197 0.818864
2344.47 475.622 0.82559
2359.68 488.228 0.832013
2374.99 501.011 0.838143
2390.39 513.97 0.843987
2405.9 527.101 0.849555
2421.51 540.402 0.854857
2437.22 553.871 0.8599
2453.03 567.505 0.864696
2468.94 581.302 0.869251
2484.96 595.259 0.873577
2501.08 609.375 0.87768
2517.31 623.647 0.88157
2533.64 638.074 0.885256
2550.07 652.653 0.888746
2566.62 667.383 0.892048
2583.27 682.262 0.895171
2600.03 697.289 0.898121
2616.89 712.461 0.900908
2633.87 727.778 0.903537
2650.96 743.238 0.906018
2668.15 758.839 0.908355
2685.46 774.581 0.910558
2702.89 790.463 0.912631
2720.42 806.482 0.914581
2738.07 822.639 0.916415
2755.83 838.933 0.918139
2773.71 855.362 0.919757
2791.7 871.926 0.921276
2809.81 888.624 0.922701
2828.04 905.455 0.924036
2846.39 922.419 0.925288
2864.85 939.516 0.926459
2883.44 956.745 0.927555
2902.15 974.105 0.92858
2920.97 991.597 0.929539
2939.92 1009.22 0.930433
2958.99 1026.97 0.931269
2978.19 1044.86 0.932048
2997.51 1062.87 0.932775
3016.96 1081.02 0.933452
3036.53 1099.29 0.934083
3056.23 1117.7 0.93467
3076.05 1136.24 0.935216
3096.01 1154.9 0.935723
3116.1 1173.7 0.936195
3136.31 1192.63 0.936633
3156.66 1211.69 0.937039
3177.14 1230.89 0.937416
3197.75 1250.21 0.937765
3218.49 1269.67 0.938089
3239.37 1289.26 0.938388
3260.39 1308.98 0.938665
3281.54 1328.84 0.938921
3302.83 1348.83 0.939158
3324.25 1368.95 0.939377
3345.82 1389.21 0.939579
3367.52 1409.61 0.939765
3389.37 1430.14 0.939936
3411.36 1450.81 0.940094
3433.49 1471.62 0.94024
3455.76 1492.56 0.940374
3478.18 1513.65 0.940497
3500.75 1534.87 0.94061
3523.46 1556.23 0.940714
3546.31 1577.74 0.94081
3569.32 1599.38 0.940897
3592.48 1621.17 0.940977
3615.78 1643.1 0.941051
3639.24 1665.18 0.941118
3662.85 1687.39 0.94118
3686.61 1709.76 0.941236
3710.53 1732.27 0.941287
3734.6 1754.93 0.941334
3758.82 1777.74 0.941377
3783.21 1800.69 0.941416
3807.75 1823.8 0.941452
3832.45 1847.06 0.941485
3857.32 1870.46 0.941514
3882.34 1894.02 0.941541
3907.53 1917.74 0.941566
3932.88 1941.61 0.941588
3958.39 1965.63 0.941608
3984.07 1989.81 0.941626
4009.92 2014.15 0.941643
4035.93 2038.64 0.941658
4062.11 2063.3 0.941671
4088.47 2088.11 0.941684
4114.99 2113.09 0.941695
4141.68 2138.23 0.941705
4168.55 2163.53 0.941714
4195.6 2189 0.941722
4222.81 2214.63 0.94173
4250.21 2240.43 0.941736
4277.78 2266.4 0.941742
4305.53 2292.53 0.941748
4333.46 2318.84 0.941752
4361.58 2345.31 0.941757
4389.87 2371.96 0.941761
4418.35 2398.78 0.941764
4447.01 2425.77 0.941767
4475.86 2452.94 0.94177
4504.9 2480.29 0.941773
4534.12 2507.81 0.941775
4563.54 2535.51 0.941777
4593.14 2563.39 0.941779
4622.94 2591.46 0.94178
4652.93 2619.7 0.941782
4683.12 2648.13 0.941783
4713.5 2676.74 0.941784
4744.08 2705.54 0.941785
4774.85 2734.52 0.941786
4805.83 2763.7 0.941787
4837.01 2793.06 0.941788
4868.39 2822.61 0.941788
4899.97 2852.36 0.941789
4931.76 2882.29 0.941789
4963.75 2912.43 0.94179
4995.95 2942.75 0.94179
5028.36 2973.28 0.94179
5060.98 3004 0.941791
5093.82 3034.92 0.941791
5126.86 3066.04 0.941791
5160.12 3097.37 0.941791
5193.6 3128.89 0.941792
5227.29 3160.62 0.941792
5261.2 3192.56 0.941792
5295.33 3224.71 0.941792
5329.68 3257.06 0.941792
5364.26 3289.62 0.941792
5399.06 3322.4 0.941792
5434.09 3355.38 0.941792
5469.34 3388.58 0.941792
5504.82 3422 0.941793
5540.53 3455.63 0.941793
5576.48 3489.48 0.941793
5612.65 3523.56 0.941793
5649.06 3557.85 0.941793
5685.71 3592.36 0.941793
5722.6 3627.1 0.941793
5759.72 3662.06 0.941793
5797.09 3697.25 0.941793
5834.69 3732.67 0.941793
5872.55 3768.32 0.941793
5910.64 3804.2 0.941793
5948.99 3840.31 0.941793
5987.58 3876.66 0.941793
6026.42 3913.24 0.941793
6065.52 3950.06 0.941793
6104.87 3987.12 0.941793
6144.47 4024.42 0.941793
6184.33 4061.96 0.941793
6224.45 4099.75 0.941793
6264.83 4137.78 0.941793
6305.48 4176.05 0.941793
6346.38 4214.58 0.941793
6387.55 4253.35 0.941793
6428.99 4292.38 0.941793
6470.7 4331.66 0.941793
6512.68 4371.19 0.941793
6554.93 4410.98 0.941793
6597.45 4451.03 0.941793
6640.25 4491.34 0.941793
6683.33 4531.91 0.941793
6726.69 4572.74 0.941793
6770.32 4613.84 0.941793
6814.25 4655.21 0.941793
6858.45 4696.84 0.941793
6902.95 4738.74 0.941793
6947.73 4780.92 0.941793
6992.8 4823.37 0.941793
7038.16 4866.09 0.941793
7083.82 4909.09 0.941793
7129.78 4952.37 0.941793
7176.03 4995.94 0.941793
7222.59 5039.78 0.941793
7269.44 5083.91 0.941793
7316.6 5128.32 0.941793
7364.07 5173.02 0.941793
7411.84 5218.02 0.941793
7459.92 5263.3 0.941793
7508.32 5308.88 0.941793
7557.03 5354.75 0.941793
7606.05 5400.93 0.941793
7655.39 5447.4 0.941793
7705.06 5494.17 0.941793
7755.04 5541.25 0.941793
7805.35 5588.63 0.941793
7855.99 5636.32 0.941793
7906.95 5684.31 0.941793
7958.25 5732.62 0.941793
8009.88 5781.25 0.941793
8061.84 5830.18 0.941793
8114.14 5879.44 0.941793
8166.78 5929.01 0.941793
8219.76 5978.91 0.941793
8273.08 6029.13 0.941793
8326.76 6079.68 0.941793
8380.77 6130.55 0.941793
8435.14 6181.76 0.941793
8489.86 6233.29 0.941793
8544.94 6285.17 0.941793
8600.38 6337.37 0.941793
8656.17 6389.92 0.941793
8712.32 6442.81 0.941793
8768.84 6496.04 0.941793
8825.73 6549.61 0.941793
8882.99 6603.53 0.941793
8940.61 6657.81 0.941793
8998.61 6712.43 0.941793
9056.99 6767.41 0.941793
9115.75 6822.75 0.941793
9174.89 6878.44 0.941793
9234.41 6934.5 0.941793
9294.31 6990.92 0.941793
9354.61 7047.7 0.941793
9415.29 7104.86 0.941793
9476.38 7162.38 0.941793
9537.85 7220.28 0.941793
9599.73 7278.56 0.941793
9662 7337.21 0.941793
9724.68 7396.24 0.941793
9787.77 7455.65 0.941793
9851.27 7515.46 0.941793
9915.18 7575.64 0.941793
9979.5 7636.22 0.941793
10044.2 7697.2 0.941793
10109.4 7758.56 0.941793
10175 7820.33 0.941793
10241 7882.5 0.941793
10307.4 7945.07 0.941793
10374.3 8008.04 0.941793
10441.6 8071.43 0.941793
10509.3 8135.22 0.941793
10577.5 8199.43 0.941793
10646.1 8264.06 0.941793
10715.2 8329.1 0.941793
10784.7 8394.57 0.941793
10854.7 8460.46 0.941793
10925.1 8526.78 0.941793
10996 8593.53 0.941793
11067.3 8660.71 0.941793
11139.1 8728.33 0.941793
11211.4 8796.39 0.941793
11284.1 8864.89 0.941793
11357.3 8933.83 0.941793
11431 9003.22 0.941793
11505.1 9073.06 0.941793
11579.8 9143.35 0.941793
11654.9 9214.1 0.941793
11730.5 9285.31 0.941793
11806.6 9356.98 0.941793
11883.2 9429.12 0.941793
11960.3 9501.72 0.941793
12037.9 9574.79 0.941793
12116 9648.34 0.941793
12194.6 9722.37 0.941793
12273.7 9796.87 0.941793
12353.3 9871.86 0.941793
12433.5 9947.34 0.941793
12514.1 10023.3 0.941793
12595.3 10099.8 0.941793
12677 10176.7 0.941793
12759.2 10254.2 0.941793
12842 10332.1 0.941793
12925.3 10410.6 0.941793
13009.2 10489.6 0.941793
13093.6 10569 0.941793
13178.5 10649 0.941793
13264 10729.6 0.941793
13350.1 10810.6 0.941793
13436.7 10892.2 0.941793
13523.8 10974.3 0.941793
13611.6 11056.9 0.941793
13699.9 11140 0.941793
13788.8 11223.7 0.941793
13878.2 11308 0.941793
13968.2 11392.8 0.941793
14058.9 11478.1 0.941793
14150.1 11564 0.941793
14241.9 11650.5 0.941793
14334.2 11737.5 0.941793
14427.2 11825.1 0.941793
14520.8 11913.2 0.941793
14615 12001.9 0.941793
14709.8 12091.2 0.941793
14805.3 12181.1 0.941793
14901.3 12271.6 0.941793
14998 12362.6 0.941793
15095.3 12454.2 0.941793
15193.2 12546.5 0.941793
15291.8 12639.3 0.941793
15391 12732.7 0.941793
15490.8 12826.8 0.941793
15591.3 12921.4 0.941793
15692.5 13016.7 0.941793
15794.3 13112.5 0.941793
15896.7 13209 0.941793
15999.9 13306.2 0.941793
16103.7 13403.9 0.941793
16208.1 13502.3 0.941793
16313.3 13601.3 0.941793
16419.1 13701 0.941793
16525.6 13801.3 0.941793
16632.8 13902.3 0.941793
16740.7 14003.9 0.941793
16849.3 14106.2 0.941793
16958.7 14209.1 0.941793
17068.7 14312.7 0.941793
17179.4 14417 0.941793
17290.8 14522 0.941793
17403 14627.6 0.941793
17515.9 14734 0.941793
17629.6 14841 0.941793
17743.9 14948.7 0.941793
17859 15057.1 0.941793
17974.9 15166.2 0.941793
18091.5 15276 0.941793
18208.9 15386.6 0.941793
18327 15497.8 0.941793
18445.9 15609.8 0.941793
18565.5 15722.5 0.941793
18686 15835.9 0.941793
18807.2 15950.1 0.941793
18929.2 16065 0.941793
19052 16180.7 0.941793
19175.6 16297.1 0.941793
19300 16414.2 0.941793
19425.2 16532.1 0.941793
19551.2 16650.8 0.941793
19678.1 16770.3 0.941793
19805.7 16890.5 0.941793
19934.2 17011.5 0.941793
20063.5 17133.3 0.941793
20193.7 17255.9 0.941793
20324.7 17379.3 0.941793
20456.6 17503.4 0.941793
20589.3 17628.4 0.941793
20722.8 17754.2 0.941793
20857.3 17880.8 0.941793
20992.6 18008.3 0.941793
21128.8 18136.5 0.941793
21265.8 18265.6 0.941793
21403.8 18395.5 0.941793
21542.7 18526.3 0.941793
21682.4 18657.9 0.941793
21823.1 18790.4 0.941793
21964.6 18923.7 0.941793
22107.1 19057.9 0.941793
22250.6 19193 0.941793
22394.9 19329 0.941793
22540.2 19465.8 0.941793
22686.4 19603.5 0.941793
22833.6 19742.1 0.941793
22981.7 19881.6 0.941793
23130.8 20022 0.941793
23280.9 20163.4 0.941793
23431.9 20305.6 0.941793
23583.9 20448.8 0.941793
23736.9 20592.8 0.941793
23890.9 20737.9 0.941793
24045.9 20883.8 0.941793
24201.9 21030.8 0.941793
24358.9 21178.6 0.941793
24516.9 21327.4 0.941793
24676 21477.2 0.941793
24836 21628 0.941793
24997.2 21779.7 0.941793
25159.3 21932.5 0.941793
25322.5 22086.2 0.941793
25486.8 22240.9 0.941793
25652.2 22396.6 0.941793
25818.6 22553.4 0.941793
25986.1 22711.1 0.941793
26154.7 22869.9 0.941793
26324.3 23029.7 0.941793
26495.1 23190.5 0.941793
26667 23352.4 0.941793
26840 23515.3 0.941793
27014.1 23679.3 0.941793
27189.4 23844.3 0.941793
27365.7 24010.5 0.941793
27543.3 24177.7 0.941793
27722 24345.9 0.941793
27901.8 24515.3 0.941793
28082.8 24685.8 0.941793
28265 24857.4 0.941793
28448.4 25030.1 0.941793
28632.9 25203.9 0.941793
28818.7 25378.8 0.941793
29005.6 25554.9 0.941793
29193.8 25732.1 0.941793
29383.2 25910.5 0.941793
29573.8 26090 0.941793
29765.7 26270.7 0.941793
29958.8 26452.5 0.941793
30153.1 26635.6 0.941793
30348.7 26819.8 0.941793
30545.6 27005.2 0.941793
30743.8 27191.9 0.941793
30943.2 27379.7 0.941793
31143.9 27568.7 0.941793
31346 27759 0.941793
31549.3 27950.5 0.941793
31754 28143.3 0.941793
31960 28337.3 0.941793
32167.3 28532.6 0.941793
32376 28729.1 0.941793
32586.1 28926.9 0.941793
32797.5 29126 0.941793
33010.2 29326.4 0.941793
33224.4 29528.1 0.941793
33439.9 29731.1 0.941793
33656.9 29935.4 0.941793
33875.2 30141 0.941793
34095 30348 0.941793
34316.1 30556.3 0.941793
34538.8 30766 0.941793
34762.8 30977 0.941793
34988.3 31189.4 0.941793
35215.3 31403.1 0.941793
35443.8 31618.3 0.941793
35673.7 31834.9 0.941793
35905.1 32052.8 0.941793
36138.1 32272.2 0.941793
36372.5 32493 0.941793
36608.5 32715.2 0.941793
36846 32938.9 0.941793
37085 33164 0.941793
37325.6 33390.6 0.941793
37567.7 33618.6 0.941793
37811.4 33848.2 0.941793
38056.7 34079.2 0.941793
38303.6 34311.7 0.941793
38552.1 34545.7 0.941793
38802.2 34781.3 0.941793
39053.9 35018.3 0.941793
39307.3 35256.9 0.941793
39562.3 35497.1 0.941793
39819 35738.8 0.941793
40077.3 35982.1 0.941793
40337.3 36227 0.941793
40599 36473.4 0.941793
40862.3 36721.5 0.941793
41127.4 36971.1 0.941793
41394.2 37222.4 0.941793
41662.8 37475.3 0.941793
41933.1 37729.9 0.941793
42205.1 37986.1 0.941793
42478.9 38243.9 0.941793
42754.5 38503.4 0.941793
43031.8 38764.7 0.941793
43311 39027.6 0.941793
43592 39292.2 0.941793
43874.8 39558.5 0.941793
44159.4 39826.6 0.941793
44445.9 40096.4 0.941793
44734.2 40368 0.941793
45024.4 40641.3 0.941793
45316.5 40916.4 0.941793
45610.5 41193.2 0.941793
45906.4 41471.9 0.941793
46204.2 41752.4 0.941793
46503.9 42034.7 0.941793
46805.6 42318.8 0.941793
47109.3 42604.8 0.941793
47414.9 42892.6 0.941793
47722.5 43182.3 0.941793
48032.1 43473.9 0.941793
48343.7 43767.3 0.941793
48657.3 44062.7 0.941793
48972.9 44360 0.941793
49290.7 44659.2 0.941793
49610.4 44960.3 0.941793
49932.3 45263.4 0.941793
50256.2 45568.5 0.941793
50582.2 45875.6 0.941793
50910.4 46184.6 0.941793
51240.6 46495.7 0.941793
51573.1 46808.7 0.941793
51907.6 47123.8 0.941793
52244.4 47441 0.941793
52583.3 47760.2 0.941793
52924.4 48081.4 0.941793
53267.8 48404.8 0.941793
53613.3 48730.2 0.941793
53961.1 49057.8 0.941793
54311.2 49387.5 0.941793
54663.5 49719.3 0.941793
55018.2 50053.3 0.941793
55375.1 50389.5 0.941793
55734.3 50727.8 0.941793
56095.9 51068.3 0.941793
